   3.8044583e+02  -1.4349817e+03
   3.8045833e+02  -1.4347753e+03
   3.8046667e+02  -1.4345942e+03
   3.8047917e+02  -1.4343217e+03
   3.8049167e+02  -1.4341168e+03
   3.8050417e+02  -1.4340318e+03
   3.8051250e+02  -1.4340294e+03
   3.8052500e+02  -1.4340439e+03
   3.8053750e+02  -1.4340282e+03
   3.8054583e+02  -1.4339922e+03
   3.8055833e+02  -1.4338961e+03
   3.8057083e+02  -1.4337430e+03
   3.8058333e+02  -1.4335543e+03
   3.8059167e+02  -1.4334284e+03
   3.8060417e+02  -1.4332633e+03
   3.8061667e+02  -1.4331683e+03
   3.8062917e+02  -1.4331881e+03
   3.8063750e+02  -1.4332638e+03
   3.8065000e+02  -1.4334443e+03
   3.8066250e+02  -1.4336766e+03
   3.8067083e+02  -1.4338499e+03
   3.8068333e+02  -1.4341449e+03
   3.8069583e+02  -1.4345238e+03
   3.8070833e+02  -1.4350198e+03
   3.8071667e+02  -1.4354069e+03
   3.8072917e+02  -1.4360218e+03
   3.8074167e+02  -1.4366056e+03
   3.8075417e+02  -1.4370743e+03
   3.8076250e+02  -1.4372953e+03
   3.8077500e+02  -1.4374848e+03
   3.8078750e+02  -1.4375216e+03
   3.8079583e+02  -1.4374726e+03
   3.8080833e+02  -1.4373172e+03
   3.8082083e+02  -1.4370991e+03
   3.8083333e+02  -1.4368493e+03
   3.8084167e+02  -1.4366740e+03
   3.8085417e+02  -1.4363914e+03
   3.8086667e+02  -1.4360592e+03
   3.8087917e+02  -1.4356787e+03
   3.8088750e+02  -1.4354219e+03
   3.8090000e+02  -1.4350846e+03
   3.8091250e+02  -1.4348529e+03
   3.8092083e+02  -1.4347711e+03
   3.8093333e+02  -1.4347411e+03
   3.8094583e+02  -1.4347719e+03
   3.8095833e+02  -1.4348133e+03
   3.8096667e+02  -1.4348264e+03
   3.8097917e+02  -1.4347981e+03
   3.8099167e+02  -1.4347093e+03
   3.8101250e+02  -1.4344829e+03
   3.8102500e+02  -1.4343121e+03
   3.8103750e+02  -1.4341247e+03
   3.8104583e+02  -1.4339984e+03
   3.8105833e+02  -1.4338339e+03
   3.8107083e+02  -1.4337528e+03
   3.8108333e+02  -1.4337941e+03
   3.8109167e+02  -1.4338822e+03
   3.8110417e+02  -1.4340860e+03
   3.8111667e+02  -1.4343942e+03
   3.8112500e+02  -1.4346698e+03
   3.8113750e+02  -1.4351676e+03
   3.8115000e+02  -1.4357558e+03
   3.8116250e+02  -1.4364218e+03
   3.8117083e+02  -1.4368805e+03
   3.8118333e+02  -1.4375418e+03
   3.8119583e+02  -1.4381249e+03
   3.8120833e+02  -1.4385685e+03
   3.8121667e+02  -1.4387588e+03
   3.8122917e+02  -1.4388706e+03
   3.8124167e+02  -1.4388303e+03
   3.8125000e+02  -1.4387468e+03
   3.8126250e+02  -1.4385895e+03
   3.8127500e+02  -1.4384779e+03
   3.8128750e+02  -1.4384488e+03
   3.8129583e+02  -1.4384677e+03
   3.8130833e+02  -1.4385515e+03
   3.8132083e+02  -1.4386816e+03
   3.8133333e+02  -1.4388050e+03
   3.8134167e+02  -1.4388853e+03
   3.8135417e+02  -1.4390490e+03
   3.8136667e+02  -1.4393059e+03
   3.8137917e+02  -1.4397044e+03
   3.8138750e+02  -1.4400678e+03
   3.8140000e+02  -1.4407123e+03
   3.8141250e+02  -1.4413509e+03
   3.8142083e+02  -1.4417079e+03
   3.8143333e+02  -1.4420914e+03
   3.8144583e+02  -1.4422815e+03
   3.8145833e+02  -1.4422941e+03
   3.8146667e+02  -1.4422343e+03
   3.8147917e+02  -1.4420922e+03
   3.8149167e+02  -1.4419157e+03
   3.8150417e+02  -1.4417248e+03
   3.8151250e+02  -1.4415841e+03
   3.8152500e+02  -1.4413275e+03
   3.8153750e+02  -1.4410181e+03
   3.8154583e+02  -1.4408076e+03
   3.8155833e+02  -1.4405311e+03
   3.8157083e+02  -1.4403323e+03
   3.8158333e+02  -1.4402534e+03
   3.8159167e+02  -1.4402817e+03
   3.8160417e+02  -1.4404254e+03
   3.8161667e+02  -1.4406565e+03
   3.8162917e+02  -1.4409249e+03
   3.8163750e+02  -1.4410878e+03
   3.8165000e+02  -1.4412681e+03
   3.8166250e+02  -1.4413675e+03
   3.8167083e+02  -1.4413972e+03
   3.8168333e+02  -1.4414042e+03
   3.8169583e+02  -1.4413880e+03
   3.8170833e+02  -1.4413521e+03
   3.8171667e+02  -1.4413043e+03
   3.8172917e+02  -1.4411782e+03
   3.8174167e+02  -1.4409894e+03
   3.8175417e+02  -1.4407624e+03
   3.8176250e+02  -1.4406035e+03
   3.8177500e+02  -1.4403723e+03
   3.8178750e+02  -1.4401578e+03
   3.8179583e+02  -1.4400273e+03
   3.8180833e+02  -1.4398653e+03
   3.8182083e+02  -1.4397612e+03
   3.8183333e+02  -1.4397192e+03
   3.8184167e+02  -1.4397149e+03
   3.8185417e+02  -1.4397127e+03
   3.8186667e+02  -1.4396773e+03
   3.8187917e+02  -1.4395955e+03
   3.8188750e+02  -1.4395258e+03
   3.8190000e+02  -1.4394123e+03
   3.8191250e+02  -1.4392813e+03
   3.8192083e+02  -1.4391752e+03
   3.8193333e+02  -1.4389748e+03
   3.8194583e+02  -1.4387303e+03
   3.8195833e+02  -1.4384928e+03
   3.8196667e+02  -1.4383679e+03
   3.8197917e+02  -1.4382599e+03
   3.8199167e+02  -1.4382690e+03
   3.8201250e+02  -1.4385171e+03
   3.8202500e+02  -1.4384737e+03
   3.8203750e+02  -1.4380914e+03
   3.8204583e+02  -1.4376835e+03
   3.8205833e+02  -1.4369195e+03
   3.8207083e+02  -1.4360747e+03
   3.8208333e+02  -1.4352195e+03
   3.8209167e+02  -1.4346382e+03
   3.8210417e+02  -1.4337449e+03
   3.8211667e+02  -1.4328412e+03
   3.8212500e+02  -1.4322398e+03
   3.8213750e+02  -1.4313241e+03
   3.8215000e+02  -1.4304117e+03
   3.8216250e+02  -1.4295649e+03
   3.8217083e+02  -1.4290474e+03
   3.8218333e+02  -1.4283758e+03
   3.8219583e+02  -1.4278873e+03
   3.8220833e+02  -1.4276312e+03
   3.8221667e+02  -1.4275869e+03
   3.8222917e+02  -1.4276773e+03
   3.8224167e+02  -1.4277210e+03
   3.8225000e+02  -1.4276550e+03
   3.8226250e+02  -1.4274397e+03
   3.8227500e+02  -1.4271617e+03
   3.8228750e+02  -1.4268925e+03
   3.8229583e+02  -1.4267402e+03
   3.8230833e+02  -1.4265842e+03
   3.8232083e+02  -1.4265125e+03
   3.8233333e+02  -1.4264718e+03
   3.8234167e+02  -1.4264481e+03
   3.8235417e+02  -1.4264276e+03
   3.8236667e+02  -1.4264453e+03
   3.8237917e+02  -1.4265136e+03
   3.8238750e+02  -1.4265955e+03
   3.8240000e+02  -1.4267726e+03
   3.8241250e+02  -1.4270034e+03
   3.8242083e+02  -1.4271909e+03
   3.8243333e+02  -1.4275388e+03
   3.8244583e+02  -1.4279542e+03
   3.8245833e+02  -1.4283688e+03
   3.8246667e+02  -1.4286033e+03
   3.8247917e+02  -1.4288242e+03
   3.8249167e+02  -1.4288341e+03
   3.8250417e+02  -1.4286426e+03
   3.8251250e+02  -1.4284349e+03
   3.8252500e+02  -1.4280585e+03
   3.8253750e+02  -1.4276557e+03
   3.8254583e+02  -1.4274001e+03
   3.8255833e+02  -1.4270574e+03
   3.8257083e+02  -1.4267473e+03
   3.8258333e+02  -1.4264649e+03
   3.8259167e+02  -1.4262849e+03
   3.8260417e+02  -1.4259982e+03
   3.8261667e+02  -1.4256965e+03
   3.8262917e+02  -1.4254436e+03
   3.8263750e+02  -1.4253433e+03
   3.8265000e+02  -1.4253605e+03
   3.8266250e+02  -1.4256202e+03
   3.8267083e+02  -1.4259144e+03
   3.8268333e+02  -1.4264587e+03
   3.8269583e+02  -1.4270133e+03
   3.8270833e+02  -1.4274668e+03
   3.8271667e+02  -1.4276845e+03
   3.8272917e+02  -1.4278938e+03
   3.8274167e+02  -1.4280235e+03
   3.8275417e+02  -1.4281350e+03
   3.8276250e+02  -1.4282047e+03
   3.8277500e+02  -1.4282680e+03
   3.8278750e+02  -1.4282116e+03
   3.8279583e+02  -1.4280732e+03
   3.8280833e+02  -1.4276956e+03
   3.8282083e+02  -1.4271233e+03
   3.8283333e+02  -1.4263960e+03
   3.8284167e+02  -1.4258577e+03
   3.8285417e+02  -1.4250353e+03
   3.8286667e+02  -1.4242705e+03
   3.8287917e+02  -1.4236603e+03
   3.8288750e+02  -1.4233730e+03
   3.8290000e+02  -1.4231068e+03
   3.8291250e+02  -1.4229546e+03
   3.8292083e+02  -1.4228664e+03
   3.8293333e+02  -1.4227073e+03
   3.8294583e+02  -1.4225327e+03
   3.8295833e+02  -1.4224416e+03
   3.8296667e+02  -1.4224788e+03
   3.8297917e+02  -1.4227135e+03
   3.8299167e+02  -1.4231425e+03
   3.8301250e+02  -1.4240403e+03
   3.8302500e+02  -1.4243936e+03
   3.8303750e+02  -1.4244407e+03
   3.8304583e+02  -1.4243132e+03
   3.8305833e+02  -1.4239546e+03
   3.8307083e+02  -1.4235112e+03
   3.8308333e+02  -1.4230939e+03
   3.8309167e+02  -1.4228620e+03
   3.8310417e+02  -1.4226296e+03
   3.8311667e+02  -1.4225735e+03
   3.8312500e+02  -1.4226241e+03
   3.8313750e+02  -1.4227447e+03
   3.8315000e+02  -1.4228431e+03
   3.8316250e+02  -1.4228824e+03
   3.8317083e+02  -1.4228712e+03
   3.8318333e+02  -1.4228578e+03
   3.8319583e+02  -1.4229522e+03
   3.8320833e+02  -1.4232360e+03
   3.8321667e+02  -1.4235324e+03
   3.8322917e+02  -1.4240655e+03
   3.8324167e+02  -1.4245296e+03
   3.8325000e+02  -1.4247165e+03
   3.8326250e+02  -1.4247524e+03
   3.8327500e+02  -1.4245098e+03
   3.8328750e+02  -1.4240521e+03
   3.8329583e+02  -1.4236749e+03
   3.8330833e+02  -1.4231119e+03
   3.8332083e+02  -1.4226661e+03
   3.8333333e+02  -1.4223990e+03
   3.8334167e+02  -1.4223245e+03
   3.8335417e+02  -1.4223306e+03
   3.8336667e+02  -1.4224002e+03
   3.8337917e+02  -1.4224541e+03
   3.8338750e+02  -1.4224722e+03
   3.8340000e+02  -1.4224955e+03
   3.8341250e+02  -1.4225662e+03
   3.8342083e+02  -1.4226926e+03
   3.8343333e+02  -1.4230903e+03
   3.8344583e+02  -1.4237434e+03
   3.8345833e+02  -1.4245169e+03
   3.8346667e+02  -1.4250077e+03
   3.8347917e+02  -1.4255696e+03
   3.8349167e+02  -1.4258226e+03
   3.8350417e+02  -1.4257684e+03
   3.8351250e+02  -1.4256042e+03
   3.8352500e+02  -1.4252551e+03
   3.8353750e+02  -1.4248973e+03
   3.8354583e+02  -1.4247152e+03
   3.8355833e+02  -1.4245612e+03
   3.8357083e+02  -1.4245029e+03
   3.8358333e+02  -1.4244851e+03
   3.8359167e+02  -1.4244666e+03
   3.8360417e+02  -1.4243751e+03
   3.8361667e+02  -1.4242024e+03
   3.8362917e+02  -1.4240200e+03
   3.8363750e+02  -1.4239490e+03
   3.8365000e+02  -1.4240152e+03
   3.8366250e+02  -1.4243531e+03
   3.8367083e+02  -1.4247131e+03
   3.8368333e+02  -1.4253600e+03
   3.8369583e+02  -1.4260075e+03
   3.8370833e+02  -1.4265220e+03
   3.8371667e+02  -1.4267465e+03
   3.8372917e+02  -1.4268980e+03
   3.8374167e+02  -1.4268864e+03
   3.8375417e+02  -1.4267922e+03
   3.8376250e+02  -1.4267100e+03
   3.8377500e+02  -1.4265662e+03
   3.8378750e+02  -1.4263729e+03
   3.8379583e+02  -1.4262040e+03
   3.8380833e+02  -1.4258872e+03
   3.8382083e+02  -1.4254864e+03
   3.8383333e+02  -1.4250028e+03
   3.8384167e+02  -1.4246502e+03
   3.8385417e+02  -1.4241214e+03
   3.8386667e+02  -1.4236491e+03
   3.8387917e+02  -1.4233051e+03
   3.8388750e+02  -1.4231743e+03
   3.8390000e+02  -1.4231204e+03
   3.8391250e+02  -1.4231739e+03
   3.8392083e+02  -1.4232224e+03
   3.8393333e+02  -1.4232577e+03
   3.8394583e+02  -1.4232394e+03
   3.8395833e+02  -1.4232221e+03
   3.8396667e+02  -1.4232440e+03
   3.8397917e+02  -1.4233530e+03
   3.8399167e+02  -1.4235578e+03
   3.8401250e+02  -1.4240335e+03
   3.8402500e+02  -1.4242549e+03
   3.8403750e+02  -1.4243178e+03
   3.8404583e+02  -1.4242576e+03
   3.8405833e+02  -1.4240351e+03
   3.8407083e+02  -1.4237146e+03
   3.8408333e+02  -1.4233656e+03
   3.8409167e+02  -1.4231624e+03
   3.8410417e+02  -1.4229993e+03
   3.8411667e+02  -1.4231250e+03
   3.8412500e+02  -1.4233982e+03
   3.8413750e+02  -1.4240273e+03
   3.8415000e+02  -1.4247999e+03
   3.8416250e+02  -1.4255615e+03
   3.8417083e+02  -1.4259922e+03
   3.8418333e+02  -1.4265071e+03
   3.8419583e+02  -1.4269291e+03
   3.8420833e+02  -1.4273360e+03
   3.8421667e+02  -1.4276263e+03
   3.8422917e+02  -1.4280817e+03
   3.8424167e+02  -1.4285089e+03
   3.8425000e+02  -1.4287259e+03
   3.8426250e+02  -1.4288516e+03
   3.8427500e+02  -1.4286414e+03
   3.8428750e+02  -1.4280138e+03
   3.8429583e+02  -1.4273597e+03
   3.8430833e+02  -1.4261410e+03
   3.8432083e+02  -1.4248410e+03
   3.8433333e+02  -1.4237001e+03
   3.8434167e+02  -1.4231221e+03
   3.8435417e+02  -1.4225775e+03
   3.8436667e+02  -1.4223224e+03
   3.8437917e+02  -1.4222008e+03
   3.8438750e+02  -1.4221427e+03
   3.8440000e+02  -1.4220645e+03
   3.8441250e+02  -1.4220233e+03
   3.8442083e+02  -1.4220653e+03
   3.8443333e+02  -1.4223362e+03
   3.8444583e+02  -1.4229142e+03
   3.8445833e+02  -1.4237629e+03
   3.8446667e+02  -1.4244295e+03
   3.8447917e+02  -1.4254543e+03
   3.8449167e+02  -1.4263361e+03
   3.8450417e+02  -1.4269306e+03
   3.8451250e+02  -1.4271375e+03
   3.8452500e+02  -1.4271707e+03
   3.8453750e+02  -1.4269609e+03
   3.8454583e+02  -1.4267711e+03
   3.8455833e+02  -1.4265289e+03
   3.8457083e+02  -1.4264005e+03
   3.8458333e+02  -1.4264000e+03
   3.8459167e+02  -1.4264437e+03
   3.8460417e+02  -1.4264892e+03
   3.8461667e+02  -1.4264493e+03
   3.8462917e+02  -1.4263288e+03
   3.8463750e+02  -1.4262330e+03
   3.8465000e+02  -1.4261564e+03
   3.8466250e+02  -1.4262832e+03
   3.8467083e+02  -1.4265216e+03
   3.8468333e+02  -1.4270975e+03
   3.8469583e+02  -1.4278628e+03
   3.8470833e+02  -1.4286860e+03
   3.8471667e+02  -1.4291951e+03
   3.8472917e+02  -1.4298231e+03
   3.8474167e+02  -1.4302578e+03
   3.8475417e+02  -1.4304812e+03
   3.8476250e+02  -1.4305148e+03
   3.8477500e+02  -1.4304221e+03
   3.8478750e+02  -1.4301967e+03
   3.8479583e+02  -1.4299961e+03
   3.8480833e+02  -1.4296608e+03
   3.8482083e+02  -1.4293051e+03
   3.8483333e+02  -1.4289188e+03
   3.8484167e+02  -1.4286318e+03
   3.8485417e+02  -1.4281502e+03
   3.8486667e+02  -1.4276322e+03
   3.8487917e+02  -1.4271683e+03
   3.8488750e+02  -1.4269475e+03
   3.8490000e+02  -1.4267976e+03
   3.8491250e+02  -1.4268485e+03
   3.8492083e+02  -1.4269640e+03
   3.8493333e+02  -1.4272044e+03
   3.8494583e+02  -1.4274876e+03
   3.8495833e+02  -1.4278072e+03
   3.8496667e+02  -1.4280388e+03
   3.8497917e+02  -1.4283994e+03
   3.8499167e+02  -1.4287617e+03
   3.8501250e+02  -1.4292979e+03
   3.8502500e+02  -1.4295443e+03
   3.8503750e+02  -1.4297245e+03
   3.8504583e+02  -1.4297998e+03
   3.8505833e+02  -1.4298352e+03
   3.8507083e+02  -1.4298173e+03
   3.8508333e+02  -1.4298133e+03
   3.8509167e+02  -1.4298564e+03
   3.8510417e+02  -1.4300656e+03
   3.8511667e+02  -1.4305435e+03
   3.8512500e+02  -1.4310312e+03
   3.8513750e+02  -1.4319542e+03
   3.8515000e+02  -1.4330313e+03
   3.8516250e+02  -1.4341461e+03
   3.8517083e+02  -1.4348212e+03
   3.8518333e+02  -1.4356620e+03
   3.8519583e+02  -1.4363066e+03
   3.8520833e+02  -1.4367632e+03
   3.8521667e+02  -1.4369730e+03
   3.8522917e+02  -1.4371644e+03
   3.8524167e+02  -1.4372690e+03
   3.8525000e+02  -1.4372698e+03
   3.8526250e+02  -1.4370641e+03
   3.8527500e+02  -1.4365141e+03
   3.8528750e+02  -1.4355937e+03
   3.8529583e+02  -1.4348090e+03
   3.8530833e+02  -1.4335268e+03
   3.8532083e+02  -1.4323108e+03
   3.8533333e+02  -1.4313252e+03
   3.8534167e+02  -1.4308562e+03
   3.8535417e+02  -1.4304673e+03
   3.8536667e+02  -1.4303823e+03
   3.8537917e+02  -1.4304859e+03
   3.8538750e+02  -1.4306089e+03
   3.8540000e+02  -1.4308158e+03
   3.8541250e+02  -1.4310087e+03
   3.8542083e+02  -1.4311302e+03
   3.8543333e+02  -1.4313532e+03
   3.8544583e+02  -1.4316869e+03
   3.8545833e+02  -1.4321511e+03
   3.8546667e+02  -1.4325103e+03
   3.8547917e+02  -1.4330135e+03
   3.8549167e+02  -1.4333017e+03
   3.8550417e+02  -1.4332578e+03
   3.8551250e+02  -1.4330444e+03
   3.8552500e+02  -1.4325187e+03
   3.8553750e+02  -1.4318972e+03
   3.8554583e+02  -1.4315290e+03
   3.8555833e+02  -1.4311584e+03
   3.8557083e+02  -1.4310527e+03
   3.8558333e+02  -1.4312077e+03
   3.8559167e+02  -1.4314226e+03
   3.8560417e+02  -1.4318236e+03
   3.8561667e+02  -1.4322447e+03
   3.8562917e+02  -1.4326433e+03
   3.8563750e+02  -1.4328940e+03
   3.8565000e+02  -1.4332691e+03
   3.8566250e+02  -1.4336870e+03
   3.8567083e+02  -1.4340087e+03
   3.8568333e+02  -1.4345625e+03
   3.8569583e+02  -1.4351734e+03
   3.8570833e+02  -1.4357317e+03
   3.8571667e+02  -1.4360009e+03
   3.8572917e+02  -1.4361779e+03
   3.8574167e+02  -1.4360881e+03
   3.8575417e+02  -1.4358021e+03
   3.8576250e+02  -1.4355530e+03
   3.8577500e+02  -1.4351678e+03
   3.8578750e+02  -1.4348243e+03
   3.8579583e+02  -1.4346420e+03
   3.8580833e+02  -1.4344681e+03
   3.8582083e+02  -1.4344216e+03
   3.8583333e+02  -1.4344852e+03
   3.8584167e+02  -1.4345707e+03
   3.8585417e+02  -1.4347350e+03
   3.8586667e+02  -1.4349227e+03
   3.8587917e+02  -1.4351279e+03
   3.8588750e+02  -1.4352828e+03
   3.8590000e+02  -1.4355518e+03
   3.8591250e+02  -1.4358519e+03
   3.8592083e+02  -1.4360455e+03
   3.8593333e+02  -1.4362701e+03
   3.8594583e+02  -1.4363689e+03
   3.8595833e+02  -1.4363419e+03
   3.8596667e+02  -1.4362736e+03
   3.8597917e+02  -1.4361374e+03
   3.8599167e+02  -1.4360112e+03
   3.8601250e+02  -1.4358973e+03
   3.8602500e+02  -1.4358918e+03
   3.8603750e+02  -1.4359322e+03
   3.8604583e+02  -1.4359726e+03
   3.8605833e+02  -1.4360487e+03
   3.8607083e+02  -1.4361774e+03
   3.8608333e+02  -1.4363882e+03
   3.8609167e+02  -1.4365823e+03
   3.8610417e+02  -1.4369942e+03
   3.8611667e+02  -1.4376438e+03
   3.8612500e+02  -1.4382305e+03
   3.8613750e+02  -1.4392790e+03
   3.8615000e+02  -1.4404308e+03
   3.8616250e+02  -1.4415238e+03
   3.8617083e+02  -1.4421304e+03
   3.8618333e+02  -1.4428120e+03
   3.8619583e+02  -1.4432916e+03
