   3.5975417e+02  -1.4745718e+03
   3.5977500e+02  -1.4744600e+03
   3.5979583e+02  -1.4746182e+03
   3.5982083e+02  -1.4750001e+03
   3.5984167e+02  -1.4750968e+03
   3.5986667e+02  -1.4747016e+03
   3.5988750e+02  -1.4742767e+03
   3.5991250e+02  -1.4739270e+03
   3.5993333e+02  -1.4735452e+03
   3.5995833e+02  -1.4730453e+03
   3.5997917e+02  -1.4729518e+03
   3.6001250e+02  -1.4737565e+03
   3.6003750e+02  -1.4738158e+03
   3.6005833e+02  -1.4728171e+03
   3.6008333e+02  -1.4706408e+03
   3.6010417e+02  -1.4684662e+03
   3.6012500e+02  -1.4665139e+03
   3.6015000e+02  -1.4645763e+03
   3.6017083e+02  -1.4630830e+03
   3.6019583e+02  -1.4614983e+03
   3.6021667e+02  -1.4608437e+03
   3.6024167e+02  -1.4606765e+03
   3.6026250e+02  -1.4598677e+03
   3.6028750e+02  -1.4579790e+03
   3.6030833e+02  -1.4558383e+03
   3.6033333e+02  -1.4534262e+03
   3.6035417e+02  -1.4522316e+03
   3.6037917e+02  -1.4516230e+03
   3.6040000e+02  -1.4513422e+03
   3.6042083e+02  -1.4513158e+03
   3.6044583e+02  -1.4519925e+03
   3.6046667e+02  -1.4528822e+03
   3.6049167e+02  -1.4533475e+03
   3.6051250e+02  -1.4529480e+03
   3.6053750e+02  -1.4519726e+03
   3.6055833e+02  -1.4514188e+03
   3.6058333e+02  -1.4514389e+03
   3.6060417e+02  -1.4515165e+03
   3.6062917e+02  -1.4513698e+03
   3.6065000e+02  -1.4515506e+03
   3.6067083e+02  -1.4522231e+03
   3.6069583e+02  -1.4530973e+03
   3.6071667e+02  -1.4533929e+03
   3.6074167e+02  -1.4532521e+03
   3.6076250e+02  -1.4531324e+03
   3.6078750e+02  -1.4532447e+03
   3.6080833e+02  -1.4533787e+03
   3.6083333e+02  -1.4532421e+03
   3.6085417e+02  -1.4529108e+03
   3.6087917e+02  -1.4527044e+03
   3.6090000e+02  -1.4527717e+03
   3.6092083e+02  -1.4526513e+03
   3.6094583e+02  -1.4519920e+03
   3.6096667e+02  -1.4514090e+03
   3.6099167e+02  -1.4512247e+03
   3.6102500e+02  -1.4516475e+03
   3.6104583e+02  -1.4513390e+03
   3.6107083e+02  -1.4504342e+03
   3.6109167e+02  -1.4498061e+03
   3.6111667e+02  -1.4497791e+03
   3.6113750e+02  -1.4500807e+03
   3.6116250e+02  -1.4498898e+03
   3.6118333e+02  -1.4492720e+03
   3.6120833e+02  -1.4489152e+03
   3.6122917e+02  -1.4491197e+03
   3.6125000e+02  -1.4489351e+03
   3.6127500e+02  -1.4475779e+03
   3.6129583e+02  -1.4459321e+03
   3.6132083e+02  -1.4442795e+03
   3.6134167e+02  -1.4436389e+03
   3.6136667e+02  -1.4433315e+03
   3.6138750e+02  -1.4428033e+03
   3.6141250e+02  -1.4420922e+03
   3.6143333e+02  -1.4420071e+03
   3.6145833e+02  -1.4423948e+03
   3.6147917e+02  -1.4422685e+03
   3.6150417e+02  -1.4411703e+03
   3.6152500e+02  -1.4400462e+03
   3.6154583e+02  -1.4393579e+03
   3.6157083e+02  -1.4394591e+03
   3.6159167e+02  -1.4398632e+03
   3.6161667e+02  -1.4401025e+03
   3.6163750e+02  -1.4403098e+03
   3.6166250e+02  -1.4410228e+03
   3.6168333e+02  -1.4416456e+03
   3.6170833e+02  -1.4417533e+03
   3.6172917e+02  -1.4412468e+03
   3.6175417e+02  -1.4404859e+03
   3.6177500e+02  -1.4401897e+03
   3.6179583e+02  -1.4402170e+03
   3.6182083e+02  -1.4404691e+03
   3.6184167e+02  -1.4406911e+03
   3.6186667e+02  -1.4411077e+03
   3.6188750e+02  -1.4416701e+03
   3.6191250e+02  -1.4422779e+03
   3.6193333e+02  -1.4422751e+03
   3.6195833e+02  -1.4416020e+03
   3.6197917e+02  -1.4409137e+03
   3.6201250e+02  -1.4403454e+03
   3.6203750e+02  -1.4397108e+03
   3.6205833e+02  -1.4386368e+03
   3.6208333e+02  -1.4372219e+03
   3.6210417e+02  -1.4365006e+03
   3.6212500e+02  -1.4363546e+03
   3.6215000e+02  -1.4364033e+03
   3.6217083e+02  -1.4361103e+03
   3.6219583e+02  -1.4353948e+03
   3.6221667e+02  -1.4350245e+03
   3.6224167e+02  -1.4346607e+03
   3.6226250e+02  -1.4336067e+03
   3.6228750e+02  -1.4315742e+03
   3.6230833e+02  -1.4297115e+03
   3.6233333e+02  -1.4281691e+03
   3.6235417e+02  -1.4278048e+03
   3.6237917e+02  -1.4281091e+03
   3.6240000e+02  -1.4284455e+03
   3.6242083e+02  -1.4287531e+03
   3.6244583e+02  -1.4292643e+03
   3.6246667e+02  -1.4296350e+03
   3.6249167e+02  -1.4294756e+03
   3.6251250e+02  -1.4287464e+03
   3.6253750e+02  -1.4274858e+03
   3.6255833e+02  -1.4266612e+03
   3.6258333e+02  -1.4265440e+03
   3.6260417e+02  -1.4269600e+03
   3.6262917e+02  -1.4276190e+03
   3.6265000e+02  -1.4282731e+03
   3.6267083e+02  -1.4290897e+03
   3.6269583e+02  -1.4301438e+03
   3.6271667e+02  -1.4308227e+03
   3.6274167e+02  -1.4312149e+03
   3.6276250e+02  -1.4311627e+03
   3.6278750e+02  -1.4308317e+03
   3.6280833e+02  -1.4305899e+03
   3.6283333e+02  -1.4304326e+03
   3.6285417e+02  -1.4302682e+03
   3.6287917e+02  -1.4299098e+03
   3.6290000e+02  -1.4295896e+03
   3.6292083e+02  -1.4293189e+03
   3.6294583e+02  -1.4291477e+03
   3.6296667e+02  -1.4291865e+03
   3.6299167e+02  -1.4292822e+03
   3.6302500e+02  -1.4292279e+03
   3.6304583e+02  -1.4291244e+03
   3.6307083e+02  -1.4291162e+03
   3.6309167e+02  -1.4291654e+03
   3.6311667e+02  -1.4291536e+03
   3.6313750e+02  -1.4291879e+03
   3.6316250e+02  -1.4292764e+03
   3.6318333e+02  -1.4294202e+03
   3.6320833e+02  -1.4298119e+03
   3.6322917e+02  -1.4301306e+03
   3.6325000e+02  -1.4301110e+03
   3.6327500e+02  -1.4297540e+03
   3.6329583e+02  -1.4294751e+03
   3.6332083e+02  -1.4291481e+03
   3.6334167e+02  -1.4288669e+03
   3.6336667e+02  -1.4285941e+03
   3.6338750e+02  -1.4283953e+03
   3.6341250e+02  -1.4283232e+03
   3.6343333e+02  -1.4284362e+03
   3.6345833e+02  -1.4286002e+03
   3.6347917e+02  -1.4284363e+03
   3.6350417e+02  -1.4278639e+03
   3.6352500e+02  -1.4272627e+03
   3.6354583e+02  -1.4266106e+03
   3.6357083e+02  -1.4260179e+03
   3.6359167e+02  -1.4257111e+03
   3.6361667e+02  -1.4255134e+03
   3.6363750e+02  -1.4256655e+03
   3.6366250e+02  -1.4263815e+03
   3.6368333e+02  -1.4271268e+03
   3.6370833e+02  -1.4278933e+03
   3.6372917e+02  -1.4283230e+03
   3.6375417e+02  -1.4285990e+03
   3.6377500e+02  -1.4286443e+03
   3.6379583e+02  -1.4284738e+03
   3.6382083e+02  -1.4279638e+03
   3.6384167e+02  -1.4273730e+03
   3.6386667e+02  -1.4267895e+03
   3.6388750e+02  -1.4265226e+03
   3.6391250e+02  -1.4263901e+03
   3.6393333e+02  -1.4263417e+03
   3.6395833e+02  -1.4264101e+03
   3.6397917e+02  -1.4266917e+03
   3.6401250e+02  -1.4273408e+03
   3.6403750e+02  -1.4275017e+03
   3.6405833e+02  -1.4273006e+03
   3.6408333e+02  -1.4270551e+03
   3.6410417e+02  -1.4271856e+03
   3.6412500e+02  -1.4277849e+03
   3.6415000e+02  -1.4286522e+03
   3.6417083e+02  -1.4290745e+03
   3.6419583e+02  -1.4295150e+03
   3.6421667e+02  -1.4301837e+03
   3.6424167e+02  -1.4309377e+03
   3.6426250e+02  -1.4309291e+03
   3.6428750e+02  -1.4302317e+03
   3.6430833e+02  -1.4292143e+03
   3.6433333e+02  -1.4280247e+03
   3.6435417e+02  -1.4273751e+03
   3.6437917e+02  -1.4266374e+03
   3.6440000e+02  -1.4258528e+03
   3.6442083e+02  -1.4252018e+03
   3.6444583e+02  -1.4251140e+03
   3.6446667e+02  -1.4253650e+03
   3.6449167e+02  -1.4254393e+03
   3.6451250e+02  -1.4251813e+03
   3.6453750e+02  -1.4245400e+03
   3.6455833e+02  -1.4241372e+03
   3.6458333e+02  -1.4240703e+03
   3.6460417e+02  -1.4239825e+03
   3.6462917e+02  -1.4236017e+03
   3.6465000e+02  -1.4234428e+03
   3.6467083e+02  -1.4235332e+03
   3.6469583e+02  -1.4237734e+03
   3.6471667e+02  -1.4240338e+03
   3.6474167e+02  -1.4242215e+03
   3.6476250e+02  -1.4242063e+03
   3.6478750e+02  -1.4242318e+03
   3.6480833e+02  -1.4243940e+03
   3.6483333e+02  -1.4244777e+03
   3.6485417e+02  -1.4243689e+03
   3.6487917e+02  -1.4242432e+03
   3.6490000e+02  -1.4242265e+03
   3.6492083e+02  -1.4242156e+03
   3.6494583e+02  -1.4241754e+03
   3.6496667e+02  -1.4241911e+03
   3.6499167e+02  -1.4243376e+03
   3.6502500e+02  -1.4247089e+03
   3.6504583e+02  -1.4239248e+03
   3.6507083e+02  -1.4220105e+03
   3.6509167e+02  -1.4202368e+03
   3.6511667e+02  -1.4184708e+03
   3.6513750e+02  -1.4172620e+03
   3.6516250e+02  -1.4157480e+03
   3.6518333e+02  -1.4145699e+03
   3.6520833e+02  -1.4137773e+03
   3.6522917e+02  -1.4137095e+03
   3.6525000e+02  -1.4132657e+03
   3.6527500e+02  -1.4116593e+03
   3.6529583e+02  -1.4097996e+03
   3.6532083e+02  -1.4076949e+03
   3.6534167e+02  -1.4065924e+03
   3.6536667e+02  -1.4061366e+03
   3.6538750e+02  -1.4061391e+03
   3.6541250e+02  -1.4065530e+03
   3.6543333e+02  -1.4073634e+03
   3.6545833e+02  -1.4087182e+03
   3.6547917e+02  -1.4095398e+03
   3.6550417e+02  -1.4097187e+03
   3.6552500e+02  -1.4093355e+03
   3.6554583e+02  -1.4087746e+03
   3.6557083e+02  -1.4083712e+03
   3.6559167e+02  -1.4082404e+03
   3.6561667e+02  -1.4080842e+03
   3.6563750e+02  -1.4080924e+03
   3.6566250e+02  -1.4084947e+03
   3.6568333e+02  -1.4090993e+03
   3.6570833e+02  -1.4098624e+03
   3.6572917e+02  -1.4103360e+03
   3.6575417e+02  -1.4105624e+03
   3.6577500e+02  -1.4105359e+03
   3.6579583e+02  -1.4104034e+03
   3.6582083e+02  -1.4099695e+03
   3.6584167e+02  -1.4093163e+03
   3.6586667e+02  -1.4083141e+03
   3.6588750e+02  -1.4074806e+03
   3.6591250e+02  -1.4066288e+03
   3.6593333e+02  -1.4060718e+03
   3.6595833e+02  -1.4057560e+03
   3.6597917e+02  -1.4059323e+03
   3.6601250e+02  -1.4071368e+03
   3.6603750e+02  -1.4073607e+03
   3.6605833e+02  -1.4064056e+03
   3.6608333e+02  -1.4045418e+03
   3.6610417e+02  -1.4028605e+03
   3.6612500e+02  -1.4012756e+03
   3.6615000e+02  -1.3995675e+03
   3.6617083e+02  -1.3982800e+03
   3.6619583e+02  -1.3970224e+03
   3.6621667e+02  -1.3965519e+03
   3.6624167e+02  -1.3964645e+03
   3.6626250e+02  -1.3957703e+03
   3.6628750e+02  -1.3940665e+03
   3.6630833e+02  -1.3921109e+03
   3.6633333e+02  -1.3899006e+03
   3.6635417e+02  -1.3887909e+03
   3.6637917e+02  -1.3883786e+03
   3.6640000e+02  -1.3884489e+03
   3.6642083e+02  -1.3887012e+03
   3.6644583e+02  -1.3893750e+03
   3.6646667e+02  -1.3902665e+03
   3.6649167e+02  -1.3911253e+03
   3.6651250e+02  -1.3912110e+03
   3.6653750e+02  -1.3905158e+03
   3.6655833e+02  -1.3899228e+03
   3.6658333e+02  -1.3899469e+03
   3.6660417e+02  -1.3904047e+03
   3.6662917e+02  -1.3910795e+03
   3.6665000e+02  -1.3916535e+03
   3.6667083e+02  -1.3923116e+03
   3.6669583e+02  -1.3932470e+03
   3.6671667e+02  -1.3939768e+03
   3.6674167e+02  -1.3943878e+03
   3.6676250e+02  -1.3942032e+03
   3.6678750e+02  -1.3936422e+03
   3.6680833e+02  -1.3930424e+03
   3.6683333e+02  -1.3923470e+03
   3.6685417e+02  -1.3919118e+03
   3.6687917e+02  -1.3913945e+03
   3.6690000e+02  -1.3908256e+03
   3.6692083e+02  -1.3901593e+03
   3.6694583e+02  -1.3896506e+03
   3.6696667e+02  -1.3896229e+03
   3.6699167e+02  -1.3898795e+03
   3.6702500e+02  -1.3900792e+03
   3.6704583e+02  -1.3895444e+03
   3.6707083e+02  -1.3887241e+03
   3.6709167e+02  -1.3881127e+03
   3.6711667e+02  -1.3870083e+03
   3.6713750e+02  -1.3858500e+03
   3.6716250e+02  -1.3846756e+03
   3.6718333e+02  -1.3840608e+03
   3.6720833e+02  -1.3837799e+03
   3.6722917e+02  -1.3838463e+03
   3.6725000e+02  -1.3837341e+03
   3.6727500e+02  -1.3830728e+03
   3.6729583e+02  -1.3823791e+03
   3.6732083e+02  -1.3815836e+03
   3.6734167e+02  -1.3809071e+03
   3.6736667e+02  -1.3802410e+03
   3.6738750e+02  -1.3798561e+03
   3.6741250e+02  -1.3795987e+03
   3.6743333e+02  -1.3795301e+03
   3.6745833e+02  -1.3797272e+03
   3.6747917e+02  -1.3799228e+03
   3.6750417e+02  -1.3799630e+03
   3.6752500e+02  -1.3800315e+03
   3.6754583e+02  -1.3802347e+03
   3.6757083e+02  -1.3806506e+03
   3.6759167e+02  -1.3809966e+03
   3.6761667e+02  -1.3813830e+03
   3.6763750e+02  -1.3818314e+03
   3.6766250e+02  -1.3824687e+03
   3.6768333e+02  -1.3828960e+03
   3.6770833e+02  -1.3831805e+03
   3.6772917e+02  -1.3833898e+03
   3.6775417e+02  -1.3837001e+03
   3.6777500e+02  -1.3839454e+03
   3.6779583e+02  -1.3839561e+03
   3.6782083e+02  -1.3836348e+03
   3.6784167e+02  -1.3834231e+03
   3.6786667e+02  -1.3834239e+03
   3.6788750e+02  -1.3833980e+03
   3.6791250e+02  -1.3829755e+03
   3.6793333e+02  -1.3823987e+03
   3.6795833e+02  -1.3818809e+03
   3.6797917e+02  -1.3817370e+03
   3.6801250e+02  -1.3816177e+03
   3.6803750e+02  -1.3813118e+03
   3.6805833e+02  -1.3811272e+03
   3.6808333e+02  -1.3815149e+03
   3.6810417e+02  -1.3824517e+03
   3.6812500e+02  -1.3836036e+03
   3.6815000e+02  -1.3848406e+03
   3.6817083e+02  -1.3856629e+03
   3.6819583e+02  -1.3864965e+03
   3.6821667e+02  -1.3871580e+03
   3.6824167e+02  -1.3874168e+03
   3.6826250e+02  -1.3869198e+03
   3.6828750e+02  -1.3857503e+03
   3.6830833e+02  -1.3850557e+03
   3.6833333e+02  -1.3849867e+03
   3.6835417e+02  -1.3852029e+03
   3.6837917e+02  -1.3855627e+03
   3.6840000e+02  -1.3860264e+03
   3.6842083e+02  -1.3867099e+03
   3.6844583e+02  -1.3875809e+03
   3.6846667e+02  -1.3878941e+03
   3.6849167e+02  -1.3872931e+03
   3.6851250e+02  -1.3862840e+03
   3.6853750e+02  -1.3851698e+03
   3.6855833e+02  -1.3844220e+03
   3.6858333e+02  -1.3837219e+03
   3.6860417e+02  -1.3835556e+03
   3.6862917e+02  -1.3841341e+03
   3.6865000e+02  -1.3851067e+03
   3.6867083e+02  -1.3861068e+03
   3.6869583e+02  -1.3869242e+03
   3.6871667e+02  -1.3872846e+03
   3.6874167e+02  -1.3874685e+03
   3.6876250e+02  -1.3873859e+03
   3.6878750e+02  -1.3867993e+03
   3.6880833e+02  -1.3860849e+03
   3.6883333e+02  -1.3856503e+03
   3.6885417e+02  -1.3858456e+03
   3.6887917e+02  -1.3863996e+03
   3.6890000e+02  -1.3868258e+03
   3.6892083e+02  -1.3870846e+03
   3.6894583e+02  -1.3872478e+03
   3.6896667e+02  -1.3873502e+03
   3.6899167e+02  -1.3873245e+03
   3.6902500e+02  -1.3867481e+03
   3.6904583e+02  -1.3863913e+03
   3.6907083e+02  -1.3864894e+03
   3.6909167e+02  -1.3872734e+03
   3.6911667e+02  -1.3888438e+03
   3.6913750e+02  -1.3901678e+03
   3.6916250e+02  -1.3912605e+03
   3.6918333e+02  -1.3919589e+03
   3.6920833e+02  -1.3929902e+03
   3.6922917e+02  -1.3935981e+03
   3.6925000e+02  -1.3935699e+03
   3.6927500e+02  -1.3929874e+03
   3.6929583e+02  -1.3927198e+03
   3.6932083e+02  -1.3931225e+03
   3.6934167e+02  -1.3937149e+03
   3.6936667e+02  -1.3940655e+03
   3.6938750e+02  -1.3939427e+03
   3.6941250e+02  -1.3938724e+03
   3.6943333e+02  -1.3939922e+03
   3.6945833e+02  -1.3937911e+03
   3.6947917e+02  -1.3929710e+03
   3.6950417e+02  -1.3916119e+03
   3.6952500e+02  -1.3906994e+03
   3.6954583e+02  -1.3899942e+03
   3.6957083e+02  -1.3893741e+03
   3.6959167e+02  -1.3890721e+03
   3.6961667e+02  -1.3889796e+03
   3.6963750e+02  -1.3892833e+03
   3.6966250e+02  -1.3901197e+03
   3.6968333e+02  -1.3907634e+03
   3.6970833e+02  -1.3911155e+03
   3.6972917e+02  -1.3912153e+03
   3.6975417e+02  -1.3912554e+03
   3.6977500e+02  -1.3911033e+03
   3.6979583e+02  -1.3906687e+03
   3.6982083e+02  -1.3900379e+03
   3.6984167e+02  -1.3896469e+03
   3.6986667e+02  -1.3895419e+03
   3.6988750e+02  -1.3898066e+03
   3.6991250e+02  -1.3902571e+03
   3.6993333e+02  -1.3905520e+03
   3.6995833e+02  -1.3909632e+03
   3.6997917e+02  -1.3913946e+03
   3.7001250e+02  -1.3915770e+03
   3.7003750e+02  -1.3903567e+03
   3.7005833e+02  -1.3885798e+03
   3.7008333e+02  -1.3864357e+03
   3.7010417e+02  -1.3849788e+03
   3.7012500e+02  -1.3838343e+03
   3.7015000e+02  -1.3827288e+03
   3.7017083e+02  -1.3820787e+03
   3.7019583e+02  -1.3821272e+03
   3.7021667e+02  -1.3829462e+03
   3.7024167e+02  -1.3839345e+03
   3.7026250e+02  -1.3837528e+03
   3.7028750e+02  -1.3828676e+03
   3.7030833e+02  -1.3821046e+03
   3.7033333e+02  -1.3813442e+03
   3.7035417e+02  -1.3807718e+03
   3.7037917e+02  -1.3800530e+03
   3.7040000e+02  -1.3796642e+03
   3.7042083e+02  -1.3797740e+03
   3.7044583e+02  -1.3804495e+03
   3.7046667e+02  -1.3808676e+03
   3.7049167e+02  -1.3806886e+03
   3.7051250e+02  -1.3801887e+03
   3.7053750e+02  -1.3793958e+03
   3.7055833e+02  -1.3787764e+03
   3.7058333e+02  -1.3782702e+03
   3.7060417e+02  -1.3779998e+03
   3.7062917e+02  -1.3778739e+03
   3.7065000e+02  -1.3782419e+03
   3.7067083e+02  -1.3789391e+03
   3.7069583e+02  -1.3796851e+03
   3.7071667e+02  -1.3800799e+03
   3.7074167e+02  -1.3801915e+03
   3.7076250e+02  -1.3799468e+03
   3.7078750e+02  -1.3792733e+03
   3.7080833e+02  -1.3786031e+03
   3.7083333e+02  -1.3779382e+03
   3.7085417e+02  -1.3776011e+03
   3.7087917e+02  -1.3775001e+03
   3.7090000e+02  -1.3776224e+03
   3.7092083e+02  -1.3778636e+03
   3.7094583e+02  -1.3782971e+03
   3.7096667e+02  -1.3786581e+03
   3.7099167e+02  -1.3786483e+03
   3.7102500e+02  -1.3777443e+03
   3.7104583e+02  -1.3769409e+03
   3.7107083e+02  -1.3760161e+03
   3.7109167e+02  -1.3752620e+03
   3.7111667e+02  -1.3744679e+03
   3.7113750e+02  -1.3743632e+03
   3.7116250e+02  -1.3750099e+03
   3.7118333e+02  -1.3759748e+03
   3.7120833e+02  -1.3773511e+03
   3.7122917e+02  -1.3783751e+03
   3.7125000e+02  -1.3790795e+03
   3.7127500e+02  -1.3795591e+03
   3.7129583e+02  -1.3795876e+03
   3.7132083e+02  -1.3788614e+03
   3.7134167e+02  -1.3780993e+03
   3.7136667e+02  -1.3778535e+03
   3.7138750e+02  -1.3782715e+03
   3.7141250e+02  -1.3792861e+03
   3.7143333e+02  -1.3804411e+03
   3.7145833e+02  -1.3821666e+03
   3.7147917e+02  -1.3836110e+03
   3.7150417e+02  -1.3850165e+03
   3.7152500e+02  -1.3854109e+03
   3.7154583e+02  -1.3848299e+03
   3.7157083e+02  -1.3833414e+03
   3.7159167e+02  -1.3820011e+03
   3.7161667e+02  -1.3805867e+03
   3.7163750e+02  -1.3797935e+03
   3.7166250e+02  -1.3796761e+03
   3.7168333e+02  -1.3801859e+03
   3.7170833e+02  -1.3813837e+03
   3.7172917e+02  -1.3826190e+03
   3.7175417e+02  -1.3836910e+03
   3.7177500e+02  -1.3836596e+03
   3.7179583e+02  -1.3828317e+03
   3.7182083e+02  -1.3814886e+03
   3.7184167e+02  -1.3804430e+03
   3.7186667e+02  -1.3794778e+03
   3.7188750e+02  -1.3789892e+03
   3.7191250e+02  -1.3790463e+03
   3.7193333e+02  -1.3797178e+03
   3.7195833e+02  -1.3811014e+03
   3.7197917e+02  -1.3822192e+03
   3.7201250e+02  -1.3826951e+03
   3.7203750e+02  -1.3804081e+03
   3.7205833e+02  -1.3767298e+03
   3.7208333e+02  -1.3716114e+03
   3.7210417e+02  -1.3674657e+03
   3.7212500e+02  -1.3640460e+03
   3.7215000e+02  -1.3612678e+03
   3.7217083e+02  -1.3598329e+03
   3.7219583e+02  -1.3591950e+03
   3.7221667e+02  -1.3596354e+03
   3.7224167e+02  -1.3601425e+03
   3.7226250e+02  -1.3587437e+03
   3.7228750e+02  -1.3556845e+03
   3.7230833e+02  -1.3526833e+03
   3.7233333e+02  -1.3492570e+03
   3.7235417e+02  -1.3473520e+03
   3.7237917e+02  -1.3463834e+03
   3.7240000e+02  -1.3464543e+03
   3.7242083e+02  -1.3474747e+03
   3.7244583e+02  -1.3497343e+03
   3.7246667e+02  -1.3512573e+03
   3.7249167e+02  -1.3513795e+03
   3.7251250e+02  -1.3502627e+03
   3.7253750e+02  -1.3481116e+03
   3.7255833e+02  -1.3462533e+03
   3.7258333e+02  -1.3447673e+03
   3.7260417e+02  -1.3442398e+03
   3.7262917e+02  -1.3442433e+03
   3.7265000e+02  -1.3452073e+03
   3.7267083e+02  -1.3470207e+03
   3.7269583e+02  -1.3491833e+03
   3.7271667e+02  -1.3503102e+03
   3.7274167e+02  -1.3508202e+03
   3.7276250e+02  -1.3506451e+03
   3.7278750e+02  -1.3498118e+03
   3.7280833e+02  -1.3489576e+03
   3.7283333e+02  -1.3481116e+03
   3.7285417e+02  -1.3476817e+03
   3.7287917e+02  -1.3478469e+03
   3.7290000e+02  -1.3486450e+03
   3.7292083e+02  -1.3495828e+03
   3.7294583e+02  -1.3503915e+03
   3.7296667e+02  -1.3508170e+03
   3.7299167e+02  -1.3510487e+03
   3.7302500e+02  -1.3505717e+03
   3.7304583e+02  -1.3489498e+03
   3.7307083e+02  -1.3460721e+03
   3.7309167e+02  -1.3434993e+03
   3.7311667e+02  -1.3409140e+03
   3.7313750e+02  -1.3395124e+03
   3.7316250e+02  -1.3382841e+03
   3.7318333e+02  -1.3374224e+03
   3.7320833e+02  -1.3371270e+03
   3.7322917e+02  -1.3376138e+03
   3.7325000e+02  -1.3377025e+03
   3.7327500e+02  -1.3364567e+03
   3.7329583e+02  -1.3346563e+03
   3.7332083e+02  -1.3321326e+03
   3.7334167e+02  -1.3303421e+03
   3.7336667e+02  -1.3290647e+03
   3.7338750e+02  -1.3283713e+03
   3.7341250e+02  -1.3279076e+03
   3.7343333e+02  -1.3281984e+03
   3.7345833e+02  -1.3293444e+03
   3.7347917e+02  -1.3302325e+03
   3.7350417e+02  -1.3306379e+03
   3.7352500e+02  -1.3303916e+03
   3.7354583e+02  -1.3297423e+03
   3.7357083e+02  -1.3290612e+03
   3.7359167e+02  -1.3288872e+03
   3.7361667e+02  -1.3288758e+03
   3.7363750e+02  -1.3289800e+03
   3.7366250e+02  -1.3296667e+03
   3.7368333e+02  -1.3307153e+03
   3.7370833e+02  -1.3321137e+03
   3.7372917e+02  -1.3330158e+03
   3.7375417e+02  -1.3334203e+03
   3.7377500e+02  -1.3331565e+03
   3.7379583e+02  -1.3326578e+03
   3.7382083e+02  -1.3322824e+03
   3.7384167e+02  -1.3321361e+03
   3.7386667e+02  -1.3320213e+03
   3.7388750e+02  -1.3321759e+03
   3.7391250e+02  -1.3328389e+03
   3.7393333e+02  -1.3335553e+03
   3.7395833e+02  -1.3342468e+03
   3.7397917e+02  -1.3344368e+03
   3.7401250e+02  -1.3338122e+03
   3.7403750e+02  -1.3336510e+03
   3.7405833e+02  -1.3341511e+03
   3.7408333e+02  -1.3353148e+03
   3.7410417e+02  -1.3369109e+03
   3.7412500e+02  -1.3393397e+03
   3.7415000e+02  -1.3429171e+03
   3.7417083e+02  -1.3457948e+03
   3.7419583e+02  -1.3485626e+03
   3.7421667e+02  -1.3501398e+03
   3.7424167e+02  -1.3508442e+03
   3.7426250e+02  -1.3509499e+03
   3.7428750e+02  -1.3506161e+03
   3.7430833e+02  -1.3499919e+03
   3.7433333e+02  -1.3492452e+03
   3.7435417e+02  -1.3490514e+03
   3.7437917e+02  -1.3493026e+03
   3.7440000e+02  -1.3496623e+03
   3.7442083e+02  -1.3500515e+03
   3.7444583e+02  -1.3505965e+03
   3.7446667e+02  -1.3509502e+03
   3.7449167e+02  -1.3509971e+03
   3.7451250e+02  -1.3507259e+03
   3.7453750e+02  -1.3500331e+03
   3.7455833e+02  -1.3492822e+03
   3.7458333e+02  -1.3485858e+03
   3.7460417e+02  -1.3482916e+03
   3.7462917e+02  -1.3482101e+03
   3.7465000e+02  -1.3484677e+03
   3.7467083e+02  -1.3489857e+03
   3.7469583e+02  -1.3496643e+03
   3.7471667e+02  -1.3501265e+03
   3.7474167e+02  -1.3504967e+03
   3.7476250e+02  -1.3505763e+03
   3.7478750e+02  -1.3502845e+03
   3.7480833e+02  -1.3498772e+03
   3.7483333e+02  -1.3494552e+03
   3.7485417e+02  -1.3492821e+03
   3.7487917e+02  -1.3494222e+03
   3.7490000e+02  -1.3498348e+03
   3.7492083e+02  -1.3502704e+03
   3.7494583e+02  -1.3505591e+03
   3.7496667e+02  -1.3507567e+03
   3.7499167e+02  -1.3510176e+03
   3.7502500e+02  -1.3512082e+03
   3.7504583e+02  -1.3517950e+03
   3.7507083e+02  -1.3532323e+03
   3.7509167e+02  -1.3552470e+03
   3.7511667e+02  -1.3586300e+03
   3.7513750e+02  -1.3617826e+03
   3.7516250e+02  -1.3648938e+03
   3.7518333e+02  -1.3668854e+03
   3.7520833e+02  -1.3689983e+03
   3.7522917e+02  -1.3701807e+03
   3.7525000e+02  -1.3707522e+03
   3.7527500e+02  -1.3709842e+03
   3.7529583e+02  -1.3712127e+03
   3.7532083e+02  -1.3716621e+03
   3.7534167e+02  -1.3720919e+03
   3.7536667e+02  -1.3723009e+03
   3.7538750e+02  -1.3719435e+03
   3.7541250e+02  -1.3712938e+03
   3.7543333e+02  -1.3709649e+03
   3.7545833e+02  -1.3706167e+03
   3.7547917e+02  -1.3698792e+03
   3.7550417e+02  -1.3687392e+03
   3.7552500e+02  -1.3680709e+03
   3.7554583e+02  -1.3676445e+03
   3.7557083e+02  -1.3672301e+03
   3.7559167e+02  -1.3669424e+03
   3.7561667e+02  -1.3667520e+03
   3.7563750e+02  -1.3669983e+03
   3.7566250e+02  -1.3679614e+03
   3.7568333e+02  -1.3687897e+03
   3.7570833e+02  -1.3692423e+03
   3.7572917e+02  -1.3694161e+03
   3.7575417e+02  -1.3697211e+03
   3.7577500e+02  -1.3697551e+03
   3.7579583e+02  -1.3693036e+03
   3.7582083e+02  -1.3684613e+03
   3.7584167e+02  -1.3679046e+03
   3.7586667e+02  -1.3677348e+03
   3.7588750e+02  -1.3680881e+03
   3.7591250e+02  -1.3686670e+03
   3.7593333e+02  -1.3688861e+03
   3.7595833e+02  -1.3691662e+03
   3.7597917e+02  -1.3696309e+03
   3.7601250e+02  -1.3698927e+03
   3.7603750e+02  -1.3701581e+03
   3.7605833e+02  -1.3710057e+03
   3.7608333e+02  -1.3729560e+03
   3.7610417e+02  -1.3754149e+03
   3.7612500e+02  -1.3783927e+03
   3.7615000e+02  -1.3817979e+03
   3.7617083e+02  -1.3842011e+03
   3.7619583e+02  -1.3869347e+03
   3.7621667e+02  -1.3890111e+03
   3.7624167e+02  -1.3907102e+03
   3.7626250e+02  -1.3920190e+03
   3.7628750e+02  -1.3934999e+03
   3.7630833e+02  -1.3945296e+03
   3.7633333e+02  -1.3955106e+03
   3.7635417e+02  -1.3959495e+03
   3.7637917e+02  -1.3957959e+03
   3.7640000e+02  -1.3952941e+03
   3.7642083e+02  -1.3948178e+03
   3.7644583e+02  -1.3946219e+03
   3.7646667e+02  -1.3947098e+03
   3.7649167e+02  -1.3950243e+03
   3.7651250e+02  -1.3954420e+03
   3.7653750e+02  -1.3959196e+03
   3.7655833e+02  -1.3960735e+03
   3.7658333e+02  -1.3957518e+03
   3.7660417e+02  -1.3951043e+03
   3.7662917e+02  -1.3941639e+03
   3.7665000e+02  -1.3937112e+03
   3.7667083e+02  -1.3937640e+03
   3.7669583e+02  -1.3943665e+03
   3.7671667e+02  -1.3952698e+03
   3.7674167e+02  -1.3967682e+03
   3.7676250e+02  -1.3979740e+03
   3.7678750e+02  -1.3986481e+03
   3.7680833e+02  -1.3984891e+03
   3.7683333e+02  -1.3977889e+03
   3.7685417e+02  -1.3969639e+03
   3.7687917e+02  -1.3958641e+03
   3.7690000e+02  -1.3951477e+03
   3.7692083e+02  -1.3948095e+03
   3.7694583e+02  -1.3951131e+03
   3.7696667e+02  -1.3959677e+03
   3.7699167e+02  -1.3971879e+03
   3.7702500e+02  -1.3983151e+03
   3.7704583e+02  -1.3992151e+03
   3.7707083e+02  -1.4003967e+03
   3.7709167e+02  -1.4014260e+03
   3.7711667e+02  -1.4029861e+03
   3.7713750e+02  -1.4047297e+03
   3.7716250e+02  -1.4071774e+03
   3.7718333e+02  -1.4093132e+03
   3.7720833e+02  -1.4116694e+03
   3.7722917e+02  -1.4130111e+03
   3.7725000e+02  -1.4140555e+03
   3.7727500e+02  -1.4151012e+03
   3.7729583e+02  -1.4154387e+03
   3.7732083e+02  -1.4151608e+03
   3.7734167e+02  -1.4147186e+03
   3.7736667e+02  -1.4143221e+03
   3.7738750e+02  -1.4142272e+03
   3.7741250e+02  -1.4146791e+03
   3.7743333e+02  -1.4154816e+03
   3.7745833e+02  -1.4167999e+03
   3.7747917e+02  -1.4179796e+03
   3.7750417e+02  -1.4191672e+03
   3.7752500e+02  -1.4196294e+03
   3.7754583e+02  -1.4194589e+03
   3.7757083e+02  -1.4186703e+03
   3.7759167e+02  -1.4176747e+03
   3.7761667e+02  -1.4163129e+03
   3.7763750e+02  -1.4154961e+03
   3.7766250e+02  -1.4152775e+03
   3.7768333e+02  -1.4156311e+03
   3.7770833e+02  -1.4165860e+03
   3.7772917e+02  -1.4177092e+03
   3.7775417e+02  -1.4189638e+03
   3.7777500e+02  -1.4195670e+03
   3.7779583e+02  -1.4196856e+03
   3.7782083e+02  -1.4192112e+03
   3.7784167e+02  -1.4183906e+03
   3.7786667e+02  -1.4172261e+03
   3.7788750e+02  -1.4163960e+03
   3.7791250e+02  -1.4157608e+03
   3.7793333e+02  -1.4155306e+03
   3.7795833e+02  -1.4156799e+03
   3.7797917e+02  -1.4161413e+03
   3.7801250e+02  -1.4173800e+03
   3.7803750e+02  -1.4186099e+03
   3.7805833e+02  -1.4194721e+03
   3.7808333e+02  -1.4203300e+03
   3.7810417e+02  -1.4211413e+03
   3.7812500e+02  -1.4221579e+03
   3.7815000e+02  -1.4233151e+03
   3.7817083e+02  -1.4240440e+03
   3.7819583e+02  -1.4247837e+03
   3.7821667e+02  -1.4254781e+03
   3.7824167e+02  -1.4264083e+03
   3.7826250e+02  -1.4273656e+03
   3.7828750e+02  -1.4284228e+03
   3.7830833e+02  -1.4290328e+03
   3.7833333e+02  -1.4295938e+03
   3.7835417e+02  -1.4298432e+03
   3.7837917e+02  -1.4296590e+03
   3.7840000e+02  -1.4292582e+03
   3.7842083e+02  -1.4289072e+03
   3.7844583e+02  -1.4288671e+03
   3.7846667e+02  -1.4291426e+03
   3.7849167e+02  -1.4296687e+03
   3.7851250e+02  -1.4300962e+03
   3.7853750e+02  -1.4303863e+03
   3.7855833e+02  -1.4304176e+03
   3.7858333e+02  -1.4300627e+03
   3.7860417e+02  -1.4293641e+03
   3.7862917e+02  -1.4283174e+03
   3.7865000e+02  -1.4277394e+03
   3.7867083e+02  -1.4276192e+03
   3.7869583e+02  -1.4279469e+03
   3.7871667e+02  -1.4285566e+03
   3.7874167e+02  -1.4295744e+03
   3.7876250e+02  -1.4304021e+03
   3.7878750e+02  -1.4309942e+03
   3.7880833e+02  -1.4309845e+03
   3.7883333e+02  -1.4303525e+03
   3.7885417e+02  -1.4294715e+03
   3.7887917e+02  -1.4284227e+03
   3.7890000e+02  -1.4278954e+03
   3.7892083e+02  -1.4276394e+03
   3.7894583e+02  -1.4276343e+03
   3.7896667e+02  -1.4280442e+03
   3.7899167e+02  -1.4289572e+03
   3.7902500e+02  -1.4301328e+03
   3.7904583e+02  -1.4299134e+03
   3.7907083e+02  -1.4288556e+03
   3.7909167e+02  -1.4279732e+03
   3.7911667e+02  -1.4273993e+03
   3.7913750e+02  -1.4271206e+03
   3.7916250e+02  -1.4265445e+03
   3.7918333e+02  -1.4261234e+03
   3.7920833e+02  -1.4260964e+03
   3.7922917e+02  -1.4263283e+03
   3.7925000e+02  -1.4261785e+03
   3.7927500e+02  -1.4252474e+03
   3.7929583e+02  -1.4242549e+03
   3.7932083e+02  -1.4233765e+03
   3.7934167e+02  -1.4231088e+03
   3.7936667e+02  -1.4230043e+03
   3.7938750e+02  -1.4228825e+03
   3.7941250e+02  -1.4230553e+03
   3.7943333e+02  -1.4235448e+03
   3.7945833e+02  -1.4241443e+03
   3.7947917e+02  -1.4241376e+03
   3.7950417e+02  -1.4233272e+03
   3.7952500e+02  -1.4222879e+03
   3.7954583e+02  -1.4213549e+03
   3.7957083e+02  -1.4208694e+03
   3.7959167e+02  -1.4208621e+03
   3.7961667e+02  -1.4209205e+03
   3.7963750e+02  -1.4211346e+03
   3.7966250e+02  -1.4218433e+03
   3.7968333e+02  -1.4226862e+03
   3.7970833e+02  -1.4235729e+03
   3.7972917e+02  -1.4239292e+03
   3.7975417e+02  -1.4239127e+03
   3.7977500e+02  -1.4238085e+03
   3.7979583e+02  -1.4238119e+03
   3.7982083e+02  -1.4239106e+03
   3.7984167e+02  -1.4239513e+03
   3.7986667e+02  -1.4237644e+03
   3.7988750e+02  -1.4234202e+03
   3.7991250e+02  -1.4230170e+03
   3.7993333e+02  -1.4226581e+03
   3.7995833e+02  -1.4220470e+03
   3.7997917e+02  -1.4214853e+03
   3.8001250e+02  -1.4211922e+03
   3.8003750e+02  -1.4220144e+03
   3.8005833e+02  -1.4233327e+03
   3.8008333e+02  -1.4254980e+03
   3.8010417e+02  -1.4275267e+03
   3.8012500e+02  -1.4294654e+03
   3.8015000e+02  -1.4312477e+03
   3.8017083e+02  -1.4321389e+03
   3.8019583e+02  -1.4326251e+03
   3.8021667e+02  -1.4325880e+03
   3.8024167e+02  -1.4321127e+03
   3.8026250e+02  -1.4318835e+03
   3.8028750e+02  -1.4322418e+03
   3.8030833e+02  -1.4330809e+03
   3.8033333e+02  -1.4342641e+03
   3.8035417e+02  -1.4348242e+03
   3.8037917e+02  -1.4349087e+03
   3.8040000e+02  -1.4349345e+03
   3.8042083e+02  -1.4350503e+03
   3.8044583e+02  -1.4349817e+03
   3.8046667e+02  -1.4345942e+03
   3.8049167e+02  -1.4341168e+03
   3.8051250e+02  -1.4340294e+03
   3.8053750e+02  -1.4340282e+03
   3.8055833e+02  -1.4338961e+03
   3.8058333e+02  -1.4335543e+03
   3.8060417e+02  -1.4332633e+03
   3.8062917e+02  -1.4331881e+03
   3.8065000e+02  -1.4334443e+03
   3.8067083e+02  -1.4338499e+03
   3.8069583e+02  -1.4345238e+03
   3.8071667e+02  -1.4354069e+03
   3.8074167e+02  -1.4366056e+03
   3.8076250e+02  -1.4372953e+03
   3.8078750e+02  -1.4375216e+03
   3.8080833e+02  -1.4373172e+03
   3.8083333e+02  -1.4368493e+03
   3.8085417e+02  -1.4363914e+03
   3.8087917e+02  -1.4356787e+03
   3.8090000e+02  -1.4350846e+03
   3.8092083e+02  -1.4347711e+03
   3.8094583e+02  -1.4347719e+03
   3.8096667e+02  -1.4348264e+03
   3.8099167e+02  -1.4347093e+03
   3.8102500e+02  -1.4343121e+03
   3.8104583e+02  -1.4339984e+03
   3.8107083e+02  -1.4337528e+03
   3.8109167e+02  -1.4338822e+03
   3.8111667e+02  -1.4343942e+03
   3.8113750e+02  -1.4351676e+03
   3.8116250e+02  -1.4364218e+03
   3.8118333e+02  -1.4375418e+03
   3.8120833e+02  -1.4385685e+03
   3.8122917e+02  -1.4388706e+03
   3.8125000e+02  -1.4387468e+03
   3.8127500e+02  -1.4384779e+03
   3.8129583e+02  -1.4384677e+03
   3.8132083e+02  -1.4386816e+03
   3.8134167e+02  -1.4388853e+03
   3.8136667e+02  -1.4393059e+03
   3.8138750e+02  -1.4400678e+03
   3.8141250e+02  -1.4413509e+03
   3.8143333e+02  -1.4420914e+03
   3.8145833e+02  -1.4422941e+03
   3.8147917e+02  -1.4420922e+03
   3.8150417e+02  -1.4417248e+03
   3.8152500e+02  -1.4413275e+03
   3.8154583e+02  -1.4408076e+03
   3.8157083e+02  -1.4403323e+03
   3.8159167e+02  -1.4402817e+03
   3.8161667e+02  -1.4406565e+03
   3.8163750e+02  -1.4410878e+03
   3.8166250e+02  -1.4413675e+03
   3.8168333e+02  -1.4414042e+03
   3.8170833e+02  -1.4413521e+03
   3.8172917e+02  -1.4411782e+03
   3.8175417e+02  -1.4407624e+03
   3.8177500e+02  -1.4403723e+03
   3.8179583e+02  -1.4400273e+03
   3.8182083e+02  -1.4397612e+03
   3.8184167e+02  -1.4397149e+03
   3.8186667e+02  -1.4396773e+03
   3.8188750e+02  -1.4395258e+03
   3.8191250e+02  -1.4392813e+03
   3.8193333e+02  -1.4389748e+03
   3.8195833e+02  -1.4384928e+03
   3.8197917e+02  -1.4382599e+03
   3.8201250e+02  -1.4385171e+03
   3.8203750e+02  -1.4380914e+03
   3.8205833e+02  -1.4369195e+03
   3.8208333e+02  -1.4352195e+03
   3.8210417e+02  -1.4337449e+03
   3.8212500e+02  -1.4322398e+03
   3.8215000e+02  -1.4304117e+03
   3.8217083e+02  -1.4290474e+03
   3.8219583e+02  -1.4278873e+03
   3.8221667e+02  -1.4275869e+03
   3.8224167e+02  -1.4277210e+03
   3.8226250e+02  -1.4274397e+03
   3.8228750e+02  -1.4268925e+03
   3.8230833e+02  -1.4265842e+03
   3.8233333e+02  -1.4264718e+03
   3.8235417e+02  -1.4264276e+03
   3.8237917e+02  -1.4265136e+03
   3.8240000e+02  -1.4267726e+03
   3.8242083e+02  -1.4271909e+03
   3.8244583e+02  -1.4279542e+03
   3.8246667e+02  -1.4286033e+03
   3.8249167e+02  -1.4288341e+03
   3.8251250e+02  -1.4284349e+03
   3.8253750e+02  -1.4276557e+03
   3.8255833e+02  -1.4270574e+03
   3.8258333e+02  -1.4264649e+03
   3.8260417e+02  -1.4259982e+03
   3.8262917e+02  -1.4254436e+03
   3.8265000e+02  -1.4253605e+03
   3.8267083e+02  -1.4259144e+03
   3.8269583e+02  -1.4270133e+03
   3.8271667e+02  -1.4276845e+03
   3.8274167e+02  -1.4280235e+03
   3.8276250e+02  -1.4282047e+03
   3.8278750e+02  -1.4282116e+03
   3.8280833e+02  -1.4276956e+03
   3.8283333e+02  -1.4263960e+03
   3.8285417e+02  -1.4250353e+03
   3.8287917e+02  -1.4236603e+03
   3.8290000e+02  -1.4231068e+03
   3.8292083e+02  -1.4228664e+03
   3.8294583e+02  -1.4225327e+03
   3.8296667e+02  -1.4224788e+03
   3.8299167e+02  -1.4231425e+03
   3.8302500e+02  -1.4243936e+03
   3.8304583e+02  -1.4243132e+03
   3.8307083e+02  -1.4235112e+03
   3.8309167e+02  -1.4228620e+03
   3.8311667e+02  -1.4225735e+03
   3.8313750e+02  -1.4227447e+03
   3.8316250e+02  -1.4228824e+03
   3.8318333e+02  -1.4228578e+03
   3.8320833e+02  -1.4232360e+03
   3.8322917e+02  -1.4240655e+03
   3.8325000e+02  -1.4247165e+03
   3.8327500e+02  -1.4245098e+03
   3.8329583e+02  -1.4236749e+03
   3.8332083e+02  -1.4226661e+03
   3.8334167e+02  -1.4223245e+03
   3.8336667e+02  -1.4224002e+03
   3.8338750e+02  -1.4224722e+03
   3.8341250e+02  -1.4225662e+03
   3.8343333e+02  -1.4230903e+03
   3.8345833e+02  -1.4245169e+03
   3.8347917e+02  -1.4255696e+03
   3.8350417e+02  -1.4257684e+03
   3.8352500e+02  -1.4252551e+03
   3.8354583e+02  -1.4247152e+03
   3.8357083e+02  -1.4245029e+03
   3.8359167e+02  -1.4244666e+03
   3.8361667e+02  -1.4242024e+03
   3.8363750e+02  -1.4239490e+03
   3.8366250e+02  -1.4243531e+03
   3.8368333e+02  -1.4253600e+03
   3.8370833e+02  -1.4265220e+03
   3.8372917e+02  -1.4268980e+03
   3.8375417e+02  -1.4267922e+03
   3.8377500e+02  -1.4265662e+03
   3.8379583e+02  -1.4262040e+03
   3.8382083e+02  -1.4254864e+03
   3.8384167e+02  -1.4246502e+03
   3.8386667e+02  -1.4236491e+03
   3.8388750e+02  -1.4231743e+03
   3.8391250e+02  -1.4231739e+03
   3.8393333e+02  -1.4232577e+03
   3.8395833e+02  -1.4232221e+03
   3.8397917e+02  -1.4233530e+03
   3.8401250e+02  -1.4240335e+03
   3.8403750e+02  -1.4243178e+03
   3.8405833e+02  -1.4240351e+03
   3.8408333e+02  -1.4233656e+03
   3.8410417e+02  -1.4229993e+03
   3.8412500e+02  -1.4233982e+03
   3.8415000e+02  -1.4247999e+03
   3.8417083e+02  -1.4259922e+03
   3.8419583e+02  -1.4269291e+03
   3.8421667e+02  -1.4276263e+03
   3.8424167e+02  -1.4285089e+03
   3.8426250e+02  -1.4288516e+03
   3.8428750e+02  -1.4280138e+03
   3.8430833e+02  -1.4261410e+03
   3.8433333e+02  -1.4237001e+03
   3.8435417e+02  -1.4225775e+03
   3.8437917e+02  -1.4222008e+03
   3.8440000e+02  -1.4220645e+03
   3.8442083e+02  -1.4220653e+03
   3.8444583e+02  -1.4229142e+03
   3.8446667e+02  -1.4244295e+03
   3.8449167e+02  -1.4263361e+03
   3.8451250e+02  -1.4271375e+03
   3.8453750e+02  -1.4269609e+03
   3.8455833e+02  -1.4265289e+03
   3.8458333e+02  -1.4264000e+03
   3.8460417e+02  -1.4264892e+03
   3.8462917e+02  -1.4263288e+03
   3.8465000e+02  -1.4261564e+03
   3.8467083e+02  -1.4265216e+03
   3.8469583e+02  -1.4278628e+03
   3.8471667e+02  -1.4291951e+03
   3.8474167e+02  -1.4302578e+03
   3.8476250e+02  -1.4305148e+03
   3.8478750e+02  -1.4301967e+03
   3.8480833e+02  -1.4296608e+03
   3.8483333e+02  -1.4289188e+03
   3.8485417e+02  -1.4281502e+03
   3.8487917e+02  -1.4271683e+03
   3.8490000e+02  -1.4267976e+03
   3.8492083e+02  -1.4269640e+03
   3.8494583e+02  -1.4274876e+03
   3.8496667e+02  -1.4280388e+03
   3.8499167e+02  -1.4287617e+03
   3.8502500e+02  -1.4295443e+03
   3.8504583e+02  -1.4297998e+03
   3.8507083e+02  -1.4298173e+03
   3.8509167e+02  -1.4298564e+03
   3.8511667e+02  -1.4305435e+03
   3.8513750e+02  -1.4319542e+03
   3.8516250e+02  -1.4341461e+03
   3.8518333e+02  -1.4356620e+03
   3.8520833e+02  -1.4367632e+03
   3.8522917e+02  -1.4371644e+03
   3.8525000e+02  -1.4372698e+03
   3.8527500e+02  -1.4365141e+03
   3.8529583e+02  -1.4348090e+03
   3.8532083e+02  -1.4323108e+03
   3.8534167e+02  -1.4308562e+03
   3.8536667e+02  -1.4303823e+03
   3.8538750e+02  -1.4306089e+03
   3.8541250e+02  -1.4310087e+03
   3.8543333e+02  -1.4313532e+03
   3.8545833e+02  -1.4321511e+03
   3.8547917e+02  -1.4330135e+03
   3.8550417e+02  -1.4332578e+03
   3.8552500e+02  -1.4325187e+03
   3.8554583e+02  -1.4315290e+03
   3.8557083e+02  -1.4310527e+03
   3.8559167e+02  -1.4314226e+03
   3.8561667e+02  -1.4322447e+03
   3.8563750e+02  -1.4328940e+03
   3.8566250e+02  -1.4336870e+03
   3.8568333e+02  -1.4345625e+03
   3.8570833e+02  -1.4357317e+03
   3.8572917e+02  -1.4361779e+03
   3.8575417e+02  -1.4358021e+03
   3.8577500e+02  -1.4351678e+03
   3.8579583e+02  -1.4346420e+03
   3.8582083e+02  -1.4344216e+03
   3.8584167e+02  -1.4345707e+03
   3.8586667e+02  -1.4349227e+03
   3.8588750e+02  -1.4352828e+03
   3.8591250e+02  -1.4358519e+03
   3.8593333e+02  -1.4362701e+03
   3.8595833e+02  -1.4363419e+03
   3.8597917e+02  -1.4361374e+03
   3.8601250e+02  -1.4358973e+03
   3.8603750e+02  -1.4359322e+03
   3.8605833e+02  -1.4360487e+03
   3.8608333e+02  -1.4363882e+03
   3.8610417e+02  -1.4369942e+03
   3.8612500e+02  -1.4382305e+03
   3.8615000e+02  -1.4404308e+03
   3.8617083e+02  -1.4421304e+03
   3.8619583e+02  -1.4432916e+03
   3.8621667e+02  -1.4438784e+03
   3.8624167e+02  -1.4445066e+03
   3.8626250e+02  -1.4448974e+03
   3.8628750e+02  -1.4445148e+03
   3.8630833e+02  -1.4434787e+03
   3.8633333e+02  -1.4422115e+03
   3.8635417e+02  -1.4417632e+03
   3.8637917e+02  -1.4417903e+03
   3.8640000e+02  -1.4416795e+03
   3.8642083e+02  -1.4413470e+03
   3.8644583e+02  -1.4414201e+03
   3.8646667e+02  -1.4420898e+03
   3.8649167e+02  -1.4429238e+03
   3.8651250e+02  -1.4430493e+03
   3.8653750e+02  -1.4425772e+03
   3.8655833e+02  -1.4421326e+03
   3.8658333e+02  -1.4417700e+03
   3.8660417e+02  -1.4415326e+03
   3.8662917e+02  -1.4411306e+03
   3.8665000e+02  -1.4408826e+03
   3.8667083e+02  -1.4409763e+03
   3.8669583e+02  -1.4415713e+03
   3.8671667e+02  -1.4422648e+03
   3.8674167e+02  -1.4428515e+03
   3.8676250e+02  -1.4429988e+03
   3.8678750e+02  -1.4427071e+03
   3.8680833e+02  -1.4420557e+03
   3.8683333e+02  -1.4410929e+03
   3.8685417e+02  -1.4404913e+03
   3.8687917e+02  -1.4402460e+03
   3.8690000e+02  -1.4404920e+03
   3.8692083e+02  -1.4411185e+03
   3.8694583e+02  -1.4421575e+03
   3.8696667e+02  -1.4431740e+03
   3.8699167e+02  -1.4444458e+03
   3.8702500e+02  -1.4454757e+03
   3.8704583e+02  -1.4455809e+03
   3.8707083e+02  -1.4452720e+03
   3.8709167e+02  -1.4452177e+03
   3.8711667e+02  -1.4460725e+03
   3.8713750e+02  -1.4477955e+03
   3.8716250e+02  -1.4505740e+03
   3.8718333e+02  -1.4530176e+03
   3.8720833e+02  -1.4559885e+03
   3.8722917e+02  -1.4582492e+03
   3.8725000e+02  -1.4601694e+03
   3.8727500e+02  -1.4613819e+03
   3.8729583e+02  -1.4611148e+03
   3.8732083e+02  -1.4598157e+03
   3.8734167e+02  -1.4586732e+03
   3.8736667e+02  -1.4577462e+03
   3.8738750e+02  -1.4573486e+03
   3.8741250e+02  -1.4572798e+03
   3.8743333e+02  -1.4577539e+03
   3.8745833e+02  -1.4592678e+03
   3.8747917e+02  -1.4609107e+03
   3.8750417e+02  -1.4624674e+03
   3.8752500e+02  -1.4630786e+03
   3.8754583e+02  -1.4630984e+03
   3.8757083e+02  -1.4624691e+03
   3.8759167e+02  -1.4614968e+03
   3.8761667e+02  -1.4601722e+03
   3.8763750e+02  -1.4591933e+03
   3.8766250e+02  -1.4583029e+03
   3.8768333e+02  -1.4579220e+03
   3.8770833e+02  -1.4580131e+03
   3.8772917e+02  -1.4584259e+03
   3.8775417e+02  -1.4589865e+03
   3.8777500e+02  -1.4592007e+03
   3.8779583e+02  -1.4588592e+03
   3.8782083e+02  -1.4577605e+03
   3.8784167e+02  -1.4568122e+03
   3.8786667e+02  -1.4560175e+03
   3.8788750e+02  -1.4554605e+03
   3.8791250e+02  -1.4549432e+03
   3.8793333e+02  -1.4547851e+03
   3.8795833e+02  -1.4551320e+03
   3.8797917e+02  -1.4560011e+03
   3.8801250e+02  -1.4578960e+03
   3.8803750e+02  -1.4581608e+03
   3.8805833e+02  -1.4572685e+03
   3.8808333e+02  -1.4559452e+03
   3.8810417e+02  -1.4551744e+03
   3.8812500e+02  -1.4547029e+03
   3.8815000e+02  -1.4543026e+03
   3.8817083e+02  -1.4542704e+03
   3.8819583e+02  -1.4550795e+03
   3.8821667e+02  -1.4567304e+03
   3.8824167e+02  -1.4590505e+03
   3.8826250e+02  -1.4602830e+03
   3.8828750e+02  -1.4606774e+03
   3.8830833e+02  -1.4604988e+03
   3.8833333e+02  -1.4600377e+03
   3.8835417e+02  -1.4593241e+03
   3.8837917e+02  -1.4581575e+03
   3.8840000e+02  -1.4573265e+03
   3.8842083e+02  -1.4571207e+03
   3.8844583e+02  -1.4579912e+03
   3.8846667e+02  -1.4592314e+03
   3.8849167e+02  -1.4605037e+03
   3.8851250e+02  -1.4611659e+03
   3.8853750e+02  -1.4615821e+03
   3.8855833e+02  -1.4615168e+03
   3.8858333e+02  -1.4607904e+03
   3.8860417e+02  -1.4597409e+03
   3.8862917e+02  -1.4583916e+03
   3.8865000e+02  -1.4577062e+03
   3.8867083e+02  -1.4576365e+03
   3.8869583e+02  -1.4581238e+03
   3.8871667e+02  -1.4587072e+03
   3.8874167e+02  -1.4594981e+03
   3.8876250e+02  -1.4600872e+03
   3.8878750e+02  -1.4601612e+03
   3.8880833e+02  -1.4593684e+03
   3.8883333e+02  -1.4577874e+03
   3.8885417e+02  -1.4565073e+03
   3.8887917e+02  -1.4554155e+03
   3.8890000e+02  -1.4550577e+03
   3.8892083e+02  -1.4550931e+03
   3.8894583e+02  -1.4554540e+03
   3.8896667e+02  -1.4560994e+03
   3.8899167e+02  -1.4573161e+03
   3.8902500e+02  -1.4582506e+03
   3.8904583e+02  -1.4572250e+03
   3.8907083e+02  -1.4549716e+03
   3.8909167e+02  -1.4532101e+03
   3.8911667e+02  -1.4519182e+03
   3.8913750e+02  -1.4517754e+03
   3.8916250e+02  -1.4523572e+03
   3.8918333e+02  -1.4532146e+03
   3.8920833e+02  -1.4550377e+03
   3.8922917e+02  -1.4571136e+03
   3.8925000e+02  -1.4587680e+03
   3.8927500e+02  -1.4590688e+03
   3.8929583e+02  -1.4581001e+03
   3.8932083e+02  -1.4562348e+03
   3.8934167e+02  -1.4546390e+03
   3.8936667e+02  -1.4532797e+03
   3.8938750e+02  -1.4525838e+03
   3.8941250e+02  -1.4523013e+03
   3.8943333e+02  -1.4528491e+03
   3.8945833e+02  -1.4545614e+03
   3.8947917e+02  -1.4561042e+03
   3.8950417e+02  -1.4570418e+03
   3.8952500e+02  -1.4569397e+03
   3.8954583e+02  -1.4562734e+03
   3.8957083e+02  -1.4552306e+03
   3.8959167e+02  -1.4544712e+03
   3.8961667e+02  -1.4537596e+03
   3.8963750e+02  -1.4534030e+03
   3.8966250e+02  -1.4536717e+03
   3.8968333e+02  -1.4545594e+03
   3.8970833e+02  -1.4559439e+03
   3.8972917e+02  -1.4569236e+03
   3.8975417e+02  -1.4574797e+03
   3.8977500e+02  -1.4572599e+03
   3.8979583e+02  -1.4564570e+03
   3.8982083e+02  -1.4552327e+03
   3.8984167e+02  -1.4544117e+03
   3.8986667e+02  -1.4537739e+03
   3.8988750e+02  -1.4536435e+03
   3.8991250e+02  -1.4541859e+03
   3.8993333e+02  -1.4551481e+03
   3.8995833e+02  -1.4565010e+03
   3.8997917e+02  -1.4573780e+03
   3.9001250e+02  -1.4578209e+03
   3.9003750e+02  -1.4564320e+03
   3.9005833e+02  -1.4539300e+03
   3.9008333e+02  -1.4501283e+03
   3.9010417e+02  -1.4471379e+03
   3.9012500e+02  -1.4449720e+03
   3.9015000e+02  -1.4437529e+03
   3.9017083e+02  -1.4436071e+03
   3.9019583e+02  -1.4440750e+03
   3.9021667e+02  -1.4449835e+03
   3.9024167e+02  -1.4461505e+03
   3.9026250e+02  -1.4461114e+03
   3.9028750e+02  -1.4445581e+03
   3.9030833e+02  -1.4423261e+03
   3.9033333e+02  -1.4394552e+03
   3.9035417e+02  -1.4376508e+03
   3.9037917e+02  -1.4367124e+03
   3.9040000e+02  -1.4368515e+03
   3.9042083e+02  -1.4377039e+03
   3.9044583e+02  -1.4395194e+03
   3.9046667e+02  -1.4413650e+03
   3.9049167e+02  -1.4430762e+03
   3.9051250e+02  -1.4435901e+03
   3.9053750e+02  -1.4430889e+03
   3.9055833e+02  -1.4420076e+03
   3.9058333e+02  -1.4405183e+03
   3.9060417e+02  -1.4396035e+03
   3.9062917e+02  -1.4391138e+03
   3.9065000e+02  -1.4391287e+03
   3.9067083e+02  -1.4395353e+03
   3.9069583e+02  -1.4405613e+03
   3.9071667e+02  -1.4417212e+03
   3.9074167e+02  -1.4430345e+03
   3.9076250e+02  -1.4435457e+03
   3.9078750e+02  -1.4430488e+03
   3.9080833e+02  -1.4419979e+03
   3.9083333e+02  -1.4409693e+03
   3.9085417e+02  -1.4405216e+03
   3.9087917e+02  -1.4399561e+03
   3.9090000e+02  -1.4395297e+03
   3.9092083e+02  -1.4395063e+03
   3.9094583e+02  -1.4402370e+03
   3.9096667e+02  -1.4411861e+03
   3.9099167e+02  -1.4421408e+03
   3.9102500e+02  -1.4424579e+03
   3.9104583e+02  -1.4418447e+03
   3.9107083e+02  -1.4406631e+03
   3.9109167e+02  -1.4395469e+03
   3.9111667e+02  -1.4381669e+03
   3.9113750e+02  -1.4373481e+03
   3.9116250e+02  -1.4371466e+03
   3.9118333e+02  -1.4375072e+03
   3.9120833e+02  -1.4382749e+03
   3.9122917e+02  -1.4388904e+03
   3.9125000e+02  -1.4391401e+03
   3.9127500e+02  -1.4387291e+03
   3.9129583e+02  -1.4379934e+03
   3.9132083e+02  -1.4370443e+03
   3.9134167e+02  -1.4362114e+03
   3.9136667e+02  -1.4353888e+03
   3.9138750e+02  -1.4351752e+03
   3.9141250e+02  -1.4356920e+03
   3.9143333e+02  -1.4365333e+03
   3.9145833e+02  -1.4377560e+03
   3.9147917e+02  -1.4386386e+03
   3.9150417e+02  -1.4393183e+03
   3.9152500e+02  -1.4397473e+03
   3.9154583e+02  -1.4400335e+03
   3.9157083e+02  -1.4398697e+03
   3.9159167e+02  -1.4392611e+03
   3.9161667e+02  -1.4385561e+03
   3.9163750e+02  -1.4382573e+03
   3.9166250e+02  -1.4378772e+03
   3.9168333e+02  -1.4373409e+03
   3.9170833e+02  -1.4366287e+03
   3.9172917e+02  -1.4363809e+03
   3.9175417e+02  -1.4365838e+03
   3.9177500e+02  -1.4367646e+03
   3.9179583e+02  -1.4365980e+03
   3.9182083e+02  -1.4362156e+03
   3.9184167e+02  -1.4362792e+03
   3.9186667e+02  -1.4366650e+03
   3.9188750e+02  -1.4366918e+03
   3.9191250e+02  -1.4362604e+03
   3.9193333e+02  -1.4358655e+03
   3.9195833e+02  -1.4357986e+03
   3.9197917e+02  -1.4361220e+03
   3.9201250e+02  -1.4368000e+03
   3.9203750e+02  -1.4375790e+03
   3.9205833e+02  -1.4385545e+03
   3.9208333e+02  -1.4399902e+03
   3.9210417e+02  -1.4412016e+03
   3.9212500e+02  -1.4423701e+03
   3.9215000e+02  -1.4437559e+03
   3.9217083e+02  -1.4449361e+03
   3.9219583e+02  -1.4461539e+03
   3.9221667e+02  -1.4470067e+03
   3.9224167e+02  -1.4478288e+03
   3.9226250e+02  -1.4486699e+03
   3.9228750e+02  -1.4494878e+03
   3.9230833e+02  -1.4498403e+03
   3.9233333e+02  -1.4500322e+03
   3.9235417e+02  -1.4500742e+03
   3.9237917e+02  -1.4500988e+03
   3.9240000e+02  -1.4500865e+03
   3.9242083e+02  -1.4500242e+03
   3.9244583e+02  -1.4501139e+03
   3.9246667e+02  -1.4504820e+03
   3.9249167e+02  -1.4511758e+03
   3.9251250e+02  -1.4518737e+03
   3.9253750e+02  -1.4527335e+03
   3.9255833e+02  -1.4531690e+03
   3.9258333e+02  -1.4531282e+03
   3.9260417e+02  -1.4528416e+03
   3.9262917e+02  -1.4526370e+03
   3.9265000e+02  -1.4525499e+03
   3.9267083e+02  -1.4523870e+03
   3.9269583e+02  -1.4521415e+03
   3.9271667e+02  -1.4522010e+03
   3.9274167e+02  -1.4528115e+03
   3.9276250e+02  -1.4533515e+03
   3.9278750e+02  -1.4532758e+03
   3.9280833e+02  -1.4526140e+03
   3.9283333e+02  -1.4518997e+03
   3.9285417e+02  -1.4517046e+03
   3.9287917e+02  -1.4515749e+03
   3.9290000e+02  -1.4512931e+03
   3.9292083e+02  -1.4509051e+03
   3.9294583e+02  -1.4507473e+03
   3.9296667e+02  -1.4511984e+03
   3.9299167e+02  -1.4520582e+03
   3.9302500e+02  -1.4521655e+03
   3.9304583e+02  -1.4511432e+03
   3.9307083e+02  -1.4494962e+03
   3.9309167e+02  -1.4484280e+03
   3.9311667e+02  -1.4476450e+03
   3.9313750e+02  -1.4472407e+03
   3.9316250e+02  -1.4469926e+03
   3.9318333e+02  -1.4473617e+03
   3.9320833e+02  -1.4486783e+03
   3.9322917e+02  -1.4499431e+03
   3.9325000e+02  -1.4506580e+03
   3.9327500e+02  -1.4504937e+03
   3.9329583e+02  -1.4499241e+03
   3.9332083e+02  -1.4493784e+03
   3.9334167e+02  -1.4490648e+03
   3.9336667e+02  -1.4486409e+03
   3.9338750e+02  -1.4482726e+03
   3.9341250e+02  -1.4483124e+03
   3.9343333e+02  -1.4489441e+03
   3.9345833e+02  -1.4500085e+03
   3.9347917e+02  -1.4505196e+03
   3.9350417e+02  -1.4503812e+03
   3.9352500e+02  -1.4500443e+03
   3.9354583e+02  -1.4498485e+03
   3.9357083e+02  -1.4497601e+03
   3.9359167e+02  -1.4495748e+03
   3.9361667e+02  -1.4491997e+03
   3.9363750e+02  -1.4490427e+03
   3.9366250e+02  -1.4492778e+03
   3.9368333e+02  -1.4495483e+03
   3.9370833e+02  -1.4495372e+03
   3.9372917e+02  -1.4493686e+03
   3.9375417e+02  -1.4492307e+03
   3.9377500e+02  -1.4491105e+03
   3.9379583e+02  -1.4487034e+03
   3.9382083e+02  -1.4479461e+03
   3.9384167e+02  -1.4474975e+03
   3.9386667e+02  -1.4473466e+03
   3.9388750e+02  -1.4473722e+03
   3.9391250e+02  -1.4472495e+03
   3.9393333e+02  -1.4469431e+03
   3.9395833e+02  -1.4467111e+03
   3.9397917e+02  -1.4468572e+03
   3.9401250e+02  -1.4470890e+03
   3.9403750e+02  -1.4463691e+03
   3.9405833e+02  -1.4452396e+03
   3.9408333e+02  -1.4440337e+03
   3.9410417e+02  -1.4434020e+03
   3.9412500e+02  -1.4428700e+03
   3.9415000e+02  -1.4420926e+03
   3.9417083e+02  -1.4417234e+03
   3.9419583e+02  -1.4420854e+03
   3.9421667e+02  -1.4428893e+03
   3.9424167e+02  -1.4437045e+03
   3.9426250e+02  -1.4436928e+03
   3.9428750e+02  -1.4431977e+03
   3.9430833e+02  -1.4430011e+03
   3.9433333e+02  -1.4430838e+03
   3.9435417e+02  -1.4428374e+03
   3.9437917e+02  -1.4422869e+03
   3.9440000e+02  -1.4421810e+03
   3.9442083e+02  -1.4426075e+03
   3.9444583e+02  -1.4434091e+03
   3.9446667e+02  -1.4438603e+03
   3.9449167e+02  -1.4439347e+03
   3.9451250e+02  -1.4438775e+03
   3.9453750e+02  -1.4439674e+03
   3.9455833e+02  -1.4439303e+03
   3.9458333e+02  -1.4435356e+03
   3.9460417e+02  -1.4432738e+03
   3.9462917e+02  -1.4433873e+03
   3.9465000e+02  -1.4437439e+03
   3.9467083e+02  -1.4440186e+03
   3.9469583e+02  -1.4439891e+03
   3.9471667e+02  -1.4439158e+03
   3.9474167e+02  -1.4440089e+03
   3.9476250e+02  -1.4439830e+03
   3.9478750e+02  -1.4432310e+03
   3.9480833e+02  -1.4421795e+03
   3.9483333e+02  -1.4414491e+03
   3.9485417e+02  -1.4414535e+03
   3.9487917e+02  -1.4414406e+03
   3.9490000e+02  -1.4411063e+03
   3.9492083e+02  -1.4406970e+03
   3.9494583e+02  -1.4405296e+03
   3.9496667e+02  -1.4406778e+03
   3.9499167e+02  -1.4406096e+03
   3.9502500e+02  -1.4392701e+03
   3.9504583e+02  -1.4376461e+03
   3.9507083e+02  -1.4356891e+03
   3.9509167e+02  -1.4341932e+03
   3.9511667e+02  -1.4325749e+03
   3.9513750e+02  -1.4316780e+03
   3.9516250e+02  -1.4312976e+03
   3.9518333e+02  -1.4315473e+03
   3.9520833e+02  -1.4323004e+03
   3.9522917e+02  -1.4329837e+03
   3.9525000e+02  -1.4331082e+03
   3.9527500e+02  -1.4324121e+03
   3.9529583e+02  -1.4315449e+03
   3.9532083e+02  -1.4304412e+03
   3.9534167e+02  -1.4295485e+03
   3.9536667e+02  -1.4288632e+03
   3.9538750e+02  -1.4287931e+03
   3.9541250e+02  -1.4293268e+03
   3.9543333e+02  -1.4300676e+03
   3.9545833e+02  -1.4308543e+03
   3.9547917e+02  -1.4311749e+03
   3.9550417e+02  -1.4311817e+03
   3.9552500e+02  -1.4309958e+03
   3.9554583e+02  -1.4305327e+03
   3.9557083e+02  -1.4298115e+03
   3.9559167e+02  -1.4295422e+03
   3.9561667e+02  -1.4297686e+03
   3.9563750e+02  -1.4301069e+03
   3.9566250e+02  -1.4303934e+03
   3.9568333e+02  -1.4304625e+03
   3.9570833e+02  -1.4304387e+03
   3.9572917e+02  -1.4304381e+03
   3.9575417e+02  -1.4301654e+03
   3.9577500e+02  -1.4293708e+03
   3.9579583e+02  -1.4281957e+03
   3.9582083e+02  -1.4271872e+03
   3.9584167e+02  -1.4270907e+03
   3.9586667e+02  -1.4273568e+03
   3.9588750e+02  -1.4275762e+03
   3.9591250e+02  -1.4279661e+03
   3.9593333e+02  -1.4284932e+03
   3.9595833e+02  -1.4292870e+03
   3.9597917e+02  -1.4298356e+03
   3.9601250e+02  -1.4297698e+03
   3.9603750e+02  -1.4285470e+03
   3.9605833e+02  -1.4269678e+03
   3.9608333e+02  -1.4248659e+03
   3.9610417e+02  -1.4231925e+03
   3.9612500e+02  -1.4220614e+03
   3.9615000e+02  -1.4216706e+03
   3.9617083e+02  -1.4220364e+03
   3.9619583e+02  -1.4230649e+03
   3.9621667e+02  -1.4242227e+03
   3.9624167e+02  -1.4253331e+03
   3.9626250e+02  -1.4253622e+03
   3.9628750e+02  -1.4243483e+03
   3.9630833e+02  -1.4228179e+03
   3.9633333e+02  -1.4206631e+03
   3.9635417e+02  -1.4191897e+03
   3.9637917e+02  -1.4183473e+03
   3.9640000e+02  -1.4183793e+03
   3.9642083e+02  -1.4189816e+03
   3.9644583e+02  -1.4202962e+03
   3.9646667e+02  -1.4215980e+03
   3.9649167e+02  -1.4228514e+03
   3.9651250e+02  -1.4233319e+03
   3.9653750e+02  -1.4230129e+03
   3.9655833e+02  -1.4221099e+03
   3.9658333e+02  -1.4209003e+03
   3.9660417e+02  -1.4201997e+03
   3.9662917e+02  -1.4197393e+03
   3.9665000e+02  -1.4196281e+03
   3.9667083e+02  -1.4198854e+03
   3.9669583e+02  -1.4205551e+03
   3.9671667e+02  -1.4211629e+03
   3.9674167e+02  -1.4217512e+03
   3.9676250e+02  -1.4218138e+03
   3.9678750e+02  -1.4210466e+03
   3.9680833e+02  -1.4198919e+03
   3.9683333e+02  -1.4186766e+03
   3.9685417e+02  -1.4179967e+03
   3.9687917e+02  -1.4174032e+03
   3.9690000e+02  -1.4172265e+03
   3.9692083e+02  -1.4173440e+03
   3.9694583e+02  -1.4178100e+03
   3.9696667e+02  -1.4184694e+03
   3.9699167e+02  -1.4192426e+03
   3.9702500e+02  -1.4191633e+03
   3.9704583e+02  -1.4179743e+03
   3.9707083e+02  -1.4160709e+03
   3.9709167e+02  -1.4144543e+03
   3.9711667e+02  -1.4128386e+03
   3.9713750e+02  -1.4122295e+03
   3.9716250e+02  -1.4122954e+03
   3.9718333e+02  -1.4127717e+03
   3.9720833e+02  -1.4137855e+03
   3.9722917e+02  -1.4147826e+03
   3.9725000e+02  -1.4152351e+03
   3.9727500e+02  -1.4145351e+03
   3.9729583e+02  -1.4131571e+03
   3.9732083e+02  -1.4109195e+03
   3.9734167e+02  -1.4091252e+03
   3.9736667e+02  -1.4077785e+03
   3.9738750e+02  -1.4072337e+03
   3.9741250e+02  -1.4073042e+03
   3.9743333e+02  -1.4080083e+03
   3.9745833e+02  -1.4092706e+03
   3.9747917e+02  -1.4101301e+03
   3.9750417e+02  -1.4106890e+03
   3.9752500e+02  -1.4107529e+03
   3.9754583e+02  -1.4103350e+03
   3.9757083e+02  -1.4096202e+03
   3.9759167e+02  -1.4092532e+03
   3.9761667e+02  -1.4091830e+03
   3.9763750e+02  -1.4094547e+03
   3.9766250e+02  -1.4102493e+03
   3.9768333e+02  -1.4110450e+03
   3.9770833e+02  -1.4118288e+03
   3.9772917e+02  -1.4123854e+03
   3.9775417e+02  -1.4127019e+03
   3.9777500e+02  -1.4123095e+03
   3.9779583e+02  -1.4113493e+03
   3.9782083e+02  -1.4100649e+03
   3.9784167e+02  -1.4092349e+03
   3.9786667e+02  -1.4085581e+03
   3.9788750e+02  -1.4083087e+03
   3.9791250e+02  -1.4082683e+03
   3.9793333e+02  -1.4082965e+03
   3.9795833e+02  -1.4085418e+03
   3.9797917e+02  -1.4089069e+03
   3.9801250e+02  -1.4089857e+03
   3.9803750e+02  -1.4077539e+03
   3.9805833e+02  -1.4059690e+03
   3.9808333e+02  -1.4037626e+03
   3.9810417e+02  -1.4021994e+03
   3.9812500e+02  -1.4011428e+03
   3.9815000e+02  -1.4005813e+03
   3.9817083e+02  -1.4005331e+03
   3.9819583e+02  -1.4008879e+03
   3.9821667e+02  -1.4014751e+03
   3.9824167e+02  -1.4019866e+03
   3.9826250e+02  -1.4013586e+03
   3.9828750e+02  -1.3994306e+03
   3.9830833e+02  -1.3972719e+03
   3.9833333e+02  -1.3948553e+03
   3.9835417e+02  -1.3935561e+03
   3.9837917e+02  -1.3928710e+03
   3.9840000e+02  -1.3928968e+03
   3.9842083e+02  -1.3936534e+03
   3.9844583e+02  -1.3954135e+03
   3.9846667e+02  -1.3969443e+03
   3.9849167e+02  -1.3980982e+03
   3.9851250e+02  -1.3983652e+03
   3.9853750e+02  -1.3979758e+03
   3.9855833e+02  -1.3973897e+03
   3.9858333e+02  -1.3968368e+03
   3.9860417e+02  -1.3966006e+03
   3.9862917e+02  -1.3966757e+03
   3.9865000e+02  -1.3973479e+03
   3.9867083e+02  -1.3984918e+03
   3.9869583e+02  -1.3998490e+03
   3.9871667e+02  -1.4007503e+03
   3.9874167e+02  -1.4014240e+03
   3.9876250e+02  -1.4012955e+03
   3.9878750e+02  -1.4001971e+03
   3.9880833e+02  -1.3989788e+03
   3.9883333e+02  -1.3976555e+03
   3.9885417e+02  -1.3967739e+03
   3.9887917e+02  -1.3961831e+03
   3.9890000e+02  -1.3961795e+03
   3.9892083e+02  -1.3964237e+03
   3.9894583e+02  -1.3968685e+03
   3.9896667e+02  -1.3973344e+03
   3.9899167e+02  -1.3976209e+03
   3.9902500e+02  -1.3973346e+03
   3.9904583e+02  -1.3974972e+03
   3.9907083e+02  -1.3981562e+03
   3.9909167e+02  -1.3993461e+03
   3.9911667e+02  -1.4018799e+03
   3.9913750e+02  -1.4047157e+03
   3.9916250e+02  -1.4080870e+03
   3.9918333e+02  -1.4105014e+03
   3.9920833e+02  -1.4127148e+03
   3.9922917e+02  -1.4136795e+03
   3.9925000e+02  -1.4141104e+03
   3.9927500e+02  -1.4139410e+03
   3.9929583e+02  -1.4131539e+03
   3.9932083e+02  -1.4120451e+03
   3.9934167e+02  -1.4115965e+03
   3.9936667e+02  -1.4115682e+03
   3.9938750e+02  -1.4116708e+03
   3.9941250e+02  -1.4121439e+03
   3.9943333e+02  -1.4128949e+03
   3.9945833e+02  -1.4139496e+03
   3.9947917e+02  -1.4145450e+03
   3.9950417e+02  -1.4146658e+03
   3.9952500e+02  -1.4142325e+03
   3.9954583e+02  -1.4134720e+03
   3.9957083e+02  -1.4125667e+03
   3.9959167e+02  -1.4120259e+03
   3.9961667e+02  -1.4118176e+03
   3.9963750e+02  -1.4121042e+03
   3.9966250e+02  -1.4129137e+03
   3.9968333e+02  -1.4137506e+03
   3.9970833e+02  -1.4148641e+03
   3.9972917e+02  -1.4158017e+03
   3.9975417e+02  -1.4163665e+03
   3.9977500e+02  -1.4159924e+03
   3.9979583e+02  -1.4150597e+03
   3.9982083e+02  -1.4139866e+03
   3.9984167e+02  -1.4133901e+03
   3.9986667e+02  -1.4127828e+03
   3.9988750e+02  -1.4123155e+03
   3.9991250e+02  -1.4119659e+03
   3.9993333e+02  -1.4119192e+03
   3.9995833e+02  -1.4121097e+03
   3.9997917e+02  -1.4122029e+03
   4.0001250e+02  -1.4117603e+03
   4.0003750e+02  -1.4112507e+03
   4.0005833e+02  -1.4109353e+03
   4.0008333e+02  -1.4109458e+03
   4.0010417e+02  -1.4114908e+03
   4.0012500e+02  -1.4125070e+03
   4.0015000e+02  -1.4138651e+03
   4.0017083e+02  -1.4149598e+03
   4.0019583e+02  -1.4163031e+03
   4.0021667e+02  -1.4172434e+03
   4.0024167e+02  -1.4177474e+03
   4.0026250e+02  -1.4176498e+03
   4.0028750e+02  -1.4172383e+03
   4.0030833e+02  -1.4169214e+03
   4.0033333e+02  -1.4168553e+03
   4.0035417e+02  -1.4168288e+03
   4.0037917e+02  -1.4166099e+03
   4.0040000e+02  -1.4165665e+03
   4.0042083e+02  -1.4168871e+03
   4.0044583e+02  -1.4175121e+03
   4.0046667e+02  -1.4179033e+03
   4.0049167e+02  -1.4180724e+03
   4.0051250e+02  -1.4179503e+03
   4.0053750e+02  -1.4175699e+03
   4.0055833e+02  -1.4172198e+03
   4.0058333e+02  -1.4167231e+03
   4.0060417e+02  -1.4162094e+03
   4.0062917e+02  -1.4156062e+03
   4.0065000e+02  -1.4153411e+03
   4.0067083e+02  -1.4153344e+03
   4.0069583e+02  -1.4156014e+03
   4.0071667e+02  -1.4160338e+03
   4.0074167e+02  -1.4165892e+03
   4.0076250e+02  -1.4169129e+03
   4.0078750e+02  -1.4169921e+03
   4.0080833e+02  -1.4167292e+03
   4.0083333e+02  -1.4161349e+03
   4.0085417e+02  -1.4154702e+03
   4.0087917e+02  -1.4145431e+03
   4.0090000e+02  -1.4138715e+03
   4.0092083e+02  -1.4134818e+03
   4.0094583e+02  -1.4135126e+03
   4.0096667e+02  -1.4138472e+03
   4.0099167e+02  -1.4143922e+03
   4.0102500e+02  -1.4147597e+03
   4.0104583e+02  -1.4136709e+03
   4.0107083e+02  -1.4115271e+03
   4.0109167e+02  -1.4095499e+03
   4.0111667e+02  -1.4071482e+03
   4.0113750e+02  -1.4053174e+03
   4.0116250e+02  -1.4036403e+03
   4.0118333e+02  -1.4028493e+03
   4.0120833e+02  -1.4028258e+03
   4.0122917e+02  -1.4034623e+03
   4.0125000e+02  -1.4037363e+03
   4.0127500e+02  -1.4029703e+03
   4.0129583e+02  -1.4019179e+03
   4.0132083e+02  -1.4006228e+03
   4.0134167e+02  -1.3994962e+03
   4.0136667e+02  -1.3981873e+03
   4.0138750e+02  -1.3973829e+03
   4.0141250e+02  -1.3972614e+03
   4.0143333e+02  -1.3979538e+03
   4.0145833e+02  -1.3992726e+03
   4.0147917e+02  -1.4000633e+03
   4.0150417e+02  -1.4000887e+03
   4.0152500e+02  -1.3995640e+03
   4.0154583e+02  -1.3988124e+03
   4.0157083e+02  -1.3977213e+03
   4.0159167e+02  -1.3966603e+03
   4.0161667e+02  -1.3953853e+03
   4.0163750e+02  -1.3946636e+03
   4.0166250e+02  -1.3946653e+03
   4.0168333e+02  -1.3953287e+03
   4.0170833e+02  -1.3963499e+03
   4.0172917e+02  -1.3969437e+03
   4.0175417e+02  -1.3972963e+03
   4.0177500e+02  -1.3972538e+03
   4.0179583e+02  -1.3967375e+03
   4.0182083e+02  -1.3956374e+03
   4.0184167e+02  -1.3946010e+03
   4.0186667e+02  -1.3933574e+03
   4.0188750e+02  -1.3924763e+03
   4.0191250e+02  -1.3920711e+03
   4.0193333e+02  -1.3923543e+03
   4.0195833e+02  -1.3931153e+03
   4.0197917e+02  -1.3939553e+03
   4.0201250e+02  -1.3954663e+03
   4.0203750e+02  -1.3962719e+03
   4.0205833e+02  -1.3966044e+03
   4.0208333e+02  -1.3968105e+03
   4.0210417e+02  -1.3969292e+03
   4.0212500e+02  -1.3972627e+03
   4.0215000e+02  -1.3981171e+03
   4.0217083e+02  -1.3988751e+03
   4.0219583e+02  -1.3996662e+03
   4.0221667e+02  -1.4004861e+03
   4.0224167e+02  -1.4015754e+03
   4.0226250e+02  -1.4021838e+03
   4.0228750e+02  -1.4023953e+03
   4.0230833e+02  -1.4022359e+03
   4.0233333e+02  -1.4017859e+03
   4.0235417e+02  -1.4011992e+03
   4.0237917e+02  -1.4003641e+03
   4.0240000e+02  -1.3996672e+03
   4.0242083e+02  -1.3992500e+03
   4.0244583e+02  -1.3992738e+03
   4.0246667e+02  -1.3994065e+03
   4.0249167e+02  -1.3992581e+03
   4.0251250e+02  -1.3988552e+03
   4.0253750e+02  -1.3981133e+03
   4.0255833e+02  -1.3972667e+03
   4.0258333e+02  -1.3961163e+03
   4.0260417e+02  -1.3952560e+03
   4.0262917e+02  -1.3944498e+03
   4.0265000e+02  -1.3941907e+03
   4.0267083e+02  -1.3944151e+03
   4.0269583e+02  -1.3951517e+03
   4.0271667e+02  -1.3959367e+03
   4.0274167e+02  -1.3967113e+03
   4.0276250e+02  -1.3969466e+03
   4.0278750e+02  -1.3965110e+03
   4.0280833e+02  -1.3956940e+03
   4.0283333e+02  -1.3945864e+03
   4.0285417e+02  -1.3936834e+03
   4.0287917e+02  -1.3928140e+03
   4.0290000e+02  -1.3926100e+03
   4.0292083e+02  -1.3929604e+03
   4.0294583e+02  -1.3937983e+03
   4.0296667e+02  -1.3946108e+03
   4.0299167e+02  -1.3955951e+03
   4.0302500e+02  -1.3965175e+03
   4.0304583e+02  -1.3967907e+03
   4.0307083e+02  -1.3969596e+03
   4.0309167e+02  -1.3973948e+03
   4.0311667e+02  -1.3987178e+03
   4.0313750e+02  -1.4006866e+03
   4.0316250e+02  -1.4035515e+03
   4.0318333e+02  -1.4058484e+03
   4.0320833e+02  -1.4084009e+03
   4.0322917e+02  -1.4100442e+03
   4.0325000e+02  -1.4111012e+03
   4.0327500e+02  -1.4115202e+03
   4.0329583e+02  -1.4112674e+03
   4.0332083e+02  -1.4105091e+03
   4.0334167e+02  -1.4098191e+03
   4.0336667e+02  -1.4093967e+03
   4.0338750e+02  -1.4094066e+03
   4.0341250e+02  -1.4097329e+03
   4.0343333e+02  -1.4100785e+03
   4.0345833e+02  -1.4103131e+03
   4.0347917e+02  -1.4101798e+03
   4.0350417e+02  -1.4096041e+03
   4.0352500e+02  -1.4087251e+03
   4.0354583e+02  -1.4074714e+03
   4.0357083e+02  -1.4060403e+03
   4.0359167e+02  -1.4053305e+03
   4.0361667e+02  -1.4050730e+03
   4.0363750e+02  -1.4052488e+03
   4.0366250e+02  -1.4058334e+03
   4.0368333e+02  -1.4063771e+03
   4.0370833e+02  -1.4068552e+03
   4.0372917e+02  -1.4070474e+03
   4.0375417e+02  -1.4068356e+03
   4.0377500e+02  -1.4062627e+03
   4.0379583e+02  -1.4054788e+03
   4.0382083e+02  -1.4046482e+03
   4.0384167e+02  -1.4043180e+03
   4.0386667e+02  -1.4045001e+03
   4.0388750e+02  -1.4049424e+03
   4.0391250e+02  -1.4054549e+03
   4.0393333e+02  -1.4057586e+03
   4.0395833e+02  -1.4060082e+03
   4.0397917e+02  -1.4061052e+03
   4.0401250e+02  -1.4057610e+03
   4.0403750e+02  -1.4044097e+03
   4.0405833e+02  -1.4025973e+03
   4.0408333e+02  -1.4004533e+03
   4.0410417e+02  -1.3990700e+03
   4.0412500e+02  -1.3981905e+03
   4.0415000e+02  -1.3978446e+03
   4.0417083e+02  -1.3980257e+03
   4.0419583e+02  -1.3985532e+03
   4.0421667e+02  -1.3991805e+03
   4.0424167e+02  -1.3996545e+03
   4.0426250e+02  -1.3992467e+03
   4.0428750e+02  -1.3981428e+03
   4.0430833e+02  -1.3969910e+03
   4.0433333e+02  -1.3956760e+03
   4.0435417e+02  -1.3949879e+03
   4.0437917e+02  -1.3950258e+03
   4.0440000e+02  -1.3957028e+03
   4.0442083e+02  -1.3967054e+03
   4.0444583e+02  -1.3979160e+03
   4.0446667e+02  -1.3986122e+03
   4.0449167e+02  -1.3988522e+03
   4.0451250e+02  -1.3986468e+03
   4.0453750e+02  -1.3980163e+03
   4.0455833e+02  -1.3973231e+03
   4.0458333e+02  -1.3966490e+03
   4.0460417e+02  -1.3964284e+03
   4.0462917e+02  -1.3966584e+03
   4.0465000e+02  -1.3971501e+03
   4.0467083e+02  -1.3977223e+03
   4.0469583e+02  -1.3982373e+03
   4.0471667e+02  -1.3984659e+03
   4.0474167e+02  -1.3986025e+03
   4.0476250e+02  -1.3984709e+03
   4.0478750e+02  -1.3977637e+03
   4.0480833e+02  -1.3969006e+03
   4.0483333e+02  -1.3961989e+03
   4.0485417e+02  -1.3961194e+03
   4.0487917e+02  -1.3962332e+03
   4.0490000e+02  -1.3962644e+03
   4.0492083e+02  -1.3962425e+03
   4.0494583e+02  -1.3962459e+03
   4.0496667e+02  -1.3963199e+03
   4.0499167e+02  -1.3962933e+03
   4.0502500e+02  -1.3956936e+03
   4.0504583e+02  -1.3952850e+03
   4.0507083e+02  -1.3951219e+03
   4.0509167e+02  -1.3953116e+03
   4.0511667e+02  -1.3958958e+03
   4.0513750e+02  -1.3969916e+03
   4.0516250e+02  -1.3988724e+03
   4.0518333e+02  -1.4004424e+03
   4.0520833e+02  -1.4019187e+03
   4.0522917e+02  -1.4025268e+03
   4.0525000e+02  -1.4026642e+03
   4.0527500e+02  -1.4025424e+03
   4.0529583e+02  -1.4022849e+03
   4.0532083e+02  -1.4015522e+03
   4.0534167e+02  -1.4008589e+03
   4.0536667e+02  -1.4006080e+03
   4.0538750e+02  -1.4009514e+03
   4.0541250e+02  -1.4017005e+03
   4.0543333e+02  -1.4022208e+03
   4.0545833e+02  -1.4026386e+03
   4.0547917e+02  -1.4028367e+03
   4.0550417e+02  -1.4029823e+03
   4.0552500e+02  -1.4028775e+03
   4.0554583e+02  -1.4023868e+03
   4.0557083e+02  -1.4017273e+03
   4.0559167e+02  -1.4015534e+03
   4.0561667e+02  -1.4019456e+03
   4.0563750e+02  -1.4024653e+03
   4.0566250e+02  -1.4029807e+03
   4.0568333e+02  -1.4032656e+03
   4.0570833e+02  -1.4034660e+03
   4.0572917e+02  -1.4035564e+03
