   3.5975625e+02  -1.4738362e+03
   3.5977500e+02  -1.4740982e+03
   3.5980000e+02  -1.4749248e+03
   3.5981875e+02  -1.4755622e+03
   3.5984375e+02  -1.4760307e+03
   3.5986875e+02  -1.4761084e+03
   3.5988750e+02  -1.4760312e+03
   3.5991250e+02  -1.4757213e+03
   3.5993750e+02  -1.4750168e+03
   3.5995625e+02  -1.4743973e+03
   3.5998125e+02  -1.4740605e+03
   3.6001250e+02  -1.4748878e+03
   3.6003750e+02  -1.4750078e+03
   3.6006250e+02  -1.4738417e+03
   3.6008125e+02  -1.4724105e+03
   3.6010625e+02  -1.4700555e+03
   3.6012500e+02  -1.4681034e+03
   3.6015000e+02  -1.4653553e+03
   3.6017500e+02  -1.4626105e+03
   3.6019375e+02  -1.4608510e+03
   3.6021875e+02  -1.4595939e+03
   3.6024375e+02  -1.4593763e+03
   3.6026250e+02  -1.4588272e+03
   3.6028750e+02  -1.4574508e+03
   3.6031250e+02  -1.4558421e+03
   3.6033125e+02  -1.4548396e+03
   3.6035625e+02  -1.4539112e+03
   3.6037500e+02  -1.4534129e+03
   3.6040000e+02  -1.4526551e+03
   3.6042500e+02  -1.4520714e+03
   3.6044375e+02  -1.4522581e+03
   3.6046875e+02  -1.4530717e+03
   3.6049375e+02  -1.4534434e+03
   3.6051250e+02  -1.4531973e+03
   3.6053750e+02  -1.4528414e+03
   3.6056250e+02  -1.4531384e+03
   3.6058125e+02  -1.4536215e+03
   3.6060625e+02  -1.4539031e+03
   3.6063125e+02  -1.4535709e+03
   3.6065000e+02  -1.4533937e+03
   3.6067500e+02  -1.4537302e+03
   3.6069375e+02  -1.4541055e+03
   3.6071875e+02  -1.4540386e+03
   3.6074375e+02  -1.4534927e+03
   3.6076250e+02  -1.4533675e+03
   3.6078750e+02  -1.4539350e+03
   3.6081250e+02  -1.4546781e+03
   3.6083125e+02  -1.4548798e+03
   3.6085625e+02  -1.4547490e+03
   3.6088125e+02  -1.4547060e+03
   3.6090000e+02  -1.4548083e+03
   3.6092500e+02  -1.4547010e+03
   3.6094375e+02  -1.4542407e+03
   3.6096875e+02  -1.4534182e+03
   3.6099375e+02  -1.4530896e+03
   3.6102500e+02  -1.4534690e+03
   3.6105000e+02  -1.4532360e+03
   3.6106875e+02  -1.4527002e+03
   3.6109375e+02  -1.4519840e+03
   3.6111875e+02  -1.4516248e+03
   3.6113750e+02  -1.4513688e+03
   3.6116250e+02  -1.4505071e+03
   3.6118750e+02  -1.4491106e+03
   3.6120625e+02  -1.4482821e+03
   3.6123125e+02  -1.4480222e+03
   3.6125625e+02  -1.4477925e+03
   3.6127500e+02  -1.4470686e+03
   3.6130000e+02  -1.4457123e+03
   3.6131875e+02  -1.4450101e+03
   3.6134375e+02  -1.4448019e+03
   3.6136875e+02  -1.4448003e+03
   3.6138750e+02  -1.4443455e+03
   3.6141250e+02  -1.4431870e+03
   3.6143750e+02  -1.4424753e+03
   3.6145625e+02  -1.4425049e+03
   3.6148125e+02  -1.4423574e+03
   3.6150000e+02  -1.4415797e+03
   3.6152500e+02  -1.4402771e+03
   3.6155000e+02  -1.4400457e+03
   3.6156875e+02  -1.4407020e+03
   3.6159375e+02  -1.4416589e+03
   3.6161875e+02  -1.4419177e+03
   3.6163750e+02  -1.4418287e+03
   3.6166250e+02  -1.4420191e+03
   3.6168750e+02  -1.4424723e+03
   3.6170625e+02  -1.4423579e+03
   3.6173125e+02  -1.4413439e+03
   3.6175625e+02  -1.4403080e+03
   3.6177500e+02  -1.4402189e+03
   3.6180000e+02  -1.4408919e+03
   3.6181875e+02  -1.4415290e+03
   3.6184375e+02  -1.4422195e+03
   3.6186875e+02  -1.4428495e+03
   3.6188750e+02  -1.4434323e+03
   3.6191250e+02  -1.4441300e+03
   3.6193750e+02  -1.4441381e+03
   3.6195625e+02  -1.4435493e+03
   3.6198125e+02  -1.4425087e+03
   3.6201250e+02  -1.4418493e+03
   3.6203750e+02  -1.4412224e+03
   3.6206250e+02  -1.4400260e+03
   3.6208125e+02  -1.4390343e+03
   3.6210625e+02  -1.4380438e+03
   3.6212500e+02  -1.4375746e+03
   3.6215000e+02  -1.4369302e+03
   3.6217500e+02  -1.4358994e+03
   3.6219375e+02  -1.4349440e+03
   3.6221875e+02  -1.4340088e+03
   3.6224375e+02  -1.4334747e+03
   3.6226250e+02  -1.4327396e+03
   3.6228750e+02  -1.4313179e+03
   3.6231250e+02  -1.4299648e+03
   3.6233125e+02  -1.4294511e+03
   3.6235625e+02  -1.4294398e+03
   3.6237500e+02  -1.4296800e+03
   3.6240000e+02  -1.4298521e+03
   3.6242500e+02  -1.4298916e+03
   3.6244375e+02  -1.4300576e+03
   3.6246875e+02  -1.4302502e+03
   3.6249375e+02  -1.4298568e+03
   3.6251250e+02  -1.4291523e+03
   3.6253750e+02  -1.4283865e+03
   3.6256250e+02  -1.4283995e+03
   3.6258125e+02  -1.4287761e+03
   3.6260625e+02  -1.4292986e+03
   3.6263125e+02  -1.4296977e+03
   3.6265000e+02  -1.4301336e+03
   3.6267500e+02  -1.4309003e+03
   3.6269375e+02  -1.4313238e+03
   3.6271875e+02  -1.4313865e+03
   3.6274375e+02  -1.4311327e+03
   3.6276250e+02  -1.4310972e+03
   3.6278750e+02  -1.4312917e+03
   3.6281250e+02  -1.4315110e+03
   3.6283125e+02  -1.4316032e+03
   3.6285625e+02  -1.4317077e+03
   3.6288125e+02  -1.4318061e+03
   3.6290000e+02  -1.4318005e+03
   3.6292500e+02  -1.4315491e+03
   3.6294375e+02  -1.4312163e+03
   3.6296875e+02  -1.4309054e+03
   3.6299375e+02  -1.4309530e+03
   3.6302500e+02  -1.4310882e+03
   3.6305000e+02  -1.4309604e+03
   3.6306875e+02  -1.4309575e+03
   3.6309375e+02  -1.4311814e+03
   3.6311875e+02  -1.4312377e+03
   3.6313750e+02  -1.4308719e+03
   3.6316250e+02  -1.4299594e+03
   3.6318750e+02  -1.4292007e+03
   3.6320625e+02  -1.4290384e+03
   3.6323125e+02  -1.4291926e+03
   3.6325625e+02  -1.4291994e+03
   3.6327500e+02  -1.4291187e+03
   3.6330000e+02  -1.4293908e+03
   3.6331875e+02  -1.4298982e+03
   3.6334375e+02  -1.4304955e+03
   3.6336875e+02  -1.4304667e+03
   3.6338750e+02  -1.4300124e+03
   3.6341250e+02  -1.4292953e+03
   3.6343750e+02  -1.4289096e+03
   3.6345625e+02  -1.4287906e+03
   3.6348125e+02  -1.4283543e+03
   3.6350000e+02  -1.4277919e+03
   3.6352500e+02  -1.4272218e+03
   3.6355000e+02  -1.4272588e+03
   3.6356875e+02  -1.4275396e+03
   3.6359375e+02  -1.4276743e+03
   3.6361875e+02  -1.4273818e+03
   3.6363750e+02  -1.4271874e+03
   3.6366250e+02  -1.4273938e+03
   3.6368750e+02  -1.4278411e+03
   3.6370625e+02  -1.4279728e+03
   3.6373125e+02  -1.4279299e+03
   3.6375625e+02  -1.4280203e+03
   3.6377500e+02  -1.4283272e+03
   3.6380000e+02  -1.4287404e+03
   3.6381875e+02  -1.4288104e+03
   3.6384375e+02  -1.4285789e+03
   3.6386875e+02  -1.4282878e+03
   3.6388750e+02  -1.4282359e+03
   3.6391250e+02  -1.4282273e+03
   3.6393750e+02  -1.4281008e+03
   3.6395625e+02  -1.4280138e+03
   3.6398125e+02  -1.4281722e+03
   3.6401250e+02  -1.4288202e+03
   3.6403750e+02  -1.4292008e+03
   3.6406250e+02  -1.4292940e+03
   3.6408125e+02  -1.4293112e+03
   3.6410625e+02  -1.4295527e+03
   3.6412500e+02  -1.4298202e+03
   3.6415000e+02  -1.4299169e+03
   3.6417500e+02  -1.4295997e+03
   3.6419375e+02  -1.4294612e+03
   3.6421875e+02  -1.4297074e+03
   3.6424375e+02  -1.4300973e+03
   3.6426250e+02  -1.4301422e+03
   3.6428750e+02  -1.4299696e+03
   3.6431250e+02  -1.4297595e+03
   3.6433125e+02  -1.4295475e+03
   3.6435625e+02  -1.4291169e+03
   3.6437500e+02  -1.4285029e+03
   3.6440000e+02  -1.4272632e+03
   3.6442500e+02  -1.4261336e+03
   3.6444375e+02  -1.4257256e+03
   3.6446875e+02  -1.4255836e+03
   3.6449375e+02  -1.4254089e+03
   3.6451250e+02  -1.4252802e+03
   3.6453750e+02  -1.4252928e+03
   3.6456250e+02  -1.4256526e+03
   3.6458125e+02  -1.4259590e+03
   3.6460625e+02  -1.4259624e+03
   3.6463125e+02  -1.4254341e+03
   3.6465000e+02  -1.4249855e+03
   3.6467500e+02  -1.4245450e+03
   3.6469375e+02  -1.4242609e+03
   3.6471875e+02  -1.4238808e+03
   3.6474375e+02  -1.4236636e+03
   3.6476250e+02  -1.4237213e+03
   3.6478750e+02  -1.4241688e+03
   3.6481250e+02  -1.4247965e+03
   3.6483125e+02  -1.4251622e+03
   3.6485625e+02  -1.4254254e+03
   3.6488125e+02  -1.4256014e+03
   3.6490000e+02  -1.4256921e+03
   3.6492500e+02  -1.4256774e+03
   3.6494375e+02  -1.4255864e+03
   3.6496875e+02  -1.4254620e+03
   3.6499375e+02  -1.4255710e+03
   3.6502500e+02  -1.4258658e+03
   3.6505000e+02  -1.4250511e+03
   3.6506875e+02  -1.4238602e+03
   3.6509375e+02  -1.4219173e+03
   3.6511875e+02  -1.4199327e+03
   3.6513750e+02  -1.4183848e+03
   3.6516250e+02  -1.4162057e+03
   3.6518750e+02  -1.4142308e+03
   3.6520625e+02  -1.4132070e+03
   3.6523125e+02  -1.4125582e+03
   3.6525625e+02  -1.4117825e+03
   3.6527500e+02  -1.4108735e+03
   3.6530000e+02  -1.4094689e+03
   3.6531875e+02  -1.4085211e+03
   3.6534375e+02  -1.4077114e+03
   3.6536875e+02  -1.4074282e+03
   3.6538750e+02  -1.4073707e+03
   3.6541250e+02  -1.4075002e+03
   3.6543750e+02  -1.4080512e+03
   3.6545625e+02  -1.4086312e+03
   3.6548125e+02  -1.4092644e+03
   3.6550000e+02  -1.4094733e+03
   3.6552500e+02  -1.4095449e+03
   3.6555000e+02  -1.4096281e+03
   3.6556875e+02  -1.4097779e+03
   3.6559375e+02  -1.4099430e+03
   3.6561875e+02  -1.4098689e+03
   3.6563750e+02  -1.4098138e+03
   3.6566250e+02  -1.4099172e+03
   3.6568750e+02  -1.4100084e+03
   3.6570625e+02  -1.4100198e+03
   3.6573125e+02  -1.4100893e+03
   3.6575625e+02  -1.4103139e+03
   3.6577500e+02  -1.4105516e+03
   3.6580000e+02  -1.4108367e+03
   3.6581875e+02  -1.4108872e+03
   3.6584375e+02  -1.4105980e+03
   3.6586875e+02  -1.4100159e+03
   3.6588750e+02  -1.4094782e+03
   3.6591250e+02  -1.4086284e+03
   3.6593750e+02  -1.4077880e+03
   3.6595625e+02  -1.4074172e+03
   3.6598125e+02  -1.4074739e+03
   3.6601250e+02  -1.4084361e+03
   3.6603750e+02  -1.4087644e+03
   3.6606250e+02  -1.4079220e+03
   3.6608125e+02  -1.4067416e+03
   3.6610625e+02  -1.4048226e+03
   3.6612500e+02  -1.4032225e+03
   3.6615000e+02  -1.4008688e+03
   3.6617500e+02  -1.3985240e+03
   3.6619375e+02  -1.3970766e+03
   3.6621875e+02  -1.3958906e+03
   3.6624375e+02  -1.3954532e+03
   3.6626250e+02  -1.3949873e+03
   3.6628750e+02  -1.3939879e+03
   3.6631250e+02  -1.3925737e+03
   3.6633125e+02  -1.3915284e+03
   3.6635625e+02  -1.3905635e+03
   3.6637500e+02  -1.3901835e+03
   3.6640000e+02  -1.3898703e+03
   3.6642500e+02  -1.3896950e+03
   3.6644375e+02  -1.3897363e+03
   3.6646875e+02  -1.3901396e+03
   3.6649375e+02  -1.3907551e+03
   3.6651250e+02  -1.3910754e+03
   3.6653750e+02  -1.3911885e+03
   3.6656250e+02  -1.3913434e+03
   3.6658125e+02  -1.3916938e+03
   3.6660625e+02  -1.3923098e+03
   3.6663125e+02  -1.3928958e+03
   3.6665000e+02  -1.3932534e+03
   3.6667500e+02  -1.3935541e+03
   3.6669375e+02  -1.3937097e+03
   3.6671875e+02  -1.3940043e+03
   3.6674375e+02  -1.3942783e+03
   3.6676250e+02  -1.3943464e+03
   3.6678750e+02  -1.3942883e+03
   3.6681250e+02  -1.3941497e+03
   3.6683125e+02  -1.3939666e+03
   3.6685625e+02  -1.3936793e+03
   3.6688125e+02  -1.3933750e+03
   3.6690000e+02  -1.3929442e+03
   3.6692500e+02  -1.3920619e+03
   3.6694375e+02  -1.3914744e+03
   3.6696875e+02  -1.3912443e+03
   3.6699375e+02  -1.3915572e+03
   3.6702500e+02  -1.3920023e+03
   3.6705000e+02  -1.3916407e+03
   3.6706875e+02  -1.3911259e+03
   3.6709375e+02  -1.3904172e+03
   3.6711875e+02  -1.3893048e+03
   3.6713750e+02  -1.3879677e+03
   3.6716250e+02  -1.3858604e+03
   3.6718750e+02  -1.3842757e+03
   3.6720625e+02  -1.3836454e+03
   3.6723125e+02  -1.3833910e+03
   3.6725625e+02  -1.3833105e+03
   3.6727500e+02  -1.3831613e+03
   3.6730000e+02  -1.3830038e+03
   3.6731875e+02  -1.3829954e+03
   3.6734375e+02  -1.3829377e+03
   3.6736875e+02  -1.3825033e+03
   3.6738750e+02  -1.3819815e+03
   3.6741250e+02  -1.3812670e+03
   3.6743750e+02  -1.3807151e+03
   3.6745625e+02  -1.3804653e+03
   3.6748125e+02  -1.3803999e+03
   3.6750000e+02  -1.3804944e+03
   3.6752500e+02  -1.3808455e+03
   3.6755000e+02  -1.3816560e+03
   3.6756875e+02  -1.3824405e+03
   3.6759375e+02  -1.3832641e+03
   3.6761875e+02  -1.3836193e+03
   3.6763750e+02  -1.3837807e+03
   3.6766250e+02  -1.3839326e+03
   3.6768750e+02  -1.3838621e+03
   3.6770625e+02  -1.3836639e+03
   3.6773125e+02  -1.3834342e+03
   3.6775625e+02  -1.3835214e+03
   3.6777500e+02  -1.3838105e+03
   3.6780000e+02  -1.3843023e+03
   3.6781875e+02  -1.3845161e+03
   3.6784375e+02  -1.3845859e+03
   3.6786875e+02  -1.3847407e+03
   3.6788750e+02  -1.3848797e+03
   3.6791250e+02  -1.3846426e+03
   3.6793750e+02  -1.3838977e+03
   3.6795625e+02  -1.3833544e+03
   3.6798125e+02  -1.3829252e+03
   3.6801250e+02  -1.3827386e+03
   3.6803750e+02  -1.3827788e+03
   3.6806250e+02  -1.3829454e+03
   3.6808125e+02  -1.3833227e+03
   3.6810625e+02  -1.3843441e+03
   3.6812500e+02  -1.3851721e+03
   3.6815000e+02  -1.3857572e+03
   3.6817500e+02  -1.3859178e+03
   3.6819375e+02  -1.3860322e+03
   3.6821875e+02  -1.3861937e+03
   3.6824375e+02  -1.3861494e+03
   3.6826250e+02  -1.3859757e+03
   3.6828750e+02  -1.3856263e+03
   3.6831250e+02  -1.3857047e+03
   3.6833125e+02  -1.3862329e+03
   3.6835625e+02  -1.3869573e+03
   3.6837500e+02  -1.3872569e+03
   3.6840000e+02  -1.3875230e+03
   3.6842500e+02  -1.3878844e+03
   3.6844375e+02  -1.3881623e+03
   3.6846875e+02  -1.3882102e+03
   3.6849375e+02  -1.3876245e+03
   3.6851250e+02  -1.3869022e+03
   3.6853750e+02  -1.3862613e+03
   3.6856250e+02  -1.3861982e+03
   3.6858125e+02  -1.3861676e+03
   3.6860625e+02  -1.3859659e+03
   3.6863125e+02  -1.3861893e+03
   3.6865000e+02  -1.3868031e+03
   3.6867500e+02  -1.3876368e+03
   3.6869375e+02  -1.3878906e+03
   3.6871875e+02  -1.3877304e+03
   3.6874375e+02  -1.3875217e+03
   3.6876250e+02  -1.3875129e+03
   3.6878750e+02  -1.3875384e+03
   3.6881250e+02  -1.3873224e+03
   3.6883125e+02  -1.3871574e+03
   3.6885625e+02  -1.3874100e+03
   3.6888125e+02  -1.3882419e+03
   3.6890000e+02  -1.3888499e+03
   3.6892500e+02  -1.3892015e+03
   3.6894375e+02  -1.3891689e+03
   3.6896875e+02  -1.3890845e+03
   3.6899375e+02  -1.3890301e+03
   3.6902500e+02  -1.3887420e+03
   3.6905000e+02  -1.3886517e+03
   3.6906875e+02  -1.3888883e+03
   3.6909375e+02  -1.3898240e+03
   3.6911875e+02  -1.3911898e+03
   3.6913750e+02  -1.3920102e+03
   3.6916250e+02  -1.3924484e+03
   3.6918750e+02  -1.3925125e+03
   3.6920625e+02  -1.3926540e+03
   3.6923125e+02  -1.3928639e+03
   3.6925625e+02  -1.3928328e+03
   3.6927500e+02  -1.3927216e+03
   3.6930000e+02  -1.3930835e+03
   3.6931875e+02  -1.3939224e+03
   3.6934375e+02  -1.3952403e+03
   3.6936875e+02  -1.3958942e+03
   3.6938750e+02  -1.3957421e+03
   3.6941250e+02  -1.3951270e+03
   3.6943750e+02  -1.3946455e+03
   3.6945625e+02  -1.3942556e+03
   3.6948125e+02  -1.3931317e+03
   3.6950000e+02  -1.3920118e+03
   3.6952500e+02  -1.3910201e+03
   3.6955000e+02  -1.3909731e+03
   3.6956875e+02  -1.3911983e+03
   3.6959375e+02  -1.3912650e+03
   3.6961875e+02  -1.3911536e+03
   3.6963750e+02  -1.3912207e+03
   3.6966250e+02  -1.3916611e+03
   3.6968750e+02  -1.3919403e+03
   3.6970625e+02  -1.3916706e+03
   3.6973125e+02  -1.3909983e+03
   3.6975625e+02  -1.3906770e+03
   3.6977500e+02  -1.3907061e+03
   3.6980000e+02  -1.3906883e+03
   3.6981875e+02  -1.3905124e+03
   3.6984375e+02  -1.3903101e+03
   3.6986875e+02  -1.3905140e+03
   3.6988750e+02  -1.3909614e+03
   3.6991250e+02  -1.3916193e+03
   3.6993750e+02  -1.3919451e+03
   3.6995625e+02  -1.3920382e+03
   3.6998125e+02  -1.3922520e+03
   3.7001250e+02  -1.3924861e+03
   3.7003750e+02  -1.3916188e+03
   3.7006250e+02  -1.3897631e+03
   3.7008125e+02  -1.3882759e+03
   3.7010625e+02  -1.3864592e+03
   3.7012500e+02  -1.3851798e+03
   3.7015000e+02  -1.3834672e+03
   3.7017500e+02  -1.3818885e+03
   3.7019375e+02  -1.3812289e+03
   3.7021875e+02  -1.3813671e+03
   3.7024375e+02  -1.3819959e+03
   3.7026250e+02  -1.3819458e+03
   3.7028750e+02  -1.3815526e+03
   3.7031250e+02  -1.3815117e+03
   3.7033125e+02  -1.3816083e+03
   3.7035625e+02  -1.3814741e+03
   3.7037500e+02  -1.3810097e+03
   3.7040000e+02  -1.3802210e+03
   3.7042500e+02  -1.3799505e+03
   3.7044375e+02  -1.3801747e+03
   3.7046875e+02  -1.3803658e+03
   3.7049375e+02  -1.3799540e+03
   3.7051250e+02  -1.3795992e+03
   3.7053750e+02  -1.3794854e+03
   3.7056250e+02  -1.3796337e+03
   3.7058125e+02  -1.3797157e+03
   3.7060625e+02  -1.3796806e+03
   3.7063125e+02  -1.3796444e+03
   3.7065000e+02  -1.3798122e+03
   3.7067500e+02  -1.3802576e+03
   3.7069375e+02  -1.3804335e+03
   3.7071875e+02  -1.3803177e+03
   3.7074375e+02  -1.3801055e+03
   3.7076250e+02  -1.3799416e+03
   3.7078750e+02  -1.3796525e+03
   3.7081250e+02  -1.3792929e+03
   3.7083125e+02  -1.3790864e+03
   3.7085625e+02  -1.3790260e+03
   3.7088125e+02  -1.3793013e+03
   3.7090000e+02  -1.3796331e+03
   3.7092500e+02  -1.3799939e+03
   3.7094375e+02  -1.3801899e+03
   3.7096875e+02  -1.3803932e+03
   3.7099375e+02  -1.3803896e+03
   3.7102500e+02  -1.3797707e+03
   3.7105000e+02  -1.3790144e+03
   3.7106875e+02  -1.3785040e+03
   3.7109375e+02  -1.3778337e+03
   3.7111875e+02  -1.3770485e+03
   3.7113750e+02  -1.3765345e+03
   3.7116250e+02  -1.3762372e+03
   3.7118750e+02  -1.3765956e+03
   3.7120625e+02  -1.3772177e+03
   3.7123125e+02  -1.3780988e+03
   3.7125625e+02  -1.3787477e+03
   3.7127500e+02  -1.3791745e+03
   3.7130000e+02  -1.3798181e+03
   3.7131875e+02  -1.3800651e+03
   3.7134375e+02  -1.3799281e+03
   3.7136875e+02  -1.3797035e+03
   3.7138750e+02  -1.3796918e+03
   3.7141250e+02  -1.3800735e+03
   3.7143750e+02  -1.3809867e+03
   3.7145625e+02  -1.3819568e+03
   3.7148125e+02  -1.3832864e+03
   3.7150000e+02  -1.3841705e+03
   3.7152500e+02  -1.3850565e+03
   3.7155000e+02  -1.3851536e+03
   3.7156875e+02  -1.3846324e+03
   3.7159375e+02  -1.3834056e+03
   3.7161875e+02  -1.3819721e+03
   3.7163750e+02  -1.3810820e+03
   3.7166250e+02  -1.3805872e+03
   3.7168750e+02  -1.3808431e+03
   3.7170625e+02  -1.3813036e+03
   3.7173125e+02  -1.3822149e+03
   3.7175625e+02  -1.3831350e+03
   3.7177500e+02  -1.3834603e+03
   3.7180000e+02  -1.3831599e+03
   3.7181875e+02  -1.3825156e+03
   3.7184375e+02  -1.3814676e+03
   3.7186875e+02  -1.3806853e+03
   3.7188750e+02  -1.3805117e+03
   3.7191250e+02  -1.3806700e+03
   3.7193750e+02  -1.3812989e+03
   3.7195625e+02  -1.3821293e+03
   3.7198125e+02  -1.3833797e+03
   3.7201250e+02  -1.3839947e+03
   3.7203750e+02  -1.3818491e+03
   3.7206250e+02  -1.3776191e+03
   3.7208125e+02  -1.3740301e+03
   3.7210625e+02  -1.3691890e+03
   3.7212500e+02  -1.3658667e+03
   3.7215000e+02  -1.3622556e+03
   3.7217500e+02  -1.3597742e+03
   3.7219375e+02  -1.3588748e+03
   3.7221875e+02  -1.3590103e+03
   3.7224375e+02  -1.3592977e+03
   3.7226250e+02  -1.3581635e+03
   3.7228750e+02  -1.3556293e+03
   3.7231250e+02  -1.3529022e+03
   3.7233125e+02  -1.3509391e+03
   3.7235625e+02  -1.3488513e+03
   3.7237500e+02  -1.3478676e+03
   3.7240000e+02  -1.3473496e+03
   3.7242500e+02  -1.3480898e+03
   3.7244375e+02  -1.3494527e+03
   3.7246875e+02  -1.3510768e+03
   3.7249375e+02  -1.3511593e+03
   3.7251250e+02  -1.3503448e+03
   3.7253750e+02  -1.3488255e+03
   3.7256250e+02  -1.3473699e+03
   3.7258125e+02  -1.3465928e+03
   3.7260625e+02  -1.3460419e+03
   3.7263125e+02  -1.3460131e+03
   3.7265000e+02  -1.3465727e+03
   3.7267500e+02  -1.3483056e+03
   3.7269375e+02  -1.3497780e+03
   3.7271875e+02  -1.3509185e+03
   3.7274375e+02  -1.3510728e+03
   3.7276250e+02  -1.3508308e+03
   3.7278750e+02  -1.3503148e+03
   3.7281250e+02  -1.3496263e+03
   3.7283125e+02  -1.3490909e+03
   3.7285625e+02  -1.3486181e+03
   3.7288125e+02  -1.3488537e+03
   3.7290000e+02  -1.3495821e+03
   3.7292500e+02  -1.3508228e+03
   3.7294375e+02  -1.3515528e+03
   3.7296875e+02  -1.3521506e+03
   3.7299375e+02  -1.3524518e+03
   3.7302500e+02  -1.3519646e+03
   3.7305000e+02  -1.3500323e+03
   3.7306875e+02  -1.3480788e+03
   3.7309375e+02  -1.3451594e+03
   3.7311875e+02  -1.3422816e+03
   3.7313750e+02  -1.3405743e+03
   3.7316250e+02  -1.3388041e+03
   3.7318750e+02  -1.3374677e+03
   3.7320625e+02  -1.3370100e+03
   3.7323125e+02  -1.3373098e+03
   3.7325625e+02  -1.3372836e+03
   3.7327500e+02  -1.3365718e+03
   3.7330000e+02  -1.3350664e+03
   3.7331875e+02  -1.3337592e+03
   3.7334375e+02  -1.3321856e+03
   3.7336875e+02  -1.3311136e+03
   3.7338750e+02  -1.3304868e+03
   3.7341250e+02  -1.3297915e+03
   3.7343750e+02  -1.3298823e+03
   3.7345625e+02  -1.3305355e+03
   3.7348125e+02  -1.3313914e+03
   3.7350000e+02  -1.3316057e+03
   3.7352500e+02  -1.3315318e+03
   3.7355000e+02  -1.3313809e+03
   3.7356875e+02  -1.3313016e+03
   3.7359375e+02  -1.3312766e+03
   3.7361875e+02  -1.3312834e+03
   3.7363750e+02  -1.3313148e+03
   3.7366250e+02  -1.3316783e+03
   3.7368750e+02  -1.3325673e+03
   3.7370625e+02  -1.3332521e+03
   3.7373125e+02  -1.3337674e+03
   3.7375625e+02  -1.3337638e+03
   3.7377500e+02  -1.3335892e+03
   3.7380000e+02  -1.3333516e+03
   3.7381875e+02  -1.3332606e+03
   3.7384375e+02  -1.3332760e+03
   3.7386875e+02  -1.3334423e+03
   3.7388750e+02  -1.3338023e+03
   3.7391250e+02  -1.3346086e+03
   3.7393750e+02  -1.3354455e+03
   3.7395625e+02  -1.3358334e+03
   3.7398125e+02  -1.3359552e+03
   3.7401250e+02  -1.3354098e+03
   3.7403750e+02  -1.3352528e+03
   3.7406250e+02  -1.3359463e+03
   3.7408125e+02  -1.3369097e+03
   3.7410625e+02  -1.3387654e+03
   3.7412500e+02  -1.3406548e+03
   3.7415000e+02  -1.3435396e+03
   3.7417500e+02  -1.3461620e+03
   3.7419375e+02  -1.3477603e+03
   3.7421875e+02  -1.3492881e+03
   3.7424375e+02  -1.3499203e+03
   3.7426250e+02  -1.3501238e+03
   3.7428750e+02  -1.3501876e+03
   3.7431250e+02  -1.3502026e+03
   3.7433125e+02  -1.3502599e+03
   3.7435625e+02  -1.3504540e+03
   3.7437500e+02  -1.3505688e+03
   3.7440000e+02  -1.3505583e+03
   3.7442500e+02  -1.3505467e+03
   3.7444375e+02  -1.3507430e+03
   3.7446875e+02  -1.3510255e+03
   3.7449375e+02  -1.3509347e+03
   3.7451250e+02  -1.3506896e+03
   3.7453750e+02  -1.3504729e+03
   3.7456250e+02  -1.3503532e+03
   3.7458125e+02  -1.3502190e+03
   3.7460625e+02  -1.3499915e+03
   3.7463125e+02  -1.3497667e+03
   3.7465000e+02  -1.3497248e+03
   3.7467500e+02  -1.3499724e+03
   3.7469375e+02  -1.3502413e+03
   3.7471875e+02  -1.3503292e+03
   3.7474375e+02  -1.3502193e+03
   3.7476250e+02  -1.3502416e+03
   3.7478750e+02  -1.3503867e+03
   3.7481250e+02  -1.3504205e+03
   3.7483125e+02  -1.3503942e+03
   3.7485625e+02  -1.3504543e+03
   3.7488125e+02  -1.3508051e+03
   3.7490000e+02  -1.3513162e+03
   3.7492500e+02  -1.3520354e+03
   3.7494375e+02  -1.3522899e+03
   3.7496875e+02  -1.3522617e+03
   3.7499375e+02  -1.3522626e+03
   3.7502500e+02  -1.3525376e+03
   3.7505000e+02  -1.3536437e+03
   3.7506875e+02  -1.3550025e+03
   3.7509375e+02  -1.3575497e+03
   3.7511875e+02  -1.3608102e+03
   3.7513750e+02  -1.3632728e+03
   3.7516250e+02  -1.3658317e+03
   3.7518750e+02  -1.3675076e+03
   3.7520625e+02  -1.3685623e+03
   3.7523125e+02  -1.3696294e+03
   3.7525625e+02  -1.3703257e+03
   3.7527500e+02  -1.3707696e+03
   3.7530000e+02  -1.3717013e+03
   3.7531875e+02  -1.3726655e+03
   3.7534375e+02  -1.3737969e+03
   3.7536875e+02  -1.3741467e+03
   3.7538750e+02  -1.3737333e+03
   3.7541250e+02  -1.3726606e+03
   3.7543750e+02  -1.3716435e+03
   3.7545625e+02  -1.3710735e+03
   3.7548125e+02  -1.3700846e+03
   3.7550000e+02  -1.3692483e+03
   3.7552500e+02  -1.3687216e+03
   3.7555000e+02  -1.3689834e+03
   3.7556875e+02  -1.3692304e+03
   3.7559375e+02  -1.3692560e+03
   3.7561875e+02  -1.3692040e+03
   3.7563750e+02  -1.3692469e+03
   3.7566250e+02  -1.3696127e+03
   3.7568750e+02  -1.3701712e+03
   3.7570625e+02  -1.3702812e+03
   3.7573125e+02  -1.3700089e+03
   3.7575625e+02  -1.3700469e+03
   3.7577500e+02  -1.3703254e+03
   3.7580000e+02  -1.3703916e+03
   3.7581875e+02  -1.3701194e+03
   3.7584375e+02  -1.3697978e+03
   3.7586875e+02  -1.3698508e+03
   3.7588750e+02  -1.3701955e+03
   3.7591250e+02  -1.3708692e+03
   3.7593750e+02  -1.3712152e+03
   3.7595625e+02  -1.3711938e+03
   3.7598125e+02  -1.3713683e+03
   3.7601250e+02  -1.3716898e+03
   3.7603750e+02  -1.3721946e+03
   3.7606250e+02  -1.3735084e+03
   3.7608125e+02  -1.3751153e+03
   3.7610625e+02  -1.3780165e+03
   3.7612500e+02  -1.3803875e+03
   3.7615000e+02  -1.3831710e+03
   3.7617500e+02  -1.3852266e+03
   3.7619375e+02  -1.3865991e+03
   3.7621875e+02  -1.3884257e+03
   3.7624375e+02  -1.3899411e+03
   3.7626250e+02  -1.3911994e+03
   3.7628750e+02  -1.3930445e+03
   3.7631250e+02  -1.3950664e+03
   3.7633125e+02  -1.3964222e+03
   3.7635625e+02  -1.3974634e+03
   3.7637500e+02  -1.3974169e+03
   3.7640000e+02  -1.3964594e+03
   3.7642500e+02  -1.3953029e+03
   3.7644375e+02  -1.3947567e+03
   3.7646875e+02  -1.3945092e+03
   3.7649375e+02  -1.3945694e+03
   3.7651250e+02  -1.3949202e+03
   3.7653750e+02  -1.3958908e+03
   3.7656250e+02  -1.3968328e+03
   3.7658125e+02  -1.3970812e+03
   3.7660625e+02  -1.3966357e+03
   3.7663125e+02  -1.3956636e+03
   3.7665000e+02  -1.3949866e+03
   3.7667500e+02  -1.3945910e+03
   3.7669375e+02  -1.3946747e+03
   3.7671875e+02  -1.3950753e+03
   3.7674375e+02  -1.3960547e+03
   3.7676250e+02  -1.3971217e+03
   3.7678750e+02  -1.3983039e+03
   3.7681250e+02  -1.3986090e+03
   3.7683125e+02  -1.3983865e+03
   3.7685625e+02  -1.3978175e+03
   3.7688125e+02  -1.3971024e+03
   3.7690000e+02  -1.3966376e+03
   3.7692500e+02  -1.3962279e+03
   3.7694375e+02  -1.3962010e+03
   3.7696875e+02  -1.3968251e+03
   3.7699375e+02  -1.3980077e+03
   3.7702500e+02  -1.3992393e+03
   3.7705000e+02  -1.4006151e+03
   3.7706875e+02  -1.4018877e+03
   3.7709375e+02  -1.4036230e+03
   3.7711875e+02  -1.4052557e+03
   3.7713750e+02  -1.4063622e+03
   3.7716250e+02  -1.4078009e+03
   3.7718750e+02  -1.4093906e+03
   3.7720625e+02  -1.4106570e+03
   3.7723125e+02  -1.4119568e+03
   3.7725625e+02  -1.4130853e+03
   3.7727500e+02  -1.4139601e+03
   3.7730000e+02  -1.4149697e+03
   3.7731875e+02  -1.4154958e+03
   3.7734375e+02  -1.4157683e+03
   3.7736875e+02  -1.4154499e+03
   3.7738750e+02  -1.4149258e+03
   3.7741250e+02  -1.4144689e+03
   3.7743750e+02  -1.4148390e+03
   3.7745625e+02  -1.4156042e+03
   3.7748125e+02  -1.4167657e+03
   3.7750000e+02  -1.4176010e+03
   3.7752500e+02  -1.4186164e+03
   3.7755000e+02  -1.4193139e+03
   3.7756875e+02  -1.4193851e+03
   3.7759375e+02  -1.4186705e+03
   3.7761875e+02  -1.4172931e+03
   3.7763750e+02  -1.4163009e+03
   3.7766250e+02  -1.4156568e+03
   3.7768750e+02  -1.4157828e+03
   3.7770625e+02  -1.4161444e+03
   3.7773125e+02  -1.4170118e+03
   3.7775625e+02  -1.4182924e+03
   3.7777500e+02  -1.4191894e+03
   3.7780000e+02  -1.4199137e+03
   3.7781875e+02  -1.4199827e+03
   3.7784375e+02  -1.4194300e+03
   3.7786875e+02  -1.4184754e+03
   3.7788750e+02  -1.4178502e+03
   3.7791250e+02  -1.4173312e+03
   3.7793750e+02  -1.4170953e+03
   3.7795625e+02  -1.4171832e+03
   3.7798125e+02  -1.4177660e+03
   3.7801250e+02  -1.4189051e+03
   3.7803750e+02  -1.4202985e+03
   3.7806250e+02  -1.4220007e+03
   3.7808125e+02  -1.4231513e+03
   3.7810625e+02  -1.4243493e+03
   3.7812500e+02  -1.4249897e+03
   3.7815000e+02  -1.4254730e+03
   3.7817500e+02  -1.4256442e+03
   3.7819375e+02  -1.4258131e+03
   3.7821875e+02  -1.4261801e+03
   3.7824375e+02  -1.4266941e+03
   3.7826250e+02  -1.4274602e+03
   3.7828750e+02  -1.4289752e+03
   3.7831250e+02  -1.4306446e+03
   3.7833125e+02  -1.4316524e+03
   3.7835625e+02  -1.4323331e+03
   3.7837500e+02  -1.4321199e+03
   3.7840000e+02  -1.4311978e+03
   3.7842500e+02  -1.4302315e+03
   3.7844375e+02  -1.4297964e+03
   3.7846875e+02  -1.4295512e+03
   3.7849375e+02  -1.4296392e+03
   3.7851250e+02  -1.4300680e+03
   3.7853750e+02  -1.4310210e+03
   3.7856250e+02  -1.4317744e+03
   3.7858125e+02  -1.4318248e+03
   3.7860625e+02  -1.4311590e+03
   3.7863125e+02  -1.4300330e+03
   3.7865000e+02  -1.4292811e+03
   3.7867500e+02  -1.4286950e+03
   3.7869375e+02  -1.4285521e+03
   3.7871875e+02  -1.4286361e+03
   3.7874375e+02  -1.4293124e+03
   3.7876250e+02  -1.4301778e+03
   3.7878750e+02  -1.4312889e+03
   3.7881250e+02  -1.4318455e+03
   3.7883125e+02  -1.4317635e+03
   3.7885625e+02  -1.4310618e+03
   3.7888125e+02  -1.4300780e+03
   3.7890000e+02  -1.4295264e+03
   3.7892500e+02  -1.4291106e+03
   3.7894375e+02  -1.4290063e+03
   3.7896875e+02  -1.4292550e+03
   3.7899375e+02  -1.4300848e+03
   3.7902500e+02  -1.4312038e+03
   3.7905000e+02  -1.4313775e+03
   3.7906875e+02  -1.4311353e+03
   3.7909375e+02  -1.4305719e+03
   3.7911875e+02  -1.4298028e+03
   3.7913750e+02  -1.4289789e+03
   3.7916250e+02  -1.4275587e+03
   3.7918750e+02  -1.4263443e+03
   3.7920625e+02  -1.4258785e+03
   3.7923125e+02  -1.4256963e+03
   3.7925625e+02  -1.4253189e+03
   3.7927500e+02  -1.4248963e+03
   3.7930000e+02  -1.4246538e+03
   3.7931875e+02  -1.4247841e+03
   3.7934375e+02  -1.4250315e+03
   3.7936875e+02  -1.4248727e+03
   3.7938750e+02  -1.4245440e+03
   3.7941250e+02  -1.4242740e+03
   3.7943750e+02  -1.4243328e+03
   3.7945625e+02  -1.4243583e+03
   3.7948125e+02  -1.4240528e+03
   3.7950000e+02  -1.4235939e+03
   3.7952500e+02  -1.4229999e+03
   3.7955000e+02  -1.4227642e+03
   3.7956875e+02  -1.4228584e+03
   3.7959375e+02  -1.4230611e+03
   3.7961875e+02  -1.4231319e+03
   3.7963750e+02  -1.4231807e+03
   3.7966250e+02  -1.4233842e+03
   3.7968750e+02  -1.4237426e+03
   3.7970625e+02  -1.4239680e+03
   3.7973125e+02  -1.4240556e+03
   3.7975625e+02  -1.4239738e+03
   3.7977500e+02  -1.4240493e+03
   3.7980000e+02  -1.4245370e+03
   3.7981875e+02  -1.4250056e+03
   3.7984375e+02  -1.4253895e+03
   3.7986875e+02  -1.4254036e+03
   3.7988750e+02  -1.4252355e+03
   3.7991250e+02  -1.4248745e+03
   3.7993750e+02  -1.4243561e+03
   3.7995625e+02  -1.4238555e+03
   3.7998125e+02  -1.4231779e+03
   3.8001250e+02  -1.4229210e+03
   3.8003750e+02  -1.4239040e+03
   3.8006250e+02  -1.4259835e+03
   3.8008125e+02  -1.4279650e+03
   3.8010625e+02  -1.4307346e+03
   3.8012500e+02  -1.4323286e+03
   3.8015000e+02  -1.4333383e+03
   3.8017500e+02  -1.4334206e+03
   3.8019375e+02  -1.4332710e+03
   3.8021875e+02  -1.4328013e+03
   3.8024375e+02  -1.4320217e+03
   3.8026250e+02  -1.4318023e+03
   3.8028750e+02  -1.4325033e+03
   3.8031250e+02  -1.4343641e+03
   3.8033125e+02  -1.4359558e+03
   3.8035625e+02  -1.4372350e+03
   3.8037500e+02  -1.4372496e+03
   3.8040000e+02  -1.4367195e+03
   3.8042500e+02  -1.4362453e+03
   3.8044375e+02  -1.4358251e+03
   3.8046875e+02  -1.4349567e+03
   3.8049375e+02  -1.4342071e+03
   3.8051250e+02  -1.4341509e+03
   3.8053750e+02  -1.4347081e+03
   3.8056250e+02  -1.4353758e+03
   3.8058125e+02  -1.4355788e+03
   3.8060625e+02  -1.4354067e+03
   3.8063125e+02  -1.4351147e+03
   3.8065000e+02  -1.4350578e+03
   3.8067500e+02  -1.4350827e+03
   3.8069375e+02  -1.4351243e+03
   3.8071875e+02  -1.4354702e+03
   3.8074375e+02  -1.4362869e+03
   3.8076250e+02  -1.4369666e+03
   3.8078750e+02  -1.4376586e+03
   3.8081250e+02  -1.4380277e+03
   3.8083125e+02  -1.4380453e+03
   3.8085625e+02  -1.4376990e+03
   3.8088125e+02  -1.4371093e+03
   3.8090000e+02  -1.4366125e+03
   3.8092500e+02  -1.4360061e+03
   3.8094375e+02  -1.4358072e+03
   3.8096875e+02  -1.4358205e+03
   3.8099375e+02  -1.4357355e+03
   3.8102500e+02  -1.4354013e+03
   3.8105000e+02  -1.4354826e+03
   3.8106875e+02  -1.4357364e+03
   3.8109375e+02  -1.4362923e+03
   3.8111875e+02  -1.4369088e+03
   3.8113750e+02  -1.4371106e+03
   3.8116250e+02  -1.4372223e+03
   3.8118750e+02  -1.4376868e+03
   3.8120625e+02  -1.4380887e+03
   3.8123125e+02  -1.4380620e+03
   3.8125625e+02  -1.4376528e+03
   3.8127500e+02  -1.4376007e+03
   3.8130000e+02  -1.4382016e+03
   3.8131875e+02  -1.4390384e+03
   3.8134375e+02  -1.4401292e+03
   3.8136875e+02  -1.4406709e+03
   3.8138750e+02  -1.4408955e+03
   3.8141250e+02  -1.4415362e+03
   3.8143750e+02  -1.4421726e+03
   3.8145625e+02  -1.4421220e+03
   3.8148125e+02  -1.4414404e+03
   3.8150000e+02  -1.4409822e+03
   3.8152500e+02  -1.4408578e+03
   3.8155000e+02  -1.4410629e+03
   3.8156875e+02  -1.4412677e+03
   3.8159375e+02  -1.4414707e+03
   3.8161875e+02  -1.4416472e+03
   3.8163750e+02  -1.4418353e+03
   3.8166250e+02  -1.4419559e+03
   3.8168750e+02  -1.4415864e+03
   3.8170625e+02  -1.4410583e+03
   3.8173125e+02  -1.4403684e+03
   3.8175625e+02  -1.4399077e+03
   3.8177500e+02  -1.4397470e+03
   3.8180000e+02  -1.4398445e+03
   3.8181875e+02  -1.4400825e+03
   3.8184375e+02  -1.4403854e+03
   3.8186875e+02  -1.4405398e+03
   3.8188750e+02  -1.4406182e+03
   3.8191250e+02  -1.4405374e+03
   3.8193750e+02  -1.4401373e+03
   3.8195625e+02  -1.4397233e+03
   3.8198125e+02  -1.4393103e+03
   3.8201250e+02  -1.4394212e+03
   3.8203750e+02  -1.4392624e+03
   3.8206250e+02  -1.4383941e+03
   3.8208125e+02  -1.4374656e+03
   3.8210625e+02  -1.4359469e+03
   3.8212500e+02  -1.4344768e+03
   3.8215000e+02  -1.4319715e+03
   3.8217500e+02  -1.4294339e+03
   3.8219375e+02  -1.4280299e+03
   3.8221875e+02  -1.4270557e+03
   3.8224375e+02  -1.4267292e+03
   3.8226250e+02  -1.4264455e+03
   3.8228750e+02  -1.4264244e+03
   3.8231250e+02  -1.4270927e+03
   3.8233125e+02  -1.4278156e+03
   3.8235625e+02  -1.4283928e+03
   3.8237500e+02  -1.4283598e+03
   3.8240000e+02  -1.4281572e+03
   3.8242500e+02  -1.4281637e+03
   3.8244375e+02  -1.4282756e+03
   3.8246875e+02  -1.4282164e+03
   3.8249375e+02  -1.4279033e+03
   3.8251250e+02  -1.4276784e+03
   3.8253750e+02  -1.4276595e+03
   3.8256250e+02  -1.4279061e+03
   3.8258125e+02  -1.4279707e+03
   3.8260625e+02  -1.4276900e+03
   3.8263125e+02  -1.4272322e+03
   3.8265000e+02  -1.4270641e+03
   3.8267500e+02  -1.4272389e+03
   3.8269375e+02  -1.4275290e+03
   3.8271875e+02  -1.4277725e+03
   3.8274375e+02  -1.4278561e+03
   3.8276250e+02  -1.4280648e+03
   3.8278750e+02  -1.4286157e+03
   3.8281250e+02  -1.4288501e+03
   3.8283125e+02  -1.4284413e+03
   3.8285625e+02  -1.4272190e+03
   3.8288125e+02  -1.4259668e+03
   3.8290000e+02  -1.4254065e+03
   3.8292500e+02  -1.4249869e+03
   3.8294375e+02  -1.4246902e+03
   3.8296875e+02  -1.4244182e+03
   3.8299375e+02  -1.4248604e+03
   3.8302500e+02  -1.4262585e+03
   3.8305000e+02  -1.4269263e+03
   3.8306875e+02  -1.4268923e+03
   3.8309375e+02  -1.4264412e+03
   3.8311875e+02  -1.4260293e+03
   3.8313750e+02  -1.4257047e+03
   3.8316250e+02  -1.4249847e+03
   3.8318750e+02  -1.4240975e+03
   3.8320625e+02  -1.4236904e+03
   3.8323125e+02  -1.4238752e+03
   3.8325625e+02  -1.4245151e+03
   3.8327500e+02  -1.4247875e+03
   3.8330000e+02  -1.4246368e+03
   3.8331875e+02  -1.4244326e+03
   3.8334375e+02  -1.4244958e+03
   3.8336875e+02  -1.4245729e+03
   3.8338750e+02  -1.4243740e+03
   3.8341250e+02  -1.4239062e+03
   3.8343750e+02  -1.4237184e+03
   3.8345625e+02  -1.4240758e+03
   3.8348125e+02  -1.4249006e+03
   3.8350000e+02  -1.4252540e+03
   3.8352500e+02  -1.4251403e+03
   3.8355000e+02  -1.4251331e+03
   3.8356875e+02  -1.4254797e+03
   3.8359375e+02  -1.4258609e+03
   3.8361875e+02  -1.4256881e+03
   3.8363750e+02  -1.4254029e+03
   3.8366250e+02  -1.4253940e+03
   3.8368750e+02  -1.4260628e+03
   3.8370625e+02  -1.4266649e+03
   3.8373125e+02  -1.4269948e+03
   3.8375625e+02  -1.4268606e+03
   3.8377500e+02  -1.4268894e+03
   3.8380000e+02  -1.4270973e+03
   3.8381875e+02  -1.4270058e+03
   3.8384375e+02  -1.4263637e+03
   3.8386875e+02  -1.4255576e+03
   3.8388750e+02  -1.4252229e+03
   3.8391250e+02  -1.4251379e+03
   3.8393750e+02  -1.4251305e+03
   3.8395625e+02  -1.4250356e+03
   3.8398125e+02  -1.4249635e+03
   3.8401250e+02  -1.4254619e+03
   3.8403750e+02  -1.4260195e+03
   3.8406250e+02  -1.4261974e+03
   3.8408125e+02  -1.4259666e+03
   3.8410625e+02  -1.4255446e+03
   3.8412500e+02  -1.4255963e+03
   3.8415000e+02  -1.4261795e+03
   3.8417500e+02  -1.4267022e+03
   3.8419375e+02  -1.4268077e+03
   3.8421875e+02  -1.4269101e+03
   3.8424375e+02  -1.4273808e+03
   3.8426250e+02  -1.4278194e+03
   3.8428750e+02  -1.4276947e+03
   3.8431250e+02  -1.4262533e+03
   3.8433125e+02  -1.4249645e+03
   3.8435625e+02  -1.4239624e+03
   3.8437500e+02  -1.4236463e+03
   3.8440000e+02  -1.4230570e+03
   3.8442500e+02  -1.4223994e+03
   3.8444375e+02  -1.4224307e+03
   3.8446875e+02  -1.4235204e+03
   3.8449375e+02  -1.4250794e+03
   3.8451250e+02  -1.4258441e+03
   3.8453750e+02  -1.4261897e+03
   3.8456250e+02  -1.4263542e+03
   3.8458125e+02  -1.4265977e+03
   3.8460625e+02  -1.4267678e+03
   3.8463125e+02  -1.4264913e+03
   3.8465000e+02  -1.4262308e+03
   3.8467500e+02  -1.4263597e+03
   3.8469375e+02  -1.4269501e+03
   3.8471875e+02  -1.4280003e+03
   3.8474375e+02  -1.4288323e+03
   3.8476250e+02  -1.4292205e+03
   3.8478750e+02  -1.4295197e+03
   3.8481250e+02  -1.4295194e+03
   3.8483125e+02  -1.4292636e+03
   3.8485625e+02  -1.4285915e+03
   3.8488125e+02  -1.4278901e+03
   3.8490000e+02  -1.4276153e+03
   3.8492500e+02  -1.4277274e+03
   3.8494375e+02  -1.4280803e+03
   3.8496875e+02  -1.4287301e+03
   3.8499375e+02  -1.4295381e+03
   3.8502500e+02  -1.4305043e+03
   3.8505000e+02  -1.4312808e+03
   3.8506875e+02  -1.4317685e+03
   3.8509375e+02  -1.4323112e+03
   3.8511875e+02  -1.4331137e+03
   3.8513750e+02  -1.4339984e+03
   3.8516250e+02  -1.4353264e+03
   3.8518750e+02  -1.4363724e+03
   3.8520625e+02  -1.4368237e+03
   3.8523125e+02  -1.4371315e+03
   3.8525625e+02  -1.4373660e+03
   3.8527500e+02  -1.4371561e+03
   3.8530000e+02  -1.4359146e+03
   3.8531875e+02  -1.4346848e+03
   3.8534375e+02  -1.4336557e+03
   3.8536875e+02  -1.4334035e+03
   3.8538750e+02  -1.4333665e+03
   3.8541250e+02  -1.4332303e+03
   3.8543750e+02  -1.4332084e+03
   3.8545625e+02  -1.4334889e+03
   3.8548125e+02  -1.4341466e+03
   3.8550000e+02  -1.4343823e+03
   3.8552500e+02  -1.4339774e+03
   3.8555000e+02  -1.4335134e+03
   3.8556875e+02  -1.4336070e+03
   3.8559375e+02  -1.4341650e+03
   3.8561875e+02  -1.4347536e+03
   3.8563750e+02  -1.4351267e+03
   3.8566250e+02  -1.4356810e+03
   3.8568750e+02  -1.4364069e+03
   3.8570625e+02  -1.4368873e+03
   3.8573125e+02  -1.4370636e+03
   3.8575625e+02  -1.4366112e+03
   3.8577500e+02  -1.4361984e+03
   3.8580000e+02  -1.4359152e+03
   3.8581875e+02  -1.4359347e+03
   3.8584375e+02  -1.4361728e+03
   3.8586875e+02  -1.4365597e+03
   3.8588750e+02  -1.4369109e+03
   3.8591250e+02  -1.4374246e+03
   3.8593750e+02  -1.4378340e+03
   3.8595625e+02  -1.4379123e+03
   3.8598125e+02  -1.4376659e+03
   3.8601250e+02  -1.4372405e+03
   3.8603750e+02  -1.4374281e+03
   3.8606250e+02  -1.4380400e+03
   3.8608125e+02  -1.4385080e+03
   3.8610625e+02  -1.4392639e+03
   3.8612500e+02  -1.4401725e+03
   3.8615000e+02  -1.4416990e+03
   3.8617500e+02  -1.4429530e+03
   3.8619375e+02  -1.4434550e+03
   3.8621875e+02  -1.4437187e+03
   3.8624375e+02  -1.4440767e+03
   3.8626250e+02  -1.4446085e+03
   3.8628750e+02  -1.4449484e+03
   3.8631250e+02  -1.4444525e+03
   3.8633125e+02  -1.4440516e+03
   3.8635625e+02  -1.4440147e+03
   3.8637500e+02  -1.4440462e+03
   3.8640000e+02  -1.4436663e+03
   3.8642500e+02  -1.4429066e+03
   3.8644375e+02  -1.4425547e+03
   3.8646875e+02  -1.4427613e+03
   3.8649375e+02  -1.4433753e+03
   3.8651250e+02  -1.4436188e+03
   3.8653750e+02  -1.4436462e+03
   3.8656250e+02  -1.4438239e+03
   3.8658125e+02  -1.4440214e+03
   3.8660625e+02  -1.4439511e+03
   3.8663125e+02  -1.4434989e+03
   3.8665000e+02  -1.4431961e+03
   3.8667500e+02  -1.4430814e+03
   3.8669375e+02  -1.4431497e+03
   3.8671875e+02  -1.4432741e+03
   3.8674375e+02  -1.4434045e+03
   3.8676250e+02  -1.4435332e+03
   3.8678750e+02  -1.4436490e+03
   3.8681250e+02  -1.4433879e+03
   3.8683125e+02  -1.4429356e+03
   3.8685625e+02  -1.4423598e+03
   3.8688125e+02  -1.4422343e+03
   3.8690000e+02  -1.4425146e+03
   3.8692500e+02  -1.4431969e+03
   3.8694375e+02  -1.4438421e+03
   3.8696875e+02  -1.4448444e+03
   3.8699375e+02  -1.4459576e+03
   3.8702500e+02  -1.4470607e+03
   3.8705000e+02  -1.4478301e+03
   3.8706875e+02  -1.4481054e+03
   3.8709375e+02  -1.4483252e+03
   3.8711875e+02  -1.4490748e+03
   3.8713750e+02  -1.4501118e+03
   3.8716250e+02  -1.4518656e+03
   3.8718750e+02  -1.4539181e+03
   3.8720625e+02  -1.4555388e+03
   3.8723125e+02  -1.4576459e+03
   3.8725625e+02  -1.4599181e+03
   3.8727500e+02  -1.4613532e+03
   3.8730000e+02  -1.4619909e+03
   3.8731875e+02  -1.4615952e+03
   3.8734375e+02  -1.4607684e+03
   3.8736875e+02  -1.4599138e+03
   3.8738750e+02  -1.4592843e+03
   3.8741250e+02  -1.4586190e+03
   3.8743750e+02  -1.4584402e+03
   3.8745625e+02  -1.4589490e+03
   3.8748125e+02  -1.4605741e+03
   3.8750000e+02  -1.4620531e+03
   3.8752500e+02  -1.4635555e+03
   3.8755000e+02  -1.4643146e+03
   3.8756875e+02  -1.4643876e+03
   3.8759375e+02  -1.4636597e+03
   3.8761875e+02  -1.4622474e+03
   3.8763750e+02  -1.4611436e+03
   3.8766250e+02  -1.4598511e+03
   3.8768750e+02  -1.4588192e+03
   3.8770625e+02  -1.4584243e+03
   3.8773125e+02  -1.4585085e+03
   3.8775625e+02  -1.4590485e+03
   3.8777500e+02  -1.4594813e+03
   3.8780000e+02  -1.4596267e+03
   3.8781875e+02  -1.4591648e+03
   3.8784375e+02  -1.4581084e+03
   3.8786875e+02  -1.4572947e+03
   3.8788750e+02  -1.4569110e+03
   3.8791250e+02  -1.4563822e+03
   3.8793750e+02  -1.4560451e+03
   3.8795625e+02  -1.4562513e+03
   3.8798125e+02  -1.4573075e+03
   3.8801250e+02  -1.4591691e+03
   3.8803750e+02  -1.4599256e+03
   3.8806250e+02  -1.4594817e+03
   3.8808125e+02  -1.4587623e+03
   3.8810625e+02  -1.4578291e+03
   3.8812500e+02  -1.4571190e+03
   3.8815000e+02  -1.4559292e+03
   3.8817500e+02  -1.4549775e+03
   3.8819375e+02  -1.4549750e+03
   3.8821875e+02  -1.4561053e+03
   3.8824375e+02  -1.4580311e+03
   3.8826250e+02  -1.4594095e+03
   3.8828750e+02  -1.4606391e+03
   3.8831250e+02  -1.4611429e+03
   3.8833125e+02  -1.4611627e+03
   3.8835625e+02  -1.4606158e+03
   3.8837500e+02  -1.4597006e+03
   3.8840000e+02  -1.4582617e+03
   3.8842500e+02  -1.4572608e+03
   3.8844375e+02  -1.4571884e+03
   3.8846875e+02  -1.4579961e+03
   3.8849375e+02  -1.4593810e+03
   3.8851250e+02  -1.4604156e+03
   3.8853750e+02  -1.4615942e+03
   3.8856250e+02  -1.4622183e+03
   3.8858125e+02  -1.4620988e+03
   3.8860625e+02  -1.4612556e+03
   3.8863125e+02  -1.4600625e+03
   3.8865000e+02  -1.4592837e+03
   3.8867500e+02  -1.4586439e+03
   3.8869375e+02  -1.4585591e+03
   3.8871875e+02  -1.4588932e+03
   3.8874375e+02  -1.4596785e+03
   3.8876250e+02  -1.4603773e+03
   3.8878750e+02  -1.4609237e+03
   3.8881250e+02  -1.4605450e+03
   3.8883125e+02  -1.4597159e+03
   3.8885625e+02  -1.4584316e+03
   3.8888125e+02  -1.4574508e+03
   3.8890000e+02  -1.4569964e+03
   3.8892500e+02  -1.4567641e+03
   3.8894375e+02  -1.4569747e+03
   3.8896875e+02  -1.4578602e+03
   3.8899375e+02  -1.4591514e+03
   3.8902500e+02  -1.4600833e+03
   3.8905000e+02  -1.4593935e+03
   3.8906875e+02  -1.4582263e+03
   3.8909375e+02  -1.4564968e+03
   3.8911875e+02  -1.4551077e+03
   3.8913750e+02  -1.4543619e+03
   3.8916250e+02  -1.4537861e+03
   3.8918750e+02  -1.4540108e+03
   3.8920625e+02  -1.4548778e+03
   3.8923125e+02  -1.4567620e+03
   3.8925625e+02  -1.4585295e+03
   3.8927500e+02  -1.4591590e+03
   3.8930000e+02  -1.4589164e+03
   3.8931875e+02  -1.4581210e+03
   3.8934375e+02  -1.4567264e+03
   3.8936875e+02  -1.4552772e+03
   3.8938750e+02  -1.4543192e+03
   3.8941250e+02  -1.4534182e+03
   3.8943750e+02  -1.4533769e+03
   3.8945625e+02  -1.4540201e+03
   3.8948125e+02  -1.4553842e+03
   3.8950000e+02  -1.4563232e+03
   3.8952500e+02  -1.4570953e+03
   3.8955000e+02  -1.4571400e+03
   3.8956875e+02  -1.4567502e+03
   3.8959375e+02  -1.4559788e+03
   3.8961875e+02  -1.4552795e+03
   3.8963750e+02  -1.4549221e+03
   3.8966250e+02  -1.4548368e+03
   3.8968750e+02  -1.4553083e+03
   3.8970625e+02  -1.4559716e+03
   3.8973125e+02  -1.4571135e+03
   3.8975625e+02  -1.4580187e+03
   3.8977500e+02  -1.4581492e+03
   3.8980000e+02  -1.4575680e+03
   3.8981875e+02  -1.4569082e+03
   3.8984375e+02  -1.4562243e+03
   3.8986875e+02  -1.4558596e+03
   3.8988750e+02  -1.4557708e+03
   3.8991250e+02  -1.4560616e+03
   3.8993750e+02  -1.4570658e+03
   3.8995625e+02  -1.4582385e+03
   3.8998125e+02  -1.4597831e+03
   3.9001250e+02  -1.4604179e+03
   3.9003750e+02  -1.4591477e+03
   3.9006250e+02  -1.4565089e+03
   3.9008125e+02  -1.4540057e+03
   3.9010625e+02  -1.4505091e+03
   3.9012500e+02  -1.4481521e+03
   3.9015000e+02  -1.4457263e+03
   3.9017500e+02  -1.4444299e+03
   3.9019375e+02  -1.4443447e+03
   3.9021875e+02  -1.4451100e+03
   3.9024375e+02  -1.4459377e+03
   3.9026250e+02  -1.4459763e+03
   3.9028750e+02  -1.4452241e+03
   3.9031250e+02  -1.4435450e+03
   3.9033125e+02  -1.4419987e+03
   3.9035625e+02  -1.4400747e+03
   3.9037500e+02  -1.4390905e+03
   3.9040000e+02  -1.4385794e+03
   3.9042500e+02  -1.4391020e+03
   3.9044375e+02  -1.4400168e+03
   3.9046875e+02  -1.4414963e+03
   3.9049375e+02  -1.4429013e+03
   3.9051250e+02  -1.4436026e+03
   3.9053750e+02  -1.4438466e+03
   3.9056250e+02  -1.4432231e+03
   3.9058125e+02  -1.4424261e+03
   3.9060625e+02  -1.4413372e+03
   3.9063125e+02  -1.4406886e+03
   3.9065000e+02  -1.4405938e+03
   3.9067500e+02  -1.4407447e+03
   3.9069375e+02  -1.4410139e+03
   3.9071875e+02  -1.4417730e+03
   3.9074375e+02  -1.4429210e+03
   3.9076250e+02  -1.4435479e+03
   3.9078750e+02  -1.4435440e+03
   3.9081250e+02  -1.4428114e+03
   3.9083125e+02  -1.4422142e+03
   3.9085625e+02  -1.4417281e+03
   3.9088125e+02  -1.4414264e+03
   3.9090000e+02  -1.4411324e+03
   3.9092500e+02  -1.4409248e+03
   3.9094375e+02  -1.4412991e+03
   3.9096875e+02  -1.4425749e+03
   3.9099375e+02  -1.4439285e+03
   3.9102500e+02  -1.4445619e+03
   3.9105000e+02  -1.4442074e+03
   3.9106875e+02  -1.4437114e+03
   3.9109375e+02  -1.4428033e+03
   3.9111875e+02  -1.4414266e+03
   3.9113750e+02  -1.4401228e+03
   3.9116250e+02  -1.4385938e+03
   3.9118750e+02  -1.4380524e+03
   3.9120625e+02  -1.4382242e+03
   3.9123125e+02  -1.4386731e+03
   3.9125625e+02  -1.4389239e+03
   3.9127500e+02  -1.4390364e+03
   3.9130000e+02  -1.4390970e+03
   3.9131875e+02  -1.4390678e+03
   3.9134375e+02  -1.4388766e+03
   3.9136875e+02  -1.4383010e+03
   3.9138750e+02  -1.4378270e+03
   3.9141250e+02  -1.4375697e+03
   3.9143750e+02  -1.4379110e+03
   3.9145625e+02  -1.4383937e+03
   3.9148125e+02  -1.4391332e+03
   3.9150000e+02  -1.4397116e+03
   3.9152500e+02  -1.4405771e+03
   3.9155000e+02  -1.4415324e+03
   3.9156875e+02  -1.4419993e+03
   3.9159375e+02  -1.4418619e+03
   3.9161875e+02  -1.4410474e+03
   3.9163750e+02  -1.4404139e+03
   3.9166250e+02  -1.4396586e+03
   3.9168750e+02  -1.4386951e+03
   3.9170625e+02  -1.4379028e+03
   3.9173125e+02  -1.4372019e+03
   3.9175625e+02  -1.4372881e+03
   3.9177500e+02  -1.4377129e+03
   3.9180000e+02  -1.4382195e+03
   3.9181875e+02  -1.4383923e+03
   3.9184375e+02  -1.4385463e+03
   3.9186875e+02  -1.4388395e+03
   3.9188750e+02  -1.4389553e+03
   3.9191250e+02  -1.4385490e+03
   3.9193750e+02  -1.4378728e+03
   3.9195625e+02  -1.4376703e+03
   3.9198125e+02  -1.4379977e+03
   3.9201250e+02  -1.4387886e+03
   3.9203750e+02  -1.4399391e+03
   3.9206250e+02  -1.4416081e+03
   3.9208125e+02  -1.4429261e+03
   3.9210625e+02  -1.4444477e+03
   3.9212500e+02  -1.4452209e+03
   3.9215000e+02  -1.4456910e+03
   3.9217500e+02  -1.4458997e+03
   3.9219375e+02  -1.4461472e+03
   3.9221875e+02  -1.4464993e+03
   3.9224375e+02  -1.4470110e+03
   3.9226250e+02  -1.4479296e+03
   3.9228750e+02  -1.4495234e+03
   3.9231250e+02  -1.4509441e+03
   3.9233125e+02  -1.4517548e+03
   3.9235625e+02  -1.4523956e+03
   3.9237500e+02  -1.4524325e+03
   3.9240000e+02  -1.4520308e+03
   3.9242500e+02  -1.4512969e+03
   3.9244375e+02  -1.4508229e+03
   3.9246875e+02  -1.4506740e+03
   3.9249375e+02  -1.4512099e+03
   3.9251250e+02  -1.4519323e+03
   3.9253750e+02  -1.4532213e+03
   3.9256250e+02  -1.4545111e+03
   3.9258125e+02  -1.4550383e+03
   3.9260625e+02  -1.4550275e+03
   3.9263125e+02  -1.4545954e+03
   3.9265000e+02  -1.4542433e+03
   3.9267500e+02  -1.4536780e+03
   3.9269375e+02  -1.4531993e+03
   3.9271875e+02  -1.4527155e+03
   3.9274375e+02  -1.4528791e+03
   3.9276250e+02  -1.4534235e+03
   3.9278750e+02  -1.4540283e+03
   3.9281250e+02  -1.4539434e+03
   3.9283125e+02  -1.4536027e+03
   3.9285625e+02  -1.4532920e+03
   3.9288125e+02  -1.4532031e+03
   3.9290000e+02  -1.4530627e+03
   3.9292500e+02  -1.4526326e+03
   3.9294375e+02  -1.4523603e+03
   3.9296875e+02  -1.4525666e+03
   3.9299375e+02  -1.4534354e+03
   3.9302500e+02  -1.4541091e+03
   3.9305000e+02  -1.4534497e+03
   3.9306875e+02  -1.4525620e+03
   3.9309375e+02  -1.4514228e+03
   3.9311875e+02  -1.4504336e+03
   3.9313750e+02  -1.4495349e+03
   3.9316250e+02  -1.4481901e+03
   3.9318750e+02  -1.4475527e+03
   3.9320625e+02  -1.4478373e+03
   3.9323125e+02  -1.4488269e+03
   3.9325625e+02  -1.4496684e+03
   3.9327500e+02  -1.4500052e+03
   3.9330000e+02  -1.4502824e+03
   3.9331875e+02  -1.4505350e+03
   3.9334375e+02  -1.4507996e+03
   3.9336875e+02  -1.4505642e+03
   3.9338750e+02  -1.4500802e+03
   3.9341250e+02  -1.4494158e+03
   3.9343750e+02  -1.4492728e+03
   3.9345625e+02  -1.4495472e+03
   3.9348125e+02  -1.4499527e+03
   3.9350000e+02  -1.4500472e+03
   3.9352500e+02  -1.4501322e+03
   3.9355000e+02  -1.4505800e+03
   3.9356875e+02  -1.4509955e+03
   3.9359375e+02  -1.4512037e+03
   3.9361875e+02  -1.4509785e+03
   3.9363750e+02  -1.4507181e+03
   3.9366250e+02  -1.4504958e+03
   3.9368750e+02  -1.4503611e+03
   3.9370625e+02  -1.4500904e+03
   3.9373125e+02  -1.4495683e+03
   3.9375625e+02  -1.4493575e+03
   3.9377500e+02  -1.4494822e+03
   3.9380000e+02  -1.4495435e+03
   3.9381875e+02  -1.4492889e+03
   3.9384375e+02  -1.4488422e+03
   3.9386875e+02  -1.4486415e+03
   3.9388750e+02  -1.4486891e+03
   3.9391250e+02  -1.4487187e+03
   3.9393750e+02  -1.4484520e+03
   3.9395625e+02  -1.4482198e+03
   3.9398125e+02  -1.4483232e+03
   3.9401250e+02  -1.4488869e+03
   3.9403750e+02  -1.4486744e+03
   3.9406250e+02  -1.4478525e+03
   3.9408125e+02  -1.4472372e+03
   3.9410625e+02  -1.4465650e+03
   3.9412500e+02  -1.4458080e+03
   3.9415000e+02  -1.4442280e+03
   3.9417500e+02  -1.4427483e+03
   3.9419375e+02  -1.4422835e+03
   3.9421875e+02  -1.4425350e+03
   3.9424375e+02  -1.4430748e+03
   3.9426250e+02  -1.4432642e+03
   3.9428750e+02  -1.4434725e+03
   3.9431250e+02  -1.4442084e+03
   3.9433125e+02  -1.4449657e+03
   3.9435625e+02  -1.4453294e+03
   3.9437500e+02  -1.4450082e+03
   3.9440000e+02  -1.4444924e+03
   3.9442500e+02  -1.4443783e+03
   3.9444375e+02  -1.4444833e+03
   3.9446875e+02  -1.4445133e+03
   3.9449375e+02  -1.4444332e+03
   3.9451250e+02  -1.4445481e+03
   3.9453750e+02  -1.4452493e+03
   3.9456250e+02  -1.4461022e+03
   3.9458125e+02  -1.4462916e+03
   3.9460625e+02  -1.4461321e+03
   3.9463125e+02  -1.4461289e+03
   3.9465000e+02  -1.4462874e+03
   3.9467500e+02  -1.4463244e+03
   3.9469375e+02  -1.4459884e+03
   3.9471875e+02  -1.4452568e+03
   3.9474375e+02  -1.4449031e+03
   3.9476250e+02  -1.4450176e+03
   3.9478750e+02  -1.4450598e+03
   3.9481250e+02  -1.4444750e+03
   3.9483125e+02  -1.4440106e+03
   3.9485625e+02  -1.4439785e+03
   3.9488125e+02  -1.4442587e+03
   3.9490000e+02  -1.4441963e+03
   3.9492500e+02  -1.4436631e+03
   3.9494375e+02  -1.4432529e+03
   3.9496875e+02  -1.4431244e+03
   3.9499375e+02  -1.4432732e+03
   3.9502500e+02  -1.4425059e+03
   3.9505000e+02  -1.4405895e+03
   3.9506875e+02  -1.4391212e+03
   3.9509375e+02  -1.4375350e+03
   3.9511875e+02  -1.4359029e+03
   3.9513750e+02  -1.4344566e+03
   3.9516250e+02  -1.4326161e+03
   3.9518750e+02  -1.4316870e+03
   3.9520625e+02  -1.4316986e+03
   3.9523125e+02  -1.4321836e+03
   3.9525625e+02  -1.4320664e+03
   3.9527500e+02  -1.4316417e+03
   3.9530000e+02  -1.4313163e+03
   3.9531875e+02  -1.4313191e+03
   3.9534375e+02  -1.4311806e+03
   3.9536875e+02  -1.4306468e+03
   3.9538750e+02  -1.4302858e+03
   3.9541250e+02  -1.4301941e+03
   3.9543750e+02  -1.4305683e+03
   3.9545625e+02  -1.4307928e+03
   3.9548125e+02  -1.4306320e+03
   3.9550000e+02  -1.4303426e+03
   3.9552500e+02  -1.4302846e+03
   3.9555000e+02  -1.4305938e+03
   3.9556875e+02  -1.4306910e+03
   3.9559375e+02  -1.4306240e+03
   3.9561875e+02  -1.4307407e+03
   3.9563750e+02  -1.4310008e+03
   3.9566250e+02  -1.4313417e+03
   3.9568750e+02  -1.4312545e+03
   3.9570625e+02  -1.4308186e+03
   3.9573125e+02  -1.4301732e+03
   3.9575625e+02  -1.4298716e+03
   3.9577500e+02  -1.4296396e+03
   3.9580000e+02  -1.4289511e+03
   3.9581875e+02  -1.4284186e+03
   3.9584375e+02  -1.4283254e+03
   3.9586875e+02  -1.4288940e+03
   3.9588750e+02  -1.4294075e+03
   3.9591250e+02  -1.4299513e+03
   3.9593750e+02  -1.4303764e+03
   3.9595625e+02  -1.4307353e+03
   3.9598125e+02  -1.4313286e+03
   3.9601250e+02  -1.4316419e+03
   3.9603750e+02  -1.4306280e+03
   3.9606250e+02  -1.4288096e+03
   3.9608125e+02  -1.4273815e+03
   3.9610625e+02  -1.4254774e+03
   3.9612500e+02  -1.4241207e+03
   3.9615000e+02  -1.4226480e+03
   3.9617500e+02  -1.4218690e+03
   3.9619375e+02  -1.4218372e+03
   3.9621875e+02  -1.4225040e+03
   3.9624375e+02  -1.4233667e+03
   3.9626250e+02  -1.4235085e+03
   3.9628750e+02  -1.4231367e+03
   3.9631250e+02  -1.4223976e+03
   3.9633125e+02  -1.4216439e+03
   3.9635625e+02  -1.4205060e+03
   3.9637500e+02  -1.4198190e+03
   3.9640000e+02  -1.4194281e+03
   3.9642500e+02  -1.4196547e+03
   3.9644375e+02  -1.4202113e+03
   3.9646875e+02  -1.4211869e+03
   3.9649375e+02  -1.4221009e+03
   3.9651250e+02  -1.4226457e+03
   3.9653750e+02  -1.4230869e+03
   3.9656250e+02  -1.4228723e+03
   3.9658125e+02  -1.4223449e+03
   3.9660625e+02  -1.4216441e+03
   3.9663125e+02  -1.4211724e+03
   3.9665000e+02  -1.4209917e+03
   3.9667500e+02  -1.4209382e+03
   3.9669375e+02  -1.4210570e+03
   3.9671875e+02  -1.4213698e+03
   3.9674375e+02  -1.4218064e+03
   3.9676250e+02  -1.4220994e+03
   3.9678750e+02  -1.4219830e+03
   3.9681250e+02  -1.4212119e+03
   3.9683125e+02  -1.4205460e+03
   3.9685625e+02  -1.4198826e+03
   3.9688125e+02  -1.4194747e+03
   3.9690000e+02  -1.4193416e+03
   3.9692500e+02  -1.4195000e+03
   3.9694375e+02  -1.4198449e+03
   3.9696875e+02  -1.4205556e+03
   3.9699375e+02  -1.4214200e+03
   3.9702500e+02  -1.4217354e+03
   3.9705000e+02  -1.4205804e+03
   3.9706875e+02  -1.4193312e+03
   3.9709375e+02  -1.4174712e+03
   3.9711875e+02  -1.4154742e+03
   3.9713750e+02  -1.4141966e+03
   3.9716250e+02  -1.4130456e+03
   3.9718750e+02  -1.4126432e+03
   3.9720625e+02  -1.4128819e+03
   3.9723125e+02  -1.4137922e+03
   3.9725625e+02  -1.4143640e+03
   3.9727500e+02  -1.4141957e+03
   3.9730000e+02  -1.4135042e+03
   3.9731875e+02  -1.4127520e+03
   3.9734375e+02  -1.4115115e+03
   3.9736875e+02  -1.4103172e+03
   3.9738750e+02  -1.4096131e+03
   3.9741250e+02  -1.4091382e+03
   3.9743750e+02  -1.4094475e+03
   3.9745625e+02  -1.4100246e+03
   3.9748125e+02  -1.4107200e+03
   3.9750000e+02  -1.4110765e+03
   3.9752500e+02  -1.4115331e+03
   3.9755000e+02  -1.4118251e+03
   3.9756875e+02  -1.4117985e+03
   3.9759375e+02  -1.4116151e+03
   3.9761875e+02  -1.4114797e+03
   3.9763750e+02  -1.4115117e+03
   3.9766250e+02  -1.4119286e+03
   3.9768750e+02  -1.4126099e+03
   3.9770625e+02  -1.4129709e+03
   3.9773125e+02  -1.4132012e+03
   3.9775625e+02  -1.4133024e+03
   3.9777500e+02  -1.4132041e+03
   3.9780000e+02  -1.4127057e+03
   3.9781875e+02  -1.4121159e+03
   3.9784375e+02  -1.4112434e+03
   3.9786875e+02  -1.4105099e+03
   3.9788750e+02  -1.4103244e+03
   3.9791250e+02  -1.4105461e+03
   3.9793750e+02  -1.4108152e+03
   3.9795625e+02  -1.4109448e+03
   3.9798125e+02  -1.4112723e+03
   3.9801250e+02  -1.4116686e+03
   3.9803750e+02  -1.4108491e+03
   3.9806250e+02  -1.4089482e+03
   3.9808125e+02  -1.4072890e+03
   3.9810625e+02  -1.4050814e+03
   3.9812500e+02  -1.4036486e+03
   3.9815000e+02  -1.4021725e+03
   3.9817500e+02  -1.4010501e+03
   3.9819375e+02  -1.4005296e+03
   3.9821875e+02  -1.4005614e+03
   3.9824375e+02  -1.4009418e+03
   3.9826250e+02  -1.4006401e+03
   3.9828750e+02  -1.3994743e+03
   3.9831250e+02  -1.3979420e+03
   3.9833125e+02  -1.3968461e+03
   3.9835625e+02  -1.3957147e+03
   3.9837500e+02  -1.3951669e+03
   3.9840000e+02  -1.3947467e+03
   3.9842500e+02  -1.3950500e+03
   3.9844375e+02  -1.3959193e+03
   3.9846875e+02  -1.3973093e+03
   3.9849375e+02  -1.3980928e+03
   3.9851250e+02  -1.3982434e+03
   3.9853750e+02  -1.3982877e+03
   3.9856250e+02  -1.3982499e+03
   3.9858125e+02  -1.3981553e+03
   3.9860625e+02  -1.3979803e+03
   3.9863125e+02  -1.3979196e+03
   3.9865000e+02  -1.3982610e+03
   3.9867500e+02  -1.3994276e+03
   3.9869375e+02  -1.4004358e+03
   3.9871875e+02  -1.4012640e+03
   3.9874375e+02  -1.4015098e+03
   3.9876250e+02  -1.4014642e+03
   3.9878750e+02  -1.4010168e+03
   3.9881250e+02  -1.4001227e+03
   3.9883125e+02  -1.3993134e+03
   3.9885625e+02  -1.3982738e+03
   3.9888125e+02  -1.3977810e+03
   3.9890000e+02  -1.3979803e+03
   3.9892500e+02  -1.3986065e+03
   3.9894375e+02  -1.3989676e+03
   3.9896875e+02  -1.3993248e+03
   3.9899375e+02  -1.3996621e+03
   3.9902500e+02  -1.3999240e+03
   3.9905000e+02  -1.4005721e+03
   3.9906875e+02  -1.4013100e+03
   3.9909375e+02  -1.4027655e+03
   3.9911875e+02  -1.4049418e+03
   3.9913750e+02  -1.4068959e+03
   3.9916250e+02  -1.4093685e+03
   3.9918750e+02  -1.4112411e+03
   3.9920625e+02  -1.4121970e+03
   3.9923125e+02  -1.4129319e+03
   3.9925625e+02  -1.4134514e+03
   3.9927500e+02  -1.4136475e+03
   3.9930000e+02  -1.4136036e+03
   3.9931875e+02  -1.4135422e+03
   3.9934375e+02  -1.4136677e+03
   3.9936875e+02  -1.4138790e+03
   3.9938750e+02  -1.4139608e+03
   3.9941250e+02  -1.4140410e+03
   3.9943750e+02  -1.4142596e+03
   3.9945625e+02  -1.4146263e+03
   3.9948125e+02  -1.4151258e+03
   3.9950000e+02  -1.4152275e+03
   3.9952500e+02  -1.4150263e+03
   3.9955000e+02  -1.4147546e+03
   3.9956875e+02  -1.4145404e+03
   3.9959375e+02  -1.4141460e+03
   3.9961875e+02  -1.4139372e+03
   3.9963750e+02  -1.4141062e+03
   3.9966250e+02  -1.4146506e+03
   3.9968750e+02  -1.4153063e+03
   3.9970625e+02  -1.4158067e+03
   3.9973125e+02  -1.4164528e+03
   3.9975625e+02  -1.4169222e+03
   3.9977500e+02  -1.4169728e+03
   3.9980000e+02  -1.4164550e+03
   3.9981875e+02  -1.4157762e+03
   3.9984375e+02  -1.4150476e+03
   3.9986875e+02  -1.4146758e+03
   3.9988750e+02  -1.4144836e+03
   3.9991250e+02  -1.4142486e+03
   3.9993750e+02  -1.4141365e+03
   3.9995625e+02  -1.4141883e+03
   3.9998125e+02  -1.4143930e+03
   4.0001250e+02  -1.4144729e+03
   4.0003750e+02  -1.4142237e+03
   4.0006250e+02  -1.4141236e+03
   4.0008125e+02  -1.4143897e+03
   4.0010625e+02  -1.4151092e+03
   4.0012500e+02  -1.4156339e+03
   4.0015000e+02  -1.4160380e+03
   4.0017500e+02  -1.4162251e+03
   4.0019375e+02  -1.4164427e+03
   4.0021875e+02  -1.4169006e+03
   4.0024375e+02  -1.4173340e+03
   4.0026250e+02  -1.4174693e+03
   4.0028750e+02  -1.4175400e+03
   4.0031250e+02  -1.4180835e+03
   4.0033125e+02  -1.4187683e+03
   4.0035625e+02  -1.4193524e+03
   4.0037500e+02  -1.4192413e+03
   4.0040000e+02  -1.4187329e+03
   4.0042500e+02  -1.4184185e+03
   4.0044375e+02  -1.4184372e+03
   4.0046875e+02  -1.4185778e+03
   4.0049375e+02  -1.4185142e+03
   4.0051250e+02  -1.4183974e+03
   4.0053750e+02  -1.4185070e+03
   4.0056250e+02  -1.4188514e+03
   4.0058125e+02  -1.4188036e+03
   4.0060625e+02  -1.4181850e+03
   4.0063125e+02  -1.4174370e+03
   4.0065000e+02  -1.4169882e+03
   4.0067500e+02  -1.4165370e+03
   4.0069375e+02  -1.4163437e+03
   4.0071875e+02  -1.4163702e+03
   4.0074375e+02  -1.4167013e+03
   4.0076250e+02  -1.4171134e+03
   4.0078750e+02  -1.4176549e+03
   4.0081250e+02  -1.4177383e+03
   4.0083125e+02  -1.4174233e+03
   4.0085625e+02  -1.4168188e+03
   4.0088125e+02  -1.4160868e+03
   4.0090000e+02  -1.4154795e+03
   4.0092500e+02  -1.4148858e+03
   4.0094375e+02  -1.4148467e+03
   4.0096875e+02  -1.4153649e+03
   4.0099375e+02  -1.4162039e+03
   4.0102500e+02  -1.4168930e+03
   4.0105000e+02  -1.4158719e+03
   4.0106875e+02  -1.4145797e+03
   4.0109375e+02  -1.4125651e+03
   4.0111875e+02  -1.4099930e+03
   4.0113750e+02  -1.4076526e+03
   4.0116250e+02  -1.4046214e+03
   4.0118750e+02  -1.4026615e+03
   4.0120625e+02  -1.4021430e+03
   4.0123125e+02  -1.4024971e+03
   4.0125625e+02  -1.4026482e+03
   4.0127500e+02  -1.4023160e+03
   4.0130000e+02  -1.4019257e+03
   4.0131875e+02  -1.4018495e+03
   4.0134375e+02  -1.4014753e+03
   4.0136875e+02  -1.4003251e+03
   4.0138750e+02  -1.3993498e+03
   4.0141250e+02  -1.3987506e+03
   4.0143750e+02  -1.3992038e+03
   4.0145625e+02  -1.3998675e+03
   4.0148125e+02  -1.4005691e+03
   4.0150000e+02  -1.4007031e+03
   4.0152500e+02  -1.4006098e+03
   4.0155000e+02  -1.4005644e+03
   4.0156875e+02  -1.4003214e+03
   4.0159375e+02  -1.3993109e+03
   4.0161875e+02  -1.3979185e+03
   4.0163750e+02  -1.3971653e+03
   4.0166250e+02  -1.3968356e+03
   4.0168750e+02  -1.3971375e+03
   4.0170625e+02  -1.3975848e+03
   4.0173125e+02  -1.3981052e+03
   4.0175625e+02  -1.3984433e+03
   4.0177500e+02  -1.3986635e+03
   4.0180000e+02  -1.3986246e+03
   4.0181875e+02  -1.3980930e+03
   4.0184375e+02  -1.3968985e+03
   4.0186875e+02  -1.3956847e+03
   4.0188750e+02  -1.3949771e+03
   4.0191250e+02  -1.3944726e+03
   4.0193750e+02  -1.3946808e+03
   4.0195625e+02  -1.3952881e+03
   4.0198125e+02  -1.3964449e+03
   4.0201250e+02  -1.3981367e+03
   4.0203750e+02  -1.3991971e+03
   4.0206250e+02  -1.3997689e+03
   4.0208125e+02  -1.4000191e+03
   4.0210625e+02  -1.4000897e+03
   4.0212500e+02  -1.3998046e+03
   4.0215000e+02  -1.3991888e+03
   4.0217500e+02  -1.3987693e+03
   4.0219375e+02  -1.3987231e+03
   4.0221875e+02  -1.3990135e+03
   4.0224375e+02  -1.3996764e+03
   4.0226250e+02  -1.4002477e+03
   4.0228750e+02  -1.4010632e+03
   4.0231250e+02  -1.4018849e+03
   4.0233125e+02  -1.4022392e+03
   4.0235625e+02  -1.4019886e+03
   4.0237500e+02  -1.4013592e+03
   4.0240000e+02  -1.4003981e+03
   4.0242500e+02  -1.3997391e+03
   4.0244375e+02  -1.3994952e+03
   4.0246875e+02  -1.3992855e+03
   4.0249375e+02  -1.3990763e+03
   4.0251250e+02  -1.3989762e+03
   4.0253750e+02  -1.3989935e+03
   4.0256250e+02  -1.3988396e+03
   4.0258125e+02  -1.3984099e+03
   4.0260625e+02  -1.3976078e+03
   4.0263125e+02  -1.3968727e+03
   4.0265000e+02  -1.3965559e+03
   4.0267500e+02  -1.3965669e+03
   4.0269375e+02  -1.3968348e+03
   4.0271875e+02  -1.3973270e+03
   4.0274375e+02  -1.3978019e+03
   4.0276250e+02  -1.3981032e+03
   4.0278750e+02  -1.3982110e+03
   4.0281250e+02  -1.3977574e+03
   4.0283125e+02  -1.3971161e+03
   4.0285625e+02  -1.3961270e+03
   4.0288125e+02  -1.3954160e+03
   4.0290000e+02  -1.3952751e+03
   4.0292500e+02  -1.3955691e+03
   4.0294375e+02  -1.3960324e+03
   4.0296875e+02  -1.3969217e+03
   4.0299375e+02  -1.3979707e+03
   4.0302500e+02  -1.3991068e+03
   4.0305000e+02  -1.3998898e+03
   4.0306875e+02  -1.4003167e+03
   4.0309375e+02  -1.4009223e+03
   4.0311875e+02  -1.4019283e+03
   4.0313750e+02  -1.4029535e+03
   4.0316250e+02  -1.4044635e+03
   4.0318750e+02  -1.4059676e+03
   4.0320625e+02  -1.4071025e+03
   4.0323125e+02  -1.4084607e+03
   4.0325625e+02  -1.4095549e+03
   4.0327500e+02  -1.4101806e+03
   4.0330000e+02  -1.4107176e+03
   4.0331875e+02  -1.4108789e+03
   4.0334375e+02  -1.4108687e+03
   4.0336875e+02  -1.4107225e+03
   4.0338750e+02  -1.4105682e+03
   4.0341250e+02  -1.4103804e+03
   4.0343750e+02  -1.4103308e+03
   4.0345625e+02  -1.4102870e+03
   4.0348125e+02  -1.4099809e+03
   4.0350000e+02  -1.4096743e+03
   4.0352500e+02  -1.4092320e+03
   4.0355000e+02  -1.4086439e+03
   4.0356875e+02  -1.4081805e+03
   4.0359375e+02  -1.4077649e+03
   4.0361875e+02  -1.4076010e+03
   4.0363750e+02  -1.4076143e+03
   4.0366250e+02  -1.4079146e+03
   4.0368750e+02  -1.4082842e+03
   4.0370625e+02  -1.4083683e+03
   4.0373125e+02  -1.4082209e+03
   4.0375625e+02  -1.4079431e+03
   4.0377500e+02  -1.4076732e+03
   4.0380000e+02  -1.4072304e+03
   4.0381875e+02  -1.4068954e+03
   4.0384375e+02  -1.4065505e+03
   4.0386875e+02  -1.4066044e+03
   4.0388750e+02  -1.4070485e+03
   4.0391250e+02  -1.4078072e+03
   4.0393750e+02  -1.4082823e+03
   4.0395625e+02  -1.4084471e+03
   4.0398125e+02  -1.4085998e+03
   4.0401250e+02  -1.4085510e+03
   4.0403750e+02  -1.4076353e+03
   4.0406250e+02  -1.4058400e+03
   4.0408125e+02  -1.4042784e+03
   4.0410625e+02  -1.4023492e+03
   4.0412500e+02  -1.4011982e+03
   4.0415000e+02  -1.4000072e+03
   4.0417500e+02  -1.3991333e+03
   4.0419375e+02  -1.3987585e+03
   4.0421875e+02  -1.3987720e+03
   4.0424375e+02  -1.3989754e+03
   4.0426250e+02  -1.3988191e+03
   4.0428750e+02  -1.3982505e+03
   4.0431250e+02  -1.3975278e+03
   4.0433125e+02  -1.3970911e+03
   4.0435625e+02  -1.3968249e+03
   4.0437500e+02  -1.3969081e+03
   4.0440000e+02  -1.3973094e+03
   4.0442500e+02  -1.3979990e+03
   4.0444375e+02  -1.3985491e+03
   4.0446875e+02  -1.3990821e+03
   4.0449375e+02  -1.3993467e+03
   4.0451250e+02  -1.3993991e+03
   4.0453750e+02  -1.3993270e+03
   4.0456250e+02  -1.3991320e+03
   4.0458125e+02  -1.3990178e+03
   4.0460625e+02  -1.3990045e+03
   4.0463125e+02  -1.3992525e+03
   4.0465000e+02  -1.3995615e+03
   4.0467500e+02  -1.3998901e+03
   4.0469375e+02  -1.3999845e+03
   4.0471875e+02  -1.3999593e+03
   4.0474375e+02  -1.3998516e+03
   4.0476250e+02  -1.3997164e+03
   4.0478750e+02  -1.3993604e+03
   4.0481250e+02  -1.3987938e+03
   4.0483125e+02  -1.3984138e+03
   4.0485625e+02  -1.3982706e+03
   4.0488125e+02  -1.3985291e+03
   4.0490000e+02  -1.3986766e+03
   4.0492500e+02  -1.3986659e+03
   4.0494375e+02  -1.3986678e+03
   4.0496875e+02  -1.3988200e+03
   4.0499375e+02  -1.3989497e+03
   4.0502500e+02  -1.3986872e+03
   4.0505000e+02  -1.3984806e+03
   4.0506875e+02  -1.3985886e+03
   4.0509375e+02  -1.3990544e+03
   4.0511875e+02  -1.3995368e+03
   4.0513750e+02  -1.3998669e+03
   4.0516250e+02  -1.4003863e+03
   4.0518750e+02  -1.4010711e+03
   4.0520625e+02  -1.4015715e+03
   4.0523125e+02  -1.4019215e+03
   4.0525625e+02  -1.4019312e+03
   4.0527500e+02  -1.4018796e+03
   4.0530000e+02  -1.4019930e+03
   4.0531875e+02  -1.4021583e+03
   4.0534375e+02  -1.4022575e+03
   4.0536875e+02  -1.4022329e+03
   4.0538750e+02  -1.4022542e+03
   4.0541250e+02  -1.4024694e+03
   4.0543750e+02  -1.4027091e+03
   4.0545625e+02  -1.4028169e+03
   4.0548125e+02  -1.4028749e+03
   4.0550000e+02  -1.4029306e+03
   4.0552500e+02  -1.4030919e+03
   4.0555000e+02  -1.4032031e+03
   4.0556875e+02  -1.4032121e+03
   4.0559375e+02  -1.4032412e+03
   4.0561875e+02  -1.4035431e+03
   4.0563750e+02  -1.4039003e+03
   4.0566250e+02  -1.4042288e+03
   4.0568750e+02  -1.4043135e+03
   4.0570625e+02  -1.4042879e+03
   4.0573125e+02  -1.4041780e+03
