   3.8044583e+02  -1.4308909e+03
   3.8045833e+02  -1.4291440e+03
   3.8046667e+02  -1.4288566e+03
   3.8047917e+02  -1.4295801e+03
   3.8049167e+02  -1.4281964e+03
   3.8050417e+02  -1.4295043e+03
   3.8051250e+02  -1.4296341e+03
   3.8052500e+02  -1.4288841e+03
   3.8053750e+02  -1.4304269e+03
   3.8054583e+02  -1.4304784e+03
   3.8055833e+02  -1.4294137e+03
   3.8057083e+02  -1.4305873e+03
   3.8058333e+02  -1.4292946e+03
   3.8059167e+02  -1.4293154e+03
   3.8060417e+02  -1.4304477e+03
   3.8061667e+02  -1.4293554e+03
   3.8062917e+02  -1.4308113e+03
   3.8063750e+02  -1.4309579e+03
   3.8065000e+02  -1.4301431e+03
   3.8066250e+02  -1.4315780e+03
   3.8067083e+02  -1.4315768e+03
   3.8068333e+02  -1.4305033e+03
   3.8069583e+02  -1.4317887e+03
   3.8070833e+02  -1.4307328e+03
   3.8071667e+02  -1.4309433e+03
   3.8072917e+02  -1.4323258e+03
   3.8074167e+02  -1.4313678e+03
   3.8075417e+02  -1.4328205e+03
   3.8076250e+02  -1.4329124e+03
   3.8077500e+02  -1.4320000e+03
   3.8078750e+02  -1.4333706e+03
   3.8079583e+02  -1.4333536e+03
   3.8080833e+02  -1.4322701e+03
   3.8082083e+02  -1.4335067e+03
   3.8083333e+02  -1.4323198e+03
   3.8084167e+02  -1.4323997e+03
   3.8085417e+02  -1.4335658e+03
   3.8086667e+02  -1.4324039e+03
   3.8087917e+02  -1.4336893e+03
   3.8088750e+02  -1.4337067e+03
   3.8090000e+02  -1.4327563e+03
   3.8091250e+02  -1.4341725e+03
   3.8092083e+02  -1.4342159e+03
   3.8093333e+02  -1.4332324e+03
   3.8094583e+02  -1.4345435e+03
   3.8095833e+02  -1.4333735e+03
   3.8096667e+02  -1.4334287e+03
   3.8097917e+02  -1.4345151e+03
   3.8099167e+02  -1.4332559e+03
   3.8101250e+02  -1.4343800e+03
   3.8102500e+02  -1.4331143e+03
   3.8103750e+02  -1.4342992e+03
   3.8104583e+02  -1.4342425e+03
   3.8105833e+02  -1.4331863e+03
   3.8107083e+02  -1.4345675e+03
   3.8108333e+02  -1.4336143e+03
   3.8109167e+02  -1.4338872e+03
   3.8110417e+02  -1.4353840e+03
   3.8111667e+02  -1.4345960e+03
   3.8112500e+02  -1.4349798e+03
   3.8113750e+02  -1.4365411e+03
   3.8115000e+02  -1.4356468e+03
   3.8116250e+02  -1.4370842e+03
   3.8117083e+02  -1.4371600e+03
   3.8118333e+02  -1.4361922e+03
   3.8119583e+02  -1.4374489e+03
   3.8120833e+02  -1.4361362e+03
   3.8121667e+02  -1.4360483e+03
   3.8122917e+02  -1.4368486e+03
   3.8124167e+02  -1.4352852e+03
   3.8125000e+02  -1.4351907e+03
   3.8126250e+02  -1.4361655e+03
   3.8127500e+02  -1.4348929e+03
   3.8128750e+02  -1.4361187e+03
   3.8129583e+02  -1.4361044e+03
   3.8130833e+02  -1.4350901e+03
   3.8132083e+02  -1.4364475e+03
   3.8133333e+02  -1.4353373e+03
   3.8134167e+02  -1.4354160e+03
   3.8135417e+02  -1.4365101e+03
   3.8136667e+02  -1.4352560e+03
   3.8137917e+02  -1.4365340e+03
   3.8138750e+02  -1.4366055e+03
   3.8140000e+02  -1.4357565e+03
   3.8141250e+02  -1.4372018e+03
   3.8142083e+02  -1.4371709e+03
   3.8143333e+02  -1.4359202e+03
   3.8144583e+02  -1.4368390e+03
   3.8145833e+02  -1.4352334e+03
   3.8146667e+02  -1.4350268e+03
   3.8147917e+02  -1.4358287e+03
   3.8149167e+02  -1.4344411e+03
   3.8150417e+02  -1.4356515e+03
   3.8151250e+02  -1.4356814e+03
   3.8152500e+02  -1.4347747e+03
   3.8153750e+02  -1.4361974e+03
   3.8154583e+02  -1.4362046e+03
   3.8155833e+02  -1.4351408e+03
   3.8157083e+02  -1.4364005e+03
   3.8158333e+02  -1.4352570e+03
   3.8159167e+02  -1.4353941e+03
   3.8160417e+02  -1.4366959e+03
   3.8161667e+02  -1.4357340e+03
   3.8162917e+02  -1.4372542e+03
   3.8163750e+02  -1.4374043e+03
   3.8165000e+02  -1.4365494e+03
   3.8166250e+02  -1.4379125e+03
   3.8167083e+02  -1.4378533e+03
   3.8168333e+02  -1.4366651e+03
   3.8169583e+02  -1.4377701e+03
   3.8170833e+02  -1.4364405e+03
   3.8171667e+02  -1.4364211e+03
   3.8172917e+02  -1.4374287e+03
   3.8174167e+02  -1.4361251e+03
   3.8175417e+02  -1.4373319e+03
   3.8176250e+02  -1.4373332e+03
   3.8177500e+02  -1.4363828e+03
   3.8178750e+02  -1.4378023e+03
   3.8179583e+02  -1.4378490e+03
   3.8180833e+02  -1.4368888e+03
   3.8182083e+02  -1.4382727e+03
   3.8183333e+02  -1.4372437e+03
   3.8184167e+02  -1.4374271e+03
   3.8185417e+02  -1.4387418e+03
   3.8186667e+02  -1.4377247e+03
   3.8187917e+02  -1.4391557e+03
   3.8188750e+02  -1.4392637e+03
   3.8190000e+02  -1.4384062e+03
   3.8191250e+02  -1.4398210e+03
   3.8192083e+02  -1.4397990e+03
   3.8193333e+02  -1.4386353e+03
   3.8194583e+02  -1.4397217e+03
   3.8195833e+02  -1.4383577e+03
   3.8196667e+02  -1.4383293e+03
   3.8197917e+02  -1.4393813e+03
   3.8199167e+02  -1.4381951e+03
   3.8201250e+02  -1.4395773e+03
   3.8202500e+02  -1.4383303e+03
   3.8203750e+02  -1.4391562e+03
   3.8204583e+02  -1.4386882e+03
   3.8205833e+02  -1.4368154e+03
   3.8207083e+02  -1.4371984e+03
   3.8208333e+02  -1.4351154e+03
   3.8209167e+02  -1.4345663e+03
   3.8210417e+02  -1.4347377e+03
   3.8211667e+02  -1.4325330e+03
   3.8212500e+02  -1.4319289e+03
   3.8213750e+02  -1.4319635e+03
   3.8215000e+02  -1.4295551e+03
   3.8216250e+02  -1.4295735e+03
   3.8217083e+02  -1.4287757e+03
   3.8218333e+02  -1.4266410e+03
   3.8219583e+02  -1.4269592e+03
   3.8220833e+02  -1.4249800e+03
   3.8221667e+02  -1.4246040e+03
   3.8222917e+02  -1.4252113e+03
   3.8224167e+02  -1.4235801e+03
   3.8225000e+02  -1.4233712e+03
   3.8226250e+02  -1.4240819e+03
   3.8227500e+02  -1.4224627e+03
   3.8228750e+02  -1.4233131e+03
   3.8229583e+02  -1.4230695e+03
   3.8230833e+02  -1.4217681e+03
   3.8232083e+02  -1.4228925e+03
   3.8233333e+02  -1.4215884e+03
   3.8234167e+02  -1.4215517e+03
   3.8235417e+02  -1.4224791e+03
   3.8236667e+02  -1.4210916e+03
   3.8237917e+02  -1.4222878e+03
   3.8238750e+02  -1.4223229e+03
   3.8240000e+02  -1.4214395e+03
   3.8241250e+02  -1.4228961e+03
   3.8242083e+02  -1.4229127e+03
   3.8243333e+02  -1.4217968e+03
   3.8244583e+02  -1.4229074e+03
   3.8245833e+02  -1.4215038e+03
   3.8246667e+02  -1.4214042e+03
   3.8247917e+02  -1.4222729e+03
   3.8249167e+02  -1.4208139e+03
   3.8250417e+02  -1.4218402e+03
   3.8251250e+02  -1.4217213e+03
   3.8252500e+02  -1.4206163e+03
   3.8253750e+02  -1.4218967e+03
   3.8254583e+02  -1.4218338e+03
   3.8255833e+02  -1.4206780e+03
   3.8257083e+02  -1.4218434e+03
   3.8258333e+02  -1.4206103e+03
   3.8259167e+02  -1.4206945e+03
   3.8260417e+02  -1.4219353e+03
   3.8261667e+02  -1.4209492e+03
   3.8262917e+02  -1.4224972e+03
   3.8263750e+02  -1.4227071e+03
   3.8265000e+02  -1.4220244e+03
   3.8266250e+02  -1.4236539e+03
   3.8267083e+02  -1.4238025e+03
   3.8268333e+02  -1.4229235e+03
   3.8269583e+02  -1.4242785e+03
   3.8270833e+02  -1.4231095e+03
   3.8271667e+02  -1.4231554e+03
   3.8272917e+02  -1.4242273e+03
   3.8274167e+02  -1.4229796e+03
   3.8275417e+02  -1.4242553e+03
   3.8276250e+02  -1.4243050e+03
   3.8277500e+02  -1.4233960e+03
   3.8278750e+02  -1.4247783e+03
   3.8279583e+02  -1.4247498e+03
   3.8280833e+02  -1.4236151e+03
   3.8282083e+02  -1.4247704e+03
   3.8283333e+02  -1.4234826e+03
   3.8284167e+02  -1.4234887e+03
   3.8285417e+02  -1.4245507e+03
   3.8286667e+02  -1.4233226e+03
   3.8287917e+02  -1.4246066e+03
   3.8288750e+02  -1.4246540e+03
   3.8290000e+02  -1.4237487e+03
   3.8291250e+02  -1.4251428e+03
   3.8292083e+02  -1.4251090e+03
   3.8293333e+02  -1.4239265e+03
   3.8294583e+02  -1.4250127e+03
   3.8295833e+02  -1.4237009e+03
   3.8296667e+02  -1.4237463e+03
   3.8297917e+02  -1.4249584e+03
   3.8299167e+02  -1.4239608e+03
   3.8301250e+02  -1.4256244e+03
   3.8302500e+02  -1.4246058e+03
   3.8303750e+02  -1.4258746e+03
   3.8304583e+02  -1.4257954e+03
   3.8305833e+02  -1.4245998e+03
   3.8307083e+02  -1.4257227e+03
   3.8308333e+02  -1.4243894e+03
   3.8309167e+02  -1.4243416e+03
   3.8310417e+02  -1.4252887e+03
   3.8311667e+02  -1.4239083e+03
   3.8312500e+02  -1.4238836e+03
   3.8313750e+02  -1.4248054e+03
   3.8315000e+02  -1.4232492e+03
   3.8316250e+02  -1.4240216e+03
   3.8317083e+02  -1.4236598e+03
   3.8318333e+02  -1.4220882e+03
   3.8319583e+02  -1.4228705e+03
   3.8320833e+02  -1.4212751e+03
   3.8321667e+02  -1.4211289e+03
   3.8322917e+02  -1.4220331e+03
   3.8324167e+02  -1.4206951e+03
   3.8325000e+02  -1.4207402e+03
   3.8326250e+02  -1.4218670e+03
   3.8327500e+02  -1.4206267e+03
   3.8328750e+02  -1.4217596e+03
   3.8329583e+02  -1.4216329e+03
   3.8330833e+02  -1.4204055e+03
   3.8332083e+02  -1.4215457e+03
   3.8333333e+02  -1.4202845e+03
   3.8334167e+02  -1.4203067e+03
   3.8335417e+02  -1.4213391e+03
   3.8336667e+02  -1.4200209e+03
   3.8337917e+02  -1.4211887e+03
   3.8338750e+02  -1.4211374e+03
   3.8340000e+02  -1.4200487e+03
   3.8341250e+02  -1.4212536e+03
   3.8342083e+02  -1.4211097e+03
   3.8343333e+02  -1.4198371e+03
   3.8344583e+02  -1.4209420e+03
   3.8345833e+02  -1.4196561e+03
   3.8346667e+02  -1.4196798e+03
   3.8347917e+02  -1.4207745e+03
   3.8349167e+02  -1.4195523e+03
   3.8350417e+02  -1.4207874e+03
   3.8351250e+02  -1.4207796e+03
   3.8352500e+02  -1.4197901e+03
   3.8353750e+02  -1.4211434e+03
   3.8354583e+02  -1.4211294e+03
   3.8355833e+02  -1.4200602e+03
   3.8357083e+02  -1.4213012e+03
   3.8358333e+02  -1.4201050e+03
   3.8359167e+02  -1.4201847e+03
   3.8360417e+02  -1.4213644e+03
   3.8361667e+02  -1.4202487e+03
   3.8362917e+02  -1.4216219e+03
   3.8363750e+02  -1.4217091e+03
   3.8365000e+02  -1.4208664e+03
   3.8366250e+02  -1.4223950e+03
   3.8367083e+02  -1.4225153e+03
   3.8368333e+02  -1.4216504e+03
   3.8369583e+02  -1.4230848e+03
   3.8370833e+02  -1.4220408e+03
   3.8371667e+02  -1.4221742e+03
   3.8372917e+02  -1.4233554e+03
   3.8374167e+02  -1.4221772e+03
   3.8375417e+02  -1.4234808e+03
   3.8376250e+02  -1.4235319e+03
   3.8377500e+02  -1.4226146e+03
   3.8378750e+02  -1.4239895e+03
   3.8379583e+02  -1.4239608e+03
   3.8380833e+02  -1.4228293e+03
   3.8382083e+02  -1.4239760e+03
   3.8383333e+02  -1.4226556e+03
   3.8384167e+02  -1.4226310e+03
   3.8385417e+02  -1.4236489e+03
   3.8386667e+02  -1.4223884e+03
   3.8387917e+02  -1.4236511e+03
   3.8388750e+02  -1.4236930e+03
   3.8390000e+02  -1.4228072e+03
   3.8391250e+02  -1.4242712e+03
   3.8392083e+02  -1.4243138e+03
   3.8393333e+02  -1.4232801e+03
   3.8394583e+02  -1.4245321e+03
   3.8395833e+02  -1.4233664e+03
   3.8396667e+02  -1.4234827e+03
   3.8397917e+02  -1.4247509e+03
   3.8399167e+02  -1.4237554e+03
   3.8401250e+02  -1.4253699e+03
   3.8402500e+02  -1.4243375e+03
   3.8403750e+02  -1.4256390e+03
   3.8404583e+02  -1.4255911e+03
   3.8405833e+02  -1.4244326e+03
   3.8407083e+02  -1.4255624e+03
   3.8408333e+02  -1.4241804e+03
   3.8409167e+02  -1.4240822e+03
   3.8410417e+02  -1.4249775e+03
   3.8411667e+02  -1.4236481e+03
   3.8412500e+02  -1.4237527e+03
   3.8413750e+02  -1.4250414e+03
   3.8415000e+02  -1.4240288e+03
   3.8416250e+02  -1.4254109e+03
   3.8417083e+02  -1.4254299e+03
   3.8418333e+02  -1.4243280e+03
   3.8419583e+02  -1.4254391e+03
   3.8420833e+02  -1.4240504e+03
   3.8421667e+02  -1.4239950e+03
   3.8422917e+02  -1.4249895e+03
   3.8424167e+02  -1.4237396e+03
   3.8425000e+02  -1.4238675e+03
   3.8426250e+02  -1.4251163e+03
   3.8427500e+02  -1.4239027e+03
   3.8428750e+02  -1.4248693e+03
   3.8429583e+02  -1.4244910e+03
   3.8430833e+02  -1.4226896e+03
   3.8432083e+02  -1.4231102e+03
   3.8433333e+02  -1.4211480e+03
   3.8434167e+02  -1.4207925e+03
   3.8435417e+02  -1.4214752e+03
   3.8436667e+02  -1.4200555e+03
   3.8437917e+02  -1.4212686e+03
   3.8438750e+02  -1.4212758e+03
   3.8440000e+02  -1.4202726e+03
   3.8441250e+02  -1.4215576e+03
   3.8442083e+02  -1.4214695e+03
   3.8443333e+02  -1.4203001e+03
   3.8444583e+02  -1.4215637e+03
   3.8445833e+02  -1.4205375e+03
   3.8446667e+02  -1.4208032e+03
   3.8447917e+02  -1.4223482e+03
   3.8449167e+02  -1.4216071e+03
   3.8450417e+02  -1.4232513e+03
   3.8451250e+02  -1.4234429e+03
   3.8452500e+02  -1.4226111e+03
   3.8453750e+02  -1.4239411e+03
   3.8454583e+02  -1.4238329e+03
   3.8455833e+02  -1.4225756e+03
   3.8457083e+02  -1.4236502e+03
   3.8458333e+02  -1.4223458e+03
   3.8459167e+02  -1.4223812e+03
   3.8460417e+02  -1.4235135e+03
   3.8461667e+02  -1.4223490e+03
   3.8462917e+02  -1.4236573e+03
   3.8463750e+02  -1.4236868e+03
   3.8465000e+02  -1.4227360e+03
   3.8466250e+02  -1.4241716e+03
   3.8467083e+02  -1.4242694e+03
   3.8468333e+02  -1.4234518e+03
   3.8469583e+02  -1.4250293e+03
   3.8470833e+02  -1.4241972e+03
   3.8471667e+02  -1.4244939e+03
   3.8472917e+02  -1.4259313e+03
   3.8474167e+02  -1.4249904e+03
   3.8475417e+02  -1.4264629e+03
   3.8476250e+02  -1.4265714e+03
   3.8477500e+02  -1.4256640e+03
   3.8478750e+02  -1.4269814e+03
   3.8479583e+02  -1.4268903e+03
   3.8480833e+02  -1.4256522e+03
   3.8482083e+02  -1.4267081e+03
   3.8483333e+02  -1.4253295e+03
   3.8484167e+02  -1.4252756e+03
   3.8485417e+02  -1.4262424e+03
   3.8486667e+02  -1.4249119e+03
   3.8487917e+02  -1.4261001e+03
   3.8488750e+02  -1.4261034e+03
   3.8490000e+02  -1.4251887e+03
   3.8491250e+02  -1.4266675e+03
   3.8492083e+02  -1.4267499e+03
   3.8493333e+02  -1.4258252e+03
   3.8494583e+02  -1.4272388e+03
   3.8495833e+02  -1.4262634e+03
   3.8496667e+02  -1.4265078e+03
   3.8497917e+02  -1.4279511e+03
   3.8499167e+02  -1.4270888e+03
   3.8501250e+02  -1.4287638e+03
   3.8502500e+02  -1.4277123e+03
   3.8503750e+02  -1.4290669e+03
   3.8504583e+02  -1.4291000e+03
   3.8505833e+02  -1.4281079e+03
   3.8507083e+02  -1.4294484e+03
   3.8508333e+02  -1.4283524e+03
   3.8509167e+02  -1.4284928e+03
   3.8510417e+02  -1.4297922e+03
   3.8511667e+02  -1.4288740e+03
   3.8512500e+02  -1.4292343e+03
   3.8513750e+02  -1.4308652e+03
   3.8515000e+02  -1.4301598e+03
   3.8516250e+02  -1.4318599e+03
   3.8517083e+02  -1.4320964e+03
   3.8518333e+02  -1.4312983e+03
   3.8519583e+02  -1.4326591e+03
   3.8520833e+02  -1.4314228e+03
   3.8521667e+02  -1.4314016e+03
   3.8522917e+02  -1.4323640e+03
   3.8524167e+02  -1.4310483e+03
   3.8525000e+02  -1.4311429e+03
   3.8526250e+02  -1.4323234e+03
   3.8527500e+02  -1.4309963e+03
   3.8528750e+02  -1.4318366e+03
   3.8529583e+02  -1.4314075e+03
   3.8530833e+02  -1.4296268e+03
   3.8532083e+02  -1.4301848e+03
   3.8533333e+02  -1.4284050e+03
   3.8534167e+02  -1.4281616e+03
   3.8535417e+02  -1.4289776e+03
   3.8536667e+02  -1.4276508e+03
   3.8537917e+02  -1.4289599e+03
   3.8538750e+02  -1.4290451e+03
   3.8540000e+02  -1.4281629e+03
   3.8541250e+02  -1.4295405e+03
   3.8542083e+02  -1.4294777e+03
   3.8543333e+02  -1.4282670e+03
   3.8544583e+02  -1.4294098e+03
   3.8545833e+02  -1.4282464e+03
   3.8546667e+02  -1.4284295e+03
   3.8547917e+02  -1.4298424e+03
   3.8549167e+02  -1.4289257e+03
   3.8550417e+02  -1.4303404e+03
   3.8551250e+02  -1.4303593e+03
   3.8552500e+02  -1.4292819e+03
   3.8553750e+02  -1.4304403e+03
   3.8554583e+02  -1.4302682e+03
   3.8555833e+02  -1.4289789e+03
   3.8557083e+02  -1.4300974e+03
   3.8558333e+02  -1.4289071e+03
   3.8559167e+02  -1.4290522e+03
   3.8560417e+02  -1.4303979e+03
   3.8561667e+02  -1.4294895e+03
   3.8562917e+02  -1.4310543e+03
   3.8563750e+02  -1.4312397e+03
   3.8565000e+02  -1.4304724e+03
   3.8566250e+02  -1.4319935e+03
   3.8567083e+02  -1.4320948e+03
   3.8568333e+02  -1.4312466e+03
   3.8569583e+02  -1.4327976e+03
   3.8570833e+02  -1.4319436e+03
   3.8571667e+02  -1.4322040e+03
   3.8572917e+02  -1.4335194e+03
   3.8574167e+02  -1.4323715e+03
   3.8575417e+02  -1.4335968e+03
   3.8576250e+02  -1.4335492e+03
   3.8577500e+02  -1.4324531e+03
   3.8578750e+02  -1.4336556e+03
   3.8579583e+02  -1.4335360e+03
   3.8580833e+02  -1.4323304e+03
   3.8582083e+02  -1.4335108e+03
   3.8583333e+02  -1.4323398e+03
   3.8584167e+02  -1.4324582e+03
   3.8585417e+02  -1.4337080e+03
   3.8586667e+02  -1.4326522e+03
   3.8587917e+02  -1.4340571e+03
   3.8588750e+02  -1.4341572e+03
   3.8590000e+02  -1.4333300e+03
   3.8591250e+02  -1.4348708e+03
   3.8592083e+02  -1.4349984e+03
   3.8593333e+02  -1.4341346e+03
   3.8594583e+02  -1.4355566e+03
   3.8595833e+02  -1.4344994e+03
   3.8596667e+02  -1.4346366e+03
   3.8597917e+02  -1.4358622e+03
   3.8599167e+02  -1.4347504e+03
   3.8601250e+02  -1.4360543e+03
   3.8602500e+02  -1.4348581e+03
   3.8603750e+02  -1.4361436e+03
   3.8604583e+02  -1.4361703e+03
   3.8605833e+02  -1.4352260e+03
   3.8607083e+02  -1.4366631e+03
   3.8608333e+02  -1.4356543e+03
   3.8609167e+02  -1.4358167e+03
   3.8610417e+02  -1.4370820e+03
   3.8611667e+02  -1.4360979e+03
   3.8612500e+02  -1.4364311e+03
   3.8613750e+02  -1.4380795e+03
   3.8615000e+02  -1.4374547e+03
   3.8616250e+02  -1.4392359e+03
   3.8617083e+02  -1.4395127e+03
   3.8618333e+02  -1.4387545e+03
   3.8619583e+02  -1.4401536e+03
