   3.5975417e+02  -1.4766643e+03
   3.5977500e+02  -1.4759015e+03
   3.5979583e+02  -1.4776679e+03
   3.5982083e+02  -1.4784078e+03
   3.5984167e+02  -1.4776437e+03
   3.5986667e+02  -1.4779266e+03
   3.5988750e+02  -1.4795269e+03
   3.5991250e+02  -1.4800335e+03
   3.5993333e+02  -1.4785607e+03
   3.5995833e+02  -1.4779362e+03
   3.5997917e+02  -1.4788685e+03
   3.6001250e+02  -1.4792702e+03
   3.6003750e+02  -1.4789926e+03
   3.6005833e+02  -1.4764225e+03
   3.6008333e+02  -1.4738750e+03
   3.6010417e+02  -1.4725732e+03
   3.6012500e+02  -1.4690184e+03
   3.6015000e+02  -1.4660165e+03
   3.6017083e+02  -1.4646542e+03
   3.6019583e+02  -1.4619593e+03
   3.6021667e+02  -1.4590566e+03
   3.6024167e+02  -1.4578571e+03
   3.6026250e+02  -1.4581302e+03
   3.6028750e+02  -1.4564852e+03
   3.6030833e+02  -1.4536288e+03
   3.6033333e+02  -1.4518219e+03
   3.6035417e+02  -1.4519996e+03
   3.6037917e+02  -1.4514915e+03
   3.6040000e+02  -1.4502945e+03
   3.6042083e+02  -1.4514542e+03
   3.6044583e+02  -1.4515754e+03
   3.6046667e+02  -1.4506191e+03
   3.6049167e+02  -1.4506648e+03
   3.6051250e+02  -1.4517869e+03
   3.6053750e+02  -1.4518431e+03
   3.6055833e+02  -1.4505770e+03
   3.6058333e+02  -1.4507905e+03
   3.6060417e+02  -1.4522343e+03
   3.6062917e+02  -1.4525779e+03
   3.6065000e+02  -1.4518605e+03
   3.6067083e+02  -1.4534641e+03
   3.6069583e+02  -1.4537889e+03
   3.6071667e+02  -1.4525790e+03
   3.6074167e+02  -1.4522665e+03
   3.6076250e+02  -1.4534784e+03
   3.6078750e+02  -1.4540855e+03
   3.6080833e+02  -1.4533296e+03
   3.6083333e+02  -1.4537312e+03
   3.6085417e+02  -1.4551617e+03
   3.6087917e+02  -1.4555993e+03
   3.6090000e+02  -1.4549052e+03
   3.6092083e+02  -1.4562533e+03
   3.6094583e+02  -1.4560326e+03
   3.6096667e+02  -1.4545234e+03
   3.6099167e+02  -1.4542547e+03
   3.6102500e+02  -1.4544404e+03
   3.6104583e+02  -1.4552217e+03
   3.6107083e+02  -1.4543821e+03
   3.6109167e+02  -1.4522676e+03
   3.6111667e+02  -1.4512229e+03
   3.6113750e+02  -1.4517930e+03
   3.6116250e+02  -1.4505327e+03
   3.6118333e+02  -1.4480229e+03
   3.6120833e+02  -1.4465634e+03
   3.6122917e+02  -1.4469223e+03
   3.6125000e+02  -1.4452003e+03
   3.6127500e+02  -1.4441398e+03
   3.6129583e+02  -1.4441619e+03
   3.6132083e+02  -1.4429631e+03
   3.6134167e+02  -1.4410424e+03
   3.6136667e+02  -1.4402892e+03
   3.6138750e+02  -1.4410198e+03
   3.6141250e+02  -1.4406689e+03
   3.6143333e+02  -1.4390847e+03
   3.6145833e+02  -1.4388180e+03
   3.6147917e+02  -1.4397670e+03
   3.6150417e+02  -1.4393917e+03
   3.6152500e+02  -1.4380899e+03
   3.6154583e+02  -1.4392968e+03
   3.6157083e+02  -1.4396178e+03
   3.6159167e+02  -1.4388050e+03
   3.6161667e+02  -1.4391480e+03
   3.6163750e+02  -1.4407321e+03
   3.6166250e+02  -1.4414317e+03
   3.6168333e+02  -1.4404738e+03
   3.6170833e+02  -1.4404016e+03
   3.6172917e+02  -1.4412753e+03
   3.6175417e+02  -1.4409841e+03
   3.6177500e+02  -1.4400061e+03
   3.6179583e+02  -1.4415289e+03
   3.6182083e+02  -1.4420777e+03
   3.6184167e+02  -1.4413055e+03
   3.6186667e+02  -1.4417262e+03
   3.6188750e+02  -1.4434281e+03
   3.6191250e+02  -1.4441733e+03
   3.6193333e+02  -1.4430653e+03
   3.6195833e+02  -1.4427364e+03
   3.6197917e+02  -1.4436050e+03
   3.6201250e+02  -1.4435202e+03
   3.6203750e+02  -1.4431407e+03
   3.6205833e+02  -1.4409887e+03
   3.6208333e+02  -1.4394428e+03
   3.6210417e+02  -1.4392815e+03
   3.6212500e+02  -1.4369903e+03
   3.6215000e+02  -1.4355372e+03
   3.6217083e+02  -1.4353226e+03
   3.6219583e+02  -1.4336725e+03
   3.6221667e+02  -1.4313119e+03
   3.6224167e+02  -1.4302366e+03
   3.6226250e+02  -1.4305868e+03
   3.6228750e+02  -1.4292558e+03
   3.6230833e+02  -1.4268374e+03
   3.6233333e+02  -1.4256581e+03
   3.6235417e+02  -1.4262430e+03
   3.6237917e+02  -1.4261312e+03
   3.6240000e+02  -1.4251676e+03
   3.6242083e+02  -1.4263850e+03
   3.6244583e+02  -1.4262979e+03
   3.6246667e+02  -1.4249689e+03
   3.6249167e+02  -1.4246285e+03
   3.6251250e+02  -1.4256269e+03
   3.6253750e+02  -1.4256607e+03
   3.6255833e+02  -1.4243302e+03
   3.6258333e+02  -1.4245295e+03
   3.6260417e+02  -1.4261548e+03
   3.6262917e+02  -1.4268316e+03
   3.6265000e+02  -1.4262670e+03
   3.6267083e+02  -1.4279262e+03
   3.6269583e+02  -1.4283807e+03
   3.6271667e+02  -1.4272964e+03
   3.6274167e+02  -1.4271448e+03
   3.6276250e+02  -1.4283673e+03
   3.6278750e+02  -1.4287975e+03
   3.6280833e+02  -1.4278925e+03
   3.6283333e+02  -1.4282672e+03
   3.6285417e+02  -1.4297175e+03
   3.6287917e+02  -1.4300425e+03
   3.6290000e+02  -1.4292360e+03
   3.6292083e+02  -1.4305921e+03
   3.6294583e+02  -1.4305604e+03
   3.6296667e+02  -1.4292524e+03
   3.6299167e+02  -1.4291251e+03
   3.6302500e+02  -1.4291947e+03
   3.6304583e+02  -1.4303186e+03
   3.6307083e+02  -1.4303996e+03
   3.6309167e+02  -1.4291969e+03
   3.6311667e+02  -1.4289997e+03
   3.6313750e+02  -1.4301215e+03
   3.6316250e+02  -1.4296190e+03
   3.6318333e+02  -1.4278012e+03
   3.6320833e+02  -1.4269788e+03
   3.6322917e+02  -1.4274937e+03
   3.6325000e+02  -1.4258300e+03
   3.6327500e+02  -1.4253529e+03
   3.6329583e+02  -1.4262890e+03
   3.6332083e+02  -1.4261944e+03
   3.6334167e+02  -1.4248709e+03
   3.6336667e+02  -1.4245724e+03
   3.6338750e+02  -1.4256983e+03
   3.6341250e+02  -1.4257659e+03
   3.6343333e+02  -1.4241909e+03
   3.6345833e+02  -1.4234844e+03
   3.6347917e+02  -1.4240361e+03
   3.6350417e+02  -1.4235405e+03
   3.6352500e+02  -1.4223202e+03
   3.6354583e+02  -1.4234674e+03
   3.6357083e+02  -1.4235535e+03
   3.6359167e+02  -1.4226333e+03
   3.6361667e+02  -1.4231301e+03
   3.6363750e+02  -1.4249547e+03
   3.6366250e+02  -1.4258226e+03
   3.6368333e+02  -1.4248788e+03
   3.6370833e+02  -1.4249241e+03
   3.6372917e+02  -1.4260395e+03
   3.6375417e+02  -1.4259722e+03
   3.6377500e+02  -1.4249687e+03
   3.6379583e+02  -1.4263603e+03
   3.6382083e+02  -1.4267441e+03
   3.6384167e+02  -1.4258994e+03
   3.6386667e+02  -1.4263057e+03
   3.6388750e+02  -1.4279374e+03
   3.6391250e+02  -1.4284785e+03
   3.6393333e+02  -1.4272636e+03
   3.6395833e+02  -1.4269838e+03
   3.6397917e+02  -1.4279674e+03
   3.6401250e+02  -1.4278933e+03
   3.6403750e+02  -1.4278370e+03
   3.6405833e+02  -1.4265990e+03
   3.6408333e+02  -1.4267205e+03
   3.6410417e+02  -1.4281514e+03
   3.6412500e+02  -1.4274593e+03
   3.6415000e+02  -1.4276419e+03
   3.6417083e+02  -1.4284196e+03
   3.6419583e+02  -1.4277996e+03
   3.6421667e+02  -1.4260671e+03
   3.6424167e+02  -1.4253226e+03
   3.6426250e+02  -1.4260163e+03
   3.6428750e+02  -1.4254125e+03
   3.6430833e+02  -1.4236992e+03
   3.6433333e+02  -1.4230828e+03
   3.6435417e+02  -1.4237438e+03
   3.6437917e+02  -1.4230764e+03
   3.6440000e+02  -1.4213716e+03
   3.6442083e+02  -1.4219432e+03
   3.6444583e+02  -1.4213368e+03
   3.6446667e+02  -1.4196840e+03
   3.6449167e+02  -1.4191955e+03
   3.6451250e+02  -1.4203831e+03
   3.6453750e+02  -1.4207756e+03
   3.6455833e+02  -1.4197436e+03
   3.6458333e+02  -1.4200828e+03
   3.6460417e+02  -1.4215927e+03
   3.6462917e+02  -1.4219823e+03
   3.6465000e+02  -1.4212083e+03
   3.6467083e+02  -1.4225429e+03
   3.6469583e+02  -1.4224852e+03
   3.6471667e+02  -1.4212304e+03
   3.6474167e+02  -1.4210601e+03
   3.6476250e+02  -1.4222745e+03
   3.6478750e+02  -1.4228035e+03
   3.6480833e+02  -1.4220756e+03
   3.6483333e+02  -1.4226015e+03
   3.6485417e+02  -1.4241897e+03
   3.6487917e+02  -1.4247388e+03
   3.6490000e+02  -1.4239957e+03
   3.6492083e+02  -1.4253220e+03
   3.6494583e+02  -1.4252650e+03
   3.6496667e+02  -1.4238918e+03
   3.6499167e+02  -1.4235834e+03
   3.6502500e+02  -1.4235696e+03
   3.6504583e+02  -1.4239035e+03
   3.6507083e+02  -1.4223023e+03
   3.6509167e+02  -1.4194793e+03
   3.6511667e+02  -1.4173200e+03
   3.6513750e+02  -1.4167721e+03
   3.6516250e+02  -1.4144170e+03
   3.6518333e+02  -1.4113399e+03
   3.6520833e+02  -1.4093722e+03
   3.6522917e+02  -1.4093137e+03
   3.6525000e+02  -1.4071168e+03
   3.6527500e+02  -1.4055670e+03
   3.6529583e+02  -1.4054412e+03
   3.6532083e+02  -1.4041468e+03
   3.6534167e+02  -1.4020617e+03
   3.6536667e+02  -1.4012885e+03
   3.6538750e+02  -1.4024482e+03
   3.6541250e+02  -1.4029278e+03
   3.6543333e+02  -1.4018991e+03
   3.6545833e+02  -1.4019289e+03
   3.6547917e+02  -1.4030580e+03
   3.6550417e+02  -1.4031312e+03
   3.6552500e+02  -1.4022684e+03
   3.6554583e+02  -1.4036353e+03
   3.6557083e+02  -1.4037630e+03
   3.6559167e+02  -1.4027263e+03
   3.6561667e+02  -1.4029573e+03
   3.6563750e+02  -1.4045149e+03
   3.6566250e+02  -1.4049786e+03
   3.6568333e+02  -1.4037556e+03
   3.6570833e+02  -1.4035885e+03
   3.6572917e+02  -1.4047258e+03
   3.6575417e+02  -1.4048674e+03
   3.6577500e+02  -1.4040948e+03
   3.6579583e+02  -1.4057328e+03
   3.6582083e+02  -1.4062914e+03
   3.6584167e+02  -1.4054667e+03
   3.6586667e+02  -1.4056860e+03
   3.6588750e+02  -1.4070292e+03
   3.6591250e+02  -1.4071483e+03
   3.6593333e+02  -1.4056380e+03
   3.6595833e+02  -1.4052381e+03
   3.6597917e+02  -1.4062875e+03
   3.6601250e+02  -1.4067057e+03
   3.6603750e+02  -1.4065002e+03
   3.6605833e+02  -1.4042215e+03
   3.6608333e+02  -1.4023573e+03
   3.6610417e+02  -1.4016971e+03
   3.6612500e+02  -1.3986346e+03
   3.6615000e+02  -1.3962446e+03
   3.6617083e+02  -1.3955207e+03
   3.6619583e+02  -1.3935612e+03
   3.6621667e+02  -1.3909904e+03
   3.6624167e+02  -1.3897944e+03
   3.6626250e+02  -1.3900917e+03
   3.6628750e+02  -1.3886521e+03
   3.6630833e+02  -1.3859533e+03
   3.6633333e+02  -1.3840943e+03
   3.6635417e+02  -1.3840624e+03
   3.6637917e+02  -1.3834485e+03
   3.6640000e+02  -1.3823847e+03
   3.6642083e+02  -1.3836592e+03
   3.6644583e+02  -1.3836567e+03
   3.6646667e+02  -1.3825687e+03
   3.6649167e+02  -1.3828242e+03
   3.6651250e+02  -1.3843872e+03
   3.6653750e+02  -1.3848031e+03
   3.6655833e+02  -1.3835775e+03
   3.6658333e+02  -1.3837821e+03
   3.6660417e+02  -1.3854064e+03
   3.6662917e+02  -1.3861535e+03
   3.6665000e+02  -1.3855375e+03
   3.6667083e+02  -1.3869370e+03
   3.6669583e+02  -1.3870412e+03
   3.6671667e+02  -1.3859391e+03
   3.6674167e+02  -1.3859294e+03
   3.6676250e+02  -1.3871700e+03
   3.6678750e+02  -1.3875638e+03
   3.6680833e+02  -1.3865652e+03
   3.6683333e+02  -1.3868556e+03
   3.6685417e+02  -1.3883933e+03
   3.6687917e+02  -1.3888126e+03
   3.6690000e+02  -1.3878300e+03
   3.6692083e+02  -1.3888581e+03
   3.6694583e+02  -1.3886558e+03
   3.6696667e+02  -1.3873939e+03
   3.6699167e+02  -1.3873648e+03
   3.6702500e+02  -1.3875384e+03
   3.6704583e+02  -1.3882821e+03
   3.6707083e+02  -1.3875912e+03
   3.6709167e+02  -1.3856105e+03
   3.6711667e+02  -1.3840128e+03
   3.6713750e+02  -1.3837495e+03
   3.6716250e+02  -1.3820467e+03
   3.6718333e+02  -1.3796843e+03
   3.6720833e+02  -1.3783412e+03
   3.6722917e+02  -1.3785832e+03
   3.6725000e+02  -1.3768466e+03
   3.6727500e+02  -1.3762087e+03
   3.6729583e+02  -1.3768525e+03
   3.6732083e+02  -1.3762714e+03
   3.6734167e+02  -1.3744012e+03
   3.6736667e+02  -1.3736181e+03
   3.6738750e+02  -1.3747704e+03
   3.6741250e+02  -1.3751315e+03
   3.6743333e+02  -1.3737207e+03
   3.6745833e+02  -1.3732355e+03
   3.6747917e+02  -1.3742577e+03
   3.6750417e+02  -1.3745746e+03
   3.6752500e+02  -1.3740468e+03
   3.6754583e+02  -1.3757439e+03
   3.6757083e+02  -1.3761086e+03
   3.6759167e+02  -1.3751779e+03
   3.6761667e+02  -1.3755831e+03
   3.6763750e+02  -1.3772753e+03
   3.6766250e+02  -1.3776792e+03
   3.6768333e+02  -1.3762370e+03
   3.6770833e+02  -1.3758424e+03
   3.6772917e+02  -1.3769609e+03
   3.6775417e+02  -1.3771840e+03
   3.6777500e+02  -1.3764364e+03
   3.6779583e+02  -1.3779806e+03
   3.6782083e+02  -1.3784621e+03
   3.6784167e+02  -1.3777685e+03
   3.6786667e+02  -1.3782947e+03
   3.6788750e+02  -1.3798345e+03
   3.6791250e+02  -1.3800137e+03
   3.6793333e+02  -1.3785189e+03
   3.6795833e+02  -1.3782021e+03
   3.6797917e+02  -1.3792457e+03
   3.6801250e+02  -1.3791724e+03
   3.6803750e+02  -1.3791925e+03
   3.6805833e+02  -1.3782621e+03
   3.6808333e+02  -1.3788847e+03
   3.6810417e+02  -1.3807500e+03
   3.6812500e+02  -1.3802733e+03
   3.6815000e+02  -1.3806874e+03
   3.6817083e+02  -1.3819846e+03
   3.6819583e+02  -1.3819777e+03
   3.6821667e+02  -1.3804359e+03
   3.6824167e+02  -1.3795908e+03
   3.6826250e+02  -1.3803379e+03
   3.6828750e+02  -1.3798263e+03
   3.6830833e+02  -1.3784006e+03
   3.6833333e+02  -1.3784243e+03
   3.6835417e+02  -1.3795365e+03
   3.6837917e+02  -1.3796286e+03
   3.6840000e+02  -1.3789124e+03
   3.6842083e+02  -1.3804332e+03
   3.6844583e+02  -1.3803451e+03
   3.6846667e+02  -1.3787249e+03
   3.6849167e+02  -1.3781217e+03
   3.6851250e+02  -1.3791969e+03
   3.6853750e+02  -1.3796611e+03
   3.6855833e+02  -1.3785963e+03
   3.6858333e+02  -1.3785939e+03
   3.6860417e+02  -1.3799797e+03
   3.6862917e+02  -1.3806885e+03
   3.6865000e+02  -1.3801859e+03
   3.6867083e+02  -1.3816002e+03
   3.6869583e+02  -1.3814680e+03
   3.6871667e+02  -1.3800821e+03
   3.6874167e+02  -1.3799352e+03
   3.6876250e+02  -1.3812854e+03
   3.6878750e+02  -1.3817520e+03
   3.6880833e+02  -1.3808137e+03
   3.6883333e+02  -1.3813691e+03
   3.6885417e+02  -1.3831785e+03
   3.6887917e+02  -1.3838973e+03
   3.6890000e+02  -1.3831664e+03
   3.6892083e+02  -1.3843960e+03
   3.6894583e+02  -1.3841973e+03
   3.6896667e+02  -1.3827734e+03
   3.6899167e+02  -1.3824380e+03
   3.6902500e+02  -1.3822452e+03
   3.6904583e+02  -1.3835870e+03
   3.6907083e+02  -1.3843135e+03
   3.6909167e+02  -1.3839385e+03
   3.6911667e+02  -1.3849741e+03
   3.6913750e+02  -1.3869882e+03
   3.6916250e+02  -1.3872904e+03
   3.6918333e+02  -1.3860947e+03
   3.6920833e+02  -1.3859275e+03
   3.6922917e+02  -1.3866854e+03
   3.6925000e+02  -1.3851052e+03
   3.6927500e+02  -1.3848903e+03
   3.6929583e+02  -1.3861876e+03
   3.6932083e+02  -1.3867799e+03
   3.6934167e+02  -1.3859429e+03
   3.6936667e+02  -1.3857628e+03
   3.6938750e+02  -1.3867787e+03
   3.6941250e+02  -1.3868741e+03
   3.6943333e+02  -1.3853714e+03
   3.6945833e+02  -1.3844556e+03
   3.6947917e+02  -1.3847303e+03
   3.6950417e+02  -1.3841464e+03
   3.6952500e+02  -1.3831302e+03
   3.6954583e+02  -1.3845555e+03
   3.6957083e+02  -1.3847523e+03
   3.6959167e+02  -1.3837866e+03
   3.6961667e+02  -1.3842554e+03
   3.6963750e+02  -1.3861714e+03
   3.6966250e+02  -1.3871601e+03
   3.6968333e+02  -1.3861858e+03
   3.6970833e+02  -1.3860400e+03
   3.6972917e+02  -1.3870965e+03
   3.6975417e+02  -1.3870669e+03
   3.6977500e+02  -1.3859868e+03
   3.6979583e+02  -1.3871597e+03
   3.6982083e+02  -1.3872950e+03
   3.6984167e+02  -1.3863465e+03
   3.6986667e+02  -1.3867412e+03
   3.6988750e+02  -1.3885231e+03
   3.6991250e+02  -1.3893167e+03
   3.6993333e+02  -1.3883220e+03
   3.6995833e+02  -1.3883774e+03
   3.6997917e+02  -1.3895605e+03
   3.7001250e+02  -1.3894169e+03
   3.7003750e+02  -1.3886970e+03
   3.7005833e+02  -1.3863650e+03
   3.7008333e+02  -1.3848371e+03
   3.7010417e+02  -1.3847163e+03
   3.7012500e+02  -1.3823008e+03
   3.7015000e+02  -1.3805694e+03
   3.7017083e+02  -1.3802355e+03
   3.7019583e+02  -1.3788606e+03
   3.7021667e+02  -1.3767904e+03
   3.7024167e+02  -1.3759584e+03
   3.7026250e+02  -1.3765450e+03
   3.7028750e+02  -1.3758807e+03
   3.7030833e+02  -1.3743771e+03
   3.7033333e+02  -1.3740875e+03
   3.7035417e+02  -1.3748684e+03
   3.7037917e+02  -1.3743937e+03
   3.7040000e+02  -1.3731308e+03
   3.7042083e+02  -1.3742601e+03
   3.7044583e+02  -1.3739547e+03
   3.7046667e+02  -1.3721578e+03
   3.7049167e+02  -1.3713445e+03
   3.7051250e+02  -1.3723720e+03
   3.7053750e+02  -1.3727108e+03
   3.7055833e+02  -1.3715690e+03
   3.7058333e+02  -1.3717062e+03
   3.7060417e+02  -1.3732803e+03
   3.7062917e+02  -1.3741020e+03
   3.7065000e+02  -1.3737996e+03
   3.7067083e+02  -1.3755146e+03
   3.7069583e+02  -1.3756686e+03
   3.7071667e+02  -1.3744527e+03
   3.7074167e+02  -1.3742840e+03
   3.7076250e+02  -1.3753839e+03
   3.7078750e+02  -1.3754551e+03
   3.7080833e+02  -1.3742191e+03
   3.7083333e+02  -1.3743316e+03
   3.7085417e+02  -1.3757614e+03
   3.7087917e+02  -1.3762801e+03
   3.7090000e+02  -1.3756330e+03
   3.7092083e+02  -1.3771453e+03
   3.7094583e+02  -1.3774426e+03
   3.7096667e+02  -1.3764042e+03
   3.7099167e+02  -1.3762945e+03
   3.7102500e+02  -1.3760726e+03
   3.7104583e+02  -1.3769806e+03
   3.7107083e+02  -1.3767321e+03
   3.7109167e+02  -1.3751797e+03
   3.7111667e+02  -1.3744120e+03
   3.7113750e+02  -1.3751554e+03
   3.7116250e+02  -1.3746493e+03
   3.7118333e+02  -1.3732308e+03
   3.7120833e+02  -1.3730311e+03
   3.7122917e+02  -1.3740697e+03
   3.7125000e+02  -1.3730248e+03
   3.7127500e+02  -1.3734642e+03
   3.7129583e+02  -1.3750029e+03
   3.7132083e+02  -1.3750759e+03
   3.7134167e+02  -1.3735762e+03
   3.7136667e+02  -1.3730762e+03
   3.7138750e+02  -1.3742220e+03
   3.7141250e+02  -1.3745199e+03
   3.7143333e+02  -1.3732699e+03
   3.7145833e+02  -1.3731908e+03
   3.7147917e+02  -1.3745536e+03
   3.7150417e+02  -1.3753009e+03
   3.7152500e+02  -1.3748816e+03
   3.7154583e+02  -1.3762947e+03
   3.7157083e+02  -1.3759649e+03
   3.7159167e+02  -1.3743261e+03
   3.7161667e+02  -1.3737905e+03
   3.7163750e+02  -1.3748156e+03
   3.7166250e+02  -1.3750470e+03
   3.7168333e+02  -1.3739284e+03
   3.7170833e+02  -1.3742567e+03
   3.7172917e+02  -1.3760221e+03
   3.7175417e+02  -1.3768258e+03
   3.7177500e+02  -1.3761594e+03
   3.7179583e+02  -1.3774731e+03
   3.7182083e+02  -1.3774685e+03
   3.7184167e+02  -1.3761418e+03
   3.7186667e+02  -1.3759166e+03
   3.7188750e+02  -1.3771314e+03
   3.7191250e+02  -1.3774750e+03
   3.7193333e+02  -1.3764441e+03
   3.7195833e+02  -1.3768187e+03
   3.7197917e+02  -1.3783879e+03
   3.7201250e+02  -1.3786916e+03
   3.7203750e+02  -1.3773737e+03
   3.7205833e+02  -1.3734383e+03
   3.7208333e+02  -1.3693511e+03
   3.7210417e+02  -1.3668419e+03
   3.7212500e+02  -1.3621956e+03
   3.7215000e+02  -1.3584212e+03
   3.7217083e+02  -1.3569041e+03
   3.7219583e+02  -1.3545773e+03
   3.7221667e+02  -1.3522487e+03
   3.7224167e+02  -1.3514832e+03
   3.7226250e+02  -1.3514395e+03
   3.7228750e+02  -1.3492497e+03
   3.7230833e+02  -1.3460523e+03
   3.7233333e+02  -1.3435850e+03
   3.7235417e+02  -1.3430648e+03
   3.7237917e+02  -1.3419750e+03
   3.7240000e+02  -1.3406838e+03
   3.7242083e+02  -1.3422343e+03
   3.7244583e+02  -1.3431324e+03
   3.7246667e+02  -1.3424098e+03
   3.7249167e+02  -1.3422352e+03
   3.7251250e+02  -1.3431688e+03
   3.7253750e+02  -1.3428942e+03
   3.7255833e+02  -1.3409642e+03
   3.7258333e+02  -1.3402521e+03
   3.7260417e+02  -1.3413547e+03
   3.7262917e+02  -1.3418198e+03
   3.7265000e+02  -1.3415853e+03
   3.7267083e+02  -1.3438787e+03
   3.7269583e+02  -1.3449859e+03
   3.7271667e+02  -1.3443771e+03
   3.7274167e+02  -1.3447583e+03
   3.7276250e+02  -1.3461498e+03
   3.7278750e+02  -1.3461923e+03
   3.7280833e+02  -1.3446794e+03
   3.7283333e+02  -1.3443489e+03
   3.7285417e+02  -1.3453541e+03
   3.7287917e+02  -1.3455116e+03
   3.7290000e+02  -1.3448872e+03
   3.7292083e+02  -1.3465741e+03
   3.7294583e+02  -1.3470956e+03
   3.7296667e+02  -1.3463319e+03
   3.7299167e+02  -1.3467030e+03
   3.7302500e+02  -1.3468094e+03
   3.7304583e+02  -1.3468279e+03
   3.7307083e+02  -1.3446519e+03
   3.7309167e+02  -1.3411965e+03
   3.7311667e+02  -1.3381850e+03
   3.7313750e+02  -1.3372910e+03
   3.7316250e+02  -1.3350894e+03
   3.7318333e+02  -1.3323679e+03
   3.7320833e+02  -1.3310827e+03
   3.7322917e+02  -1.3317943e+03
   3.7325000e+02  -1.3303115e+03
   3.7327500e+02  -1.3291758e+03
   3.7329583e+02  -1.3289798e+03
   3.7332083e+02  -1.3271297e+03
   3.7334167e+02  -1.3243520e+03
   3.7336667e+02  -1.3229272e+03
   3.7338750e+02  -1.3237262e+03
   3.7341250e+02  -1.3240043e+03
   3.7343333e+02  -1.3231584e+03
   3.7345833e+02  -1.3237635e+03
   3.7347917e+02  -1.3253555e+03
   3.7350417e+02  -1.3257022e+03
   3.7352500e+02  -1.3247190e+03
   3.7354583e+02  -1.3256236e+03
   3.7357083e+02  -1.3249697e+03
   3.7359167e+02  -1.3234357e+03
   3.7361667e+02  -1.3234271e+03
   3.7363750e+02  -1.3250902e+03
   3.7366250e+02  -1.3261929e+03
   3.7368333e+02  -1.3258151e+03
   3.7370833e+02  -1.3266714e+03
   3.7372917e+02  -1.3283910e+03
   3.7375417e+02  -1.3286366e+03
   3.7377500e+02  -1.3273853e+03
   3.7379583e+02  -1.3282285e+03
   3.7382083e+02  -1.3279688e+03
   3.7384167e+02  -1.3266563e+03
   3.7386667e+02  -1.3266015e+03
   3.7388750e+02  -1.3282171e+03
   3.7391250e+02  -1.3292872e+03
   3.7393333e+02  -1.3287584e+03
   3.7395833e+02  -1.3293003e+03
   3.7397917e+02  -1.3306898e+03
   3.7401250e+02  -1.3304844e+03
   3.7403750e+02  -1.3305093e+03
   3.7405833e+02  -1.3299530e+03
   3.7408333e+02  -1.3311479e+03
   3.7410417e+02  -1.3336963e+03
   3.7412500e+02  -1.3344447e+03
   3.7415000e+02  -1.3368885e+03
   3.7417083e+02  -1.3398662e+03
   3.7419583e+02  -1.3415961e+03
   3.7421667e+02  -1.3411707e+03
   3.7424167e+02  -1.3411865e+03
   3.7426250e+02  -1.3426814e+03
   3.7428750e+02  -1.3430208e+03
   3.7430833e+02  -1.3418836e+03
   3.7433333e+02  -1.3417279e+03
   3.7435417e+02  -1.3427590e+03
   3.7437917e+02  -1.3428127e+03
   3.7440000e+02  -1.3418798e+03
   3.7442083e+02  -1.3430468e+03
   3.7444583e+02  -1.3426920e+03
   3.7446667e+02  -1.3410651e+03
   3.7449167e+02  -1.3406700e+03
   3.7451250e+02  -1.3419707e+03
   3.7453750e+02  -1.3424425e+03
   3.7455833e+02  -1.3411696e+03
   3.7458333e+02  -1.3409621e+03
   3.7460417e+02  -1.3422214e+03
   3.7462917e+02  -1.3427037e+03
   3.7465000e+02  -1.3421086e+03
   3.7467083e+02  -1.3436768e+03
   3.7469583e+02  -1.3439705e+03
   3.7471667e+02  -1.3429364e+03
   3.7474167e+02  -1.3430144e+03
   3.7476250e+02  -1.3443515e+03
   3.7478750e+02  -1.3445932e+03
   3.7480833e+02  -1.3433562e+03
   3.7483333e+02  -1.3433833e+03
   3.7485417e+02  -1.3447243e+03
   3.7487917e+02  -1.3451775e+03
   3.7490000e+02  -1.3446384e+03
   3.7492083e+02  -1.3463227e+03
   3.7494583e+02  -1.3466375e+03
   3.7496667e+02  -1.3455483e+03
   3.7499167e+02  -1.3455193e+03
   3.7502500e+02  -1.3455075e+03
   3.7504583e+02  -1.3473256e+03
   3.7507083e+02  -1.3491082e+03
   3.7509167e+02  -1.3499142e+03
   3.7511667e+02  -1.3527287e+03
   3.7513750e+02  -1.3565885e+03
   3.7516250e+02  -1.3590675e+03
   3.7518333e+02  -1.3594093e+03
   3.7520833e+02  -1.3606397e+03
   3.7522917e+02  -1.3621556e+03
   3.7525000e+02  -1.3610822e+03
   3.7527500e+02  -1.3615462e+03
   3.7529583e+02  -1.3634231e+03
   3.7532083e+02  -1.3643593e+03
   3.7534167e+02  -1.3635826e+03
   3.7536667e+02  -1.3634927e+03
   3.7538750e+02  -1.3645301e+03
   3.7541250e+02  -1.3643952e+03
   3.7543333e+02  -1.3626199e+03
   3.7545833e+02  -1.3615519e+03
   3.7547917e+02  -1.3617426e+03
   3.7550417e+02  -1.3611598e+03
   3.7552500e+02  -1.3602610e+03
   3.7554583e+02  -1.3617561e+03
   3.7557083e+02  -1.3617470e+03
   3.7559167e+02  -1.3605375e+03
   3.7561667e+02  -1.3609240e+03
   3.7563750e+02  -1.3628716e+03
   3.7566250e+02  -1.3639281e+03
   3.7568333e+02  -1.3630506e+03
   3.7570833e+02  -1.3630006e+03
   3.7572917e+02  -1.3641726e+03
   3.7575417e+02  -1.3643931e+03
   3.7577500e+02  -1.3633682e+03
   3.7579583e+02  -1.3643109e+03
   3.7582083e+02  -1.3640579e+03
   3.7584167e+02  -1.3629186e+03
   3.7586667e+02  -1.3631736e+03
   3.7588750e+02  -1.3649251e+03
   3.7591250e+02  -1.3658655e+03
   3.7593333e+02  -1.3650038e+03
   3.7595833e+02  -1.3652647e+03
   3.7597917e+02  -1.3667028e+03
   3.7601250e+02  -1.3667982e+03
   3.7603750e+02  -1.3672575e+03
   3.7605833e+02  -1.3675293e+03
   3.7608333e+02  -1.3701613e+03
   3.7610417e+02  -1.3739708e+03
   3.7612500e+02  -1.3757451e+03
   3.7615000e+02  -1.3789157e+03
   3.7617083e+02  -1.3822054e+03
   3.7619583e+02  -1.3843509e+03
   3.7621667e+02  -1.3842506e+03
   3.7624167e+02  -1.3845789e+03
   3.7626250e+02  -1.3866833e+03
   3.7628750e+02  -1.3882613e+03
   3.7630833e+02  -1.3883027e+03
   3.7633333e+02  -1.3893231e+03
   3.7635417e+02  -1.3908120e+03
   3.7637917e+02  -1.3907975e+03
   3.7640000e+02  -1.3895304e+03
   3.7642083e+02  -1.3902777e+03
   3.7644583e+02  -1.3893812e+03
   3.7646667e+02  -1.3874078e+03
   3.7649167e+02  -1.3869613e+03
   3.7651250e+02  -1.3885249e+03
   3.7653750e+02  -1.3894573e+03
   3.7655833e+02  -1.3884179e+03
   3.7658333e+02  -1.3880451e+03
   3.7660417e+02  -1.3889377e+03
   3.7662917e+02  -1.3889416e+03
   3.7665000e+02  -1.3880448e+03
   3.7667083e+02  -1.3894912e+03
   3.7669583e+02  -1.3898823e+03
   3.7671667e+02  -1.3891657e+03
   3.7674167e+02  -1.3899776e+03
   3.7676250e+02  -1.3920354e+03
   3.7678750e+02  -1.3927741e+03
   3.7680833e+02  -1.3914911e+03
   3.7683333e+02  -1.3911382e+03
   3.7685417e+02  -1.3920048e+03
   3.7687917e+02  -1.3917623e+03
   3.7690000e+02  -1.3906723e+03
   3.7692083e+02  -1.3920015e+03
   3.7694583e+02  -1.3923557e+03
   3.7696667e+02  -1.3916513e+03
   3.7699167e+02  -1.3922585e+03
   3.7702500e+02  -1.3928637e+03
   3.7704583e+02  -1.3948702e+03
   3.7707083e+02  -1.3965558e+03
   3.7709167e+02  -1.3969587e+03
   3.7711667e+02  -1.3990694e+03
   3.7713750e+02  -1.4023451e+03
   3.7716250e+02  -1.4045651e+03
   3.7718333e+02  -1.4049714e+03
   3.7720833e+02  -1.4062621e+03
   3.7722917e+02  -1.4078046e+03
   3.7725000e+02  -1.4069261e+03
   3.7727500e+02  -1.4077480e+03
   3.7729583e+02  -1.4095067e+03
   3.7732083e+02  -1.4099449e+03
   3.7734167e+02  -1.4088694e+03
   3.7736667e+02  -1.4087653e+03
   3.7738750e+02  -1.4101152e+03
   3.7741250e+02  -1.4106490e+03
   3.7743333e+02  -1.4094841e+03
   3.7745833e+02  -1.4093010e+03
   3.7747917e+02  -1.4104956e+03
   3.7750417e+02  -1.4109737e+03
   3.7752500e+02  -1.4103970e+03
   3.7754583e+02  -1.4117918e+03
   3.7757083e+02  -1.4115439e+03
   3.7759167e+02  -1.4099261e+03
   3.7761667e+02  -1.4094571e+03
   3.7763750e+02  -1.4106591e+03
   3.7766250e+02  -1.4110584e+03
   3.7768333e+02  -1.4099928e+03
   3.7770833e+02  -1.4102544e+03
   3.7772917e+02  -1.4119392e+03
   3.7775417e+02  -1.4127220e+03
   3.7777500e+02  -1.4121849e+03
   3.7779583e+02  -1.4137020e+03
   3.7782083e+02  -1.4138670e+03
   3.7784167e+02  -1.4126486e+03
   3.7786667e+02  -1.4124955e+03
   3.7788750e+02  -1.4137267e+03
   3.7791250e+02  -1.4139504e+03
   3.7793333e+02  -1.4126295e+03
   3.7795833e+02  -1.4125174e+03
   3.7797917e+02  -1.4137824e+03
   3.7801250e+02  -1.4142502e+03
   3.7803750e+02  -1.4149040e+03
   3.7805833e+02  -1.4146040e+03
   3.7808333e+02  -1.4159784e+03
   3.7810417e+02  -1.4184176e+03
   3.7812500e+02  -1.4185308e+03
   3.7815000e+02  -1.4195852e+03
   3.7817083e+02  -1.4212936e+03
   3.7819583e+02  -1.4218056e+03
   3.7821667e+02  -1.4206793e+03
   3.7824167e+02  -1.4204195e+03
   3.7826250e+02  -1.4220428e+03
   3.7828750e+02  -1.4229878e+03
   3.7830833e+02  -1.4226415e+03
   3.7833333e+02  -1.4234151e+03
   3.7835417e+02  -1.4247608e+03
   3.7837917e+02  -1.4246090e+03
   3.7840000e+02  -1.4234266e+03
   3.7842083e+02  -1.4244447e+03
   3.7844583e+02  -1.4239429e+03
   3.7846667e+02  -1.4222343e+03
   3.7849167e+02  -1.4219646e+03
   3.7851250e+02  -1.4235911e+03
   3.7853750e+02  -1.4245809e+03
   3.7855833e+02  -1.4236590e+03
   3.7858333e+02  -1.4233925e+03
   3.7860417e+02  -1.4242362e+03
   3.7862917e+02  -1.4241041e+03
   3.7865000e+02  -1.4230529e+03
   3.7867083e+02  -1.4242492e+03
   3.7869583e+02  -1.4242368e+03
   3.7871667e+02  -1.4232294e+03
   3.7874167e+02  -1.4237977e+03
   3.7876250e+02  -1.4257655e+03
   3.7878750e+02  -1.4267005e+03
   3.7880833e+02  -1.4257833e+03
   3.7883333e+02  -1.4258231e+03
   3.7885417e+02  -1.4268765e+03
   3.7887917e+02  -1.4267226e+03
   3.7890000e+02  -1.4256082e+03
   3.7892083e+02  -1.4267514e+03
   3.7894583e+02  -1.4266609e+03
   3.7896667e+02  -1.4255417e+03
   3.7899167e+02  -1.4257729e+03
   3.7902500e+02  -1.4262842e+03
   3.7904583e+02  -1.4272419e+03
   3.7907083e+02  -1.4267476e+03
   3.7909167e+02  -1.4250788e+03
   3.7911667e+02  -1.4244745e+03
   3.7913750e+02  -1.4251358e+03
   3.7916250e+02  -1.4239168e+03
   3.7918333e+02  -1.4217605e+03
   3.7920833e+02  -1.4207992e+03
   3.7922917e+02  -1.4212704e+03
   3.7925000e+02  -1.4195023e+03
   3.7927500e+02  -1.4188109e+03
   3.7929583e+02  -1.4196454e+03
   3.7932083e+02  -1.4196670e+03
   3.7934167e+02  -1.4184979e+03
   3.7936667e+02  -1.4180854e+03
   3.7938750e+02  -1.4190810e+03
   3.7941250e+02  -1.4193934e+03
   3.7943333e+02  -1.4181902e+03
   3.7945833e+02  -1.4177185e+03
   3.7947917e+02  -1.4182968e+03
   3.7950417e+02  -1.4178152e+03
   3.7952500e+02  -1.4166286e+03
   3.7954583e+02  -1.4178129e+03
   3.7957083e+02  -1.4178153e+03
   3.7959167e+02  -1.4167020e+03
   3.7961667e+02  -1.4169716e+03
   3.7963750e+02  -1.4187685e+03
   3.7966250e+02  -1.4196762e+03
   3.7968333e+02  -1.4187865e+03
   3.7970833e+02  -1.4188780e+03
   3.7972917e+02  -1.4200637e+03
   3.7975417e+02  -1.4200862e+03
   3.7977500e+02  -1.4191281e+03
   3.7979583e+02  -1.4205582e+03
   3.7982083e+02  -1.4209448e+03
   3.7984167e+02  -1.4200811e+03
   3.7986667e+02  -1.4203282e+03
   3.7988750e+02  -1.4217811e+03
   3.7991250e+02  -1.4222620e+03
   3.7993333e+02  -1.4210896e+03
   3.7995833e+02  -1.4208127e+03
   3.7997917e+02  -1.4216874e+03
   3.8001250e+02  -1.4216434e+03
   3.8003750e+02  -1.4222436e+03
   3.8005833e+02  -1.4221520e+03
   3.8008333e+02  -1.4240558e+03
   3.8010417e+02  -1.4270323e+03
   3.8012500e+02  -1.4275735e+03
   3.8015000e+02  -1.4288179e+03
   3.8017083e+02  -1.4303931e+03
   3.8019583e+02  -1.4305664e+03
   3.8021667e+02  -1.4290465e+03
   3.8024167e+02  -1.4282178e+03
   3.8026250e+02  -1.4293272e+03
   3.8028750e+02  -1.4298711e+03
   3.8030833e+02  -1.4295386e+03
   3.8033333e+02  -1.4305662e+03
   3.8035417e+02  -1.4320075e+03
   3.8037917e+02  -1.4317651e+03
   3.8040000e+02  -1.4305310e+03
   3.8042083e+02  -1.4315552e+03
   3.8044583e+02  -1.4308909e+03
   3.8046667e+02  -1.4288566e+03
   3.8049167e+02  -1.4281964e+03
   3.8051250e+02  -1.4296341e+03
   3.8053750e+02  -1.4304269e+03
   3.8055833e+02  -1.4294137e+03
   3.8058333e+02  -1.4292946e+03
   3.8060417e+02  -1.4304477e+03
   3.8062917e+02  -1.4308113e+03
   3.8065000e+02  -1.4301431e+03
   3.8067083e+02  -1.4315768e+03
   3.8069583e+02  -1.4317887e+03
   3.8071667e+02  -1.4309433e+03
   3.8074167e+02  -1.4313678e+03
   3.8076250e+02  -1.4329124e+03
   3.8078750e+02  -1.4333706e+03
   3.8080833e+02  -1.4322701e+03
   3.8083333e+02  -1.4323198e+03
   3.8085417e+02  -1.4335658e+03
   3.8087917e+02  -1.4336893e+03
   3.8090000e+02  -1.4327563e+03
   3.8092083e+02  -1.4342159e+03
   3.8094583e+02  -1.4345435e+03
   3.8096667e+02  -1.4334287e+03
   3.8099167e+02  -1.4332559e+03
   3.8102500e+02  -1.4331143e+03
   3.8104583e+02  -1.4342425e+03
   3.8107083e+02  -1.4345675e+03
   3.8109167e+02  -1.4338872e+03
   3.8111667e+02  -1.4345960e+03
   3.8113750e+02  -1.4365411e+03
   3.8116250e+02  -1.4370842e+03
   3.8118333e+02  -1.4361922e+03
   3.8120833e+02  -1.4361362e+03
   3.8122917e+02  -1.4368486e+03
   3.8125000e+02  -1.4351907e+03
   3.8127500e+02  -1.4348929e+03
   3.8129583e+02  -1.4361044e+03
   3.8132083e+02  -1.4364475e+03
   3.8134167e+02  -1.4354160e+03
   3.8136667e+02  -1.4352560e+03
   3.8138750e+02  -1.4366055e+03
   3.8141250e+02  -1.4372018e+03
   3.8143333e+02  -1.4359202e+03
   3.8145833e+02  -1.4352334e+03
   3.8147917e+02  -1.4358287e+03
   3.8150417e+02  -1.4356515e+03
   3.8152500e+02  -1.4347747e+03
   3.8154583e+02  -1.4362046e+03
   3.8157083e+02  -1.4364005e+03
   3.8159167e+02  -1.4353941e+03
   3.8161667e+02  -1.4357340e+03
   3.8163750e+02  -1.4374043e+03
   3.8166250e+02  -1.4379125e+03
   3.8168333e+02  -1.4366651e+03
   3.8170833e+02  -1.4364405e+03
   3.8172917e+02  -1.4374287e+03
   3.8175417e+02  -1.4373319e+03
   3.8177500e+02  -1.4363828e+03
   3.8179583e+02  -1.4378490e+03
   3.8182083e+02  -1.4382727e+03
   3.8184167e+02  -1.4374271e+03
   3.8186667e+02  -1.4377247e+03
   3.8188750e+02  -1.4392637e+03
   3.8191250e+02  -1.4398210e+03
   3.8193333e+02  -1.4386353e+03
   3.8195833e+02  -1.4383577e+03
   3.8197917e+02  -1.4393813e+03
   3.8201250e+02  -1.4395773e+03
   3.8203750e+02  -1.4391562e+03
   3.8205833e+02  -1.4368154e+03
   3.8208333e+02  -1.4351154e+03
   3.8210417e+02  -1.4347377e+03
   3.8212500e+02  -1.4319289e+03
   3.8215000e+02  -1.4295551e+03
   3.8217083e+02  -1.4287757e+03
   3.8219583e+02  -1.4269592e+03
   3.8221667e+02  -1.4246040e+03
   3.8224167e+02  -1.4235801e+03
   3.8226250e+02  -1.4240819e+03
   3.8228750e+02  -1.4233131e+03
   3.8230833e+02  -1.4217681e+03
   3.8233333e+02  -1.4215884e+03
   3.8235417e+02  -1.4224791e+03
   3.8237917e+02  -1.4222878e+03
   3.8240000e+02  -1.4214395e+03
   3.8242083e+02  -1.4229127e+03
   3.8244583e+02  -1.4229074e+03
   3.8246667e+02  -1.4214042e+03
   3.8249167e+02  -1.4208139e+03
   3.8251250e+02  -1.4217213e+03
   3.8253750e+02  -1.4218967e+03
   3.8255833e+02  -1.4206780e+03
   3.8258333e+02  -1.4206103e+03
   3.8260417e+02  -1.4219353e+03
   3.8262917e+02  -1.4224972e+03
   3.8265000e+02  -1.4220244e+03
   3.8267083e+02  -1.4238025e+03
   3.8269583e+02  -1.4242785e+03
   3.8271667e+02  -1.4231554e+03
   3.8274167e+02  -1.4229796e+03
   3.8276250e+02  -1.4243050e+03
   3.8278750e+02  -1.4247783e+03
   3.8280833e+02  -1.4236151e+03
   3.8283333e+02  -1.4234826e+03
   3.8285417e+02  -1.4245507e+03
   3.8287917e+02  -1.4246066e+03
   3.8290000e+02  -1.4237487e+03
   3.8292083e+02  -1.4251090e+03
   3.8294583e+02  -1.4250127e+03
   3.8296667e+02  -1.4237463e+03
   3.8299167e+02  -1.4239608e+03
   3.8302500e+02  -1.4246058e+03
   3.8304583e+02  -1.4257954e+03
   3.8307083e+02  -1.4257227e+03
   3.8309167e+02  -1.4243416e+03
   3.8311667e+02  -1.4239083e+03
   3.8313750e+02  -1.4248054e+03
   3.8316250e+02  -1.4240216e+03
   3.8318333e+02  -1.4220882e+03
   3.8320833e+02  -1.4212751e+03
   3.8322917e+02  -1.4220331e+03
   3.8325000e+02  -1.4207402e+03
   3.8327500e+02  -1.4206267e+03
   3.8329583e+02  -1.4216329e+03
   3.8332083e+02  -1.4215457e+03
   3.8334167e+02  -1.4203067e+03
   3.8336667e+02  -1.4200209e+03
   3.8338750e+02  -1.4211374e+03
   3.8341250e+02  -1.4212536e+03
   3.8343333e+02  -1.4198371e+03
   3.8345833e+02  -1.4196561e+03
   3.8347917e+02  -1.4207745e+03
   3.8350417e+02  -1.4207874e+03
   3.8352500e+02  -1.4197901e+03
   3.8354583e+02  -1.4211294e+03
   3.8357083e+02  -1.4213012e+03
   3.8359167e+02  -1.4201847e+03
   3.8361667e+02  -1.4202487e+03
   3.8363750e+02  -1.4217091e+03
   3.8366250e+02  -1.4223950e+03
   3.8368333e+02  -1.4216504e+03
   3.8370833e+02  -1.4220408e+03
   3.8372917e+02  -1.4233554e+03
   3.8375417e+02  -1.4234808e+03
   3.8377500e+02  -1.4226146e+03
   3.8379583e+02  -1.4239608e+03
   3.8382083e+02  -1.4239760e+03
   3.8384167e+02  -1.4226310e+03
   3.8386667e+02  -1.4223884e+03
   3.8388750e+02  -1.4236930e+03
   3.8391250e+02  -1.4242712e+03
   3.8393333e+02  -1.4232801e+03
   3.8395833e+02  -1.4233664e+03
   3.8397917e+02  -1.4247509e+03
   3.8401250e+02  -1.4253699e+03
   3.8403750e+02  -1.4256390e+03
   3.8405833e+02  -1.4244326e+03
   3.8408333e+02  -1.4241804e+03
   3.8410417e+02  -1.4249775e+03
   3.8412500e+02  -1.4237527e+03
   3.8415000e+02  -1.4240288e+03
   3.8417083e+02  -1.4254299e+03
   3.8419583e+02  -1.4254391e+03
   3.8421667e+02  -1.4239950e+03
   3.8424167e+02  -1.4237396e+03
   3.8426250e+02  -1.4251163e+03
   3.8428750e+02  -1.4248693e+03
   3.8430833e+02  -1.4226896e+03
   3.8433333e+02  -1.4211480e+03
   3.8435417e+02  -1.4214752e+03
   3.8437917e+02  -1.4212686e+03
   3.8440000e+02  -1.4202726e+03
   3.8442083e+02  -1.4214695e+03
   3.8444583e+02  -1.4215637e+03
   3.8446667e+02  -1.4208032e+03
   3.8449167e+02  -1.4216071e+03
   3.8451250e+02  -1.4234429e+03
   3.8453750e+02  -1.4239411e+03
   3.8455833e+02  -1.4225756e+03
   3.8458333e+02  -1.4223458e+03
   3.8460417e+02  -1.4235135e+03
   3.8462917e+02  -1.4236573e+03
   3.8465000e+02  -1.4227360e+03
   3.8467083e+02  -1.4242694e+03
   3.8469583e+02  -1.4250293e+03
   3.8471667e+02  -1.4244939e+03
   3.8474167e+02  -1.4249904e+03
   3.8476250e+02  -1.4265714e+03
   3.8478750e+02  -1.4269814e+03
   3.8480833e+02  -1.4256522e+03
   3.8483333e+02  -1.4253295e+03
   3.8485417e+02  -1.4262424e+03
   3.8487917e+02  -1.4261001e+03
   3.8490000e+02  -1.4251887e+03
   3.8492083e+02  -1.4267499e+03
   3.8494583e+02  -1.4272388e+03
   3.8496667e+02  -1.4265078e+03
   3.8499167e+02  -1.4270888e+03
   3.8502500e+02  -1.4277123e+03
   3.8504583e+02  -1.4291000e+03
   3.8507083e+02  -1.4294484e+03
   3.8509167e+02  -1.4284928e+03
   3.8511667e+02  -1.4288740e+03
   3.8513750e+02  -1.4308652e+03
   3.8516250e+02  -1.4318599e+03
   3.8518333e+02  -1.4312983e+03
   3.8520833e+02  -1.4314228e+03
   3.8522917e+02  -1.4323640e+03
   3.8525000e+02  -1.4311429e+03
   3.8527500e+02  -1.4309963e+03
   3.8529583e+02  -1.4314075e+03
   3.8532083e+02  -1.4301848e+03
   3.8534167e+02  -1.4281616e+03
   3.8536667e+02  -1.4276508e+03
   3.8538750e+02  -1.4290451e+03
   3.8541250e+02  -1.4295405e+03
   3.8543333e+02  -1.4282670e+03
   3.8545833e+02  -1.4282464e+03
   3.8547917e+02  -1.4298424e+03
   3.8550417e+02  -1.4303404e+03
   3.8552500e+02  -1.4292819e+03
   3.8554583e+02  -1.4302682e+03
   3.8557083e+02  -1.4300974e+03
   3.8559167e+02  -1.4290522e+03
   3.8561667e+02  -1.4294895e+03
   3.8563750e+02  -1.4312397e+03
   3.8566250e+02  -1.4319935e+03
   3.8568333e+02  -1.4312466e+03
   3.8570833e+02  -1.4319436e+03
   3.8572917e+02  -1.4335194e+03
   3.8575417e+02  -1.4335968e+03
   3.8577500e+02  -1.4324531e+03
   3.8579583e+02  -1.4335360e+03
   3.8582083e+02  -1.4335108e+03
   3.8584167e+02  -1.4324582e+03
   3.8586667e+02  -1.4326522e+03
   3.8588750e+02  -1.4341572e+03
   3.8591250e+02  -1.4348708e+03
   3.8593333e+02  -1.4341346e+03
   3.8595833e+02  -1.4344994e+03
   3.8597917e+02  -1.4358622e+03
   3.8601250e+02  -1.4360543e+03
   3.8603750e+02  -1.4361436e+03
   3.8605833e+02  -1.4352260e+03
   3.8608333e+02  -1.4356543e+03
   3.8610417e+02  -1.4370820e+03
   3.8612500e+02  -1.4364311e+03
   3.8615000e+02  -1.4374547e+03
   3.8617083e+02  -1.4395127e+03
   3.8619583e+02  -1.4401536e+03
   3.8621667e+02  -1.4390588e+03
   3.8624167e+02  -1.4390407e+03
   3.8626250e+02  -1.4406878e+03
   3.8628750e+02  -1.4408667e+03
   3.8630833e+02  -1.4392444e+03
   3.8633333e+02  -1.4383554e+03
   3.8635417e+02  -1.4389656e+03
   3.8637917e+02  -1.4388506e+03
   3.8640000e+02  -1.4377980e+03
   3.8642083e+02  -1.4387601e+03
   3.8644583e+02  -1.4384601e+03
   3.8646667e+02  -1.4373505e+03
   3.8649167e+02  -1.4377605e+03
   3.8651250e+02  -1.4394016e+03
   3.8653750e+02  -1.4399207e+03
   3.8655833e+02  -1.4386441e+03
   3.8658333e+02  -1.4383497e+03
   3.8660417e+02  -1.4394410e+03
   3.8662917e+02  -1.4396154e+03
   3.8665000e+02  -1.4387857e+03
   3.8667083e+02  -1.4403084e+03
   3.8669583e+02  -1.4409050e+03
   3.8671667e+02  -1.4403157e+03
   3.8674167e+02  -1.4408345e+03
   3.8676250e+02  -1.4424473e+03
   3.8678750e+02  -1.4428328e+03
   3.8680833e+02  -1.4413474e+03
   3.8683333e+02  -1.4407664e+03
   3.8685417e+02  -1.4415925e+03
   3.8687917e+02  -1.4414981e+03
   3.8690000e+02  -1.4405862e+03
   3.8692083e+02  -1.4421987e+03
   3.8694583e+02  -1.4429231e+03
   3.8696667e+02  -1.4424265e+03
   3.8699167e+02  -1.4432402e+03
   3.8702500e+02  -1.4440156e+03
   3.8704583e+02  -1.4456590e+03
   3.8707083e+02  -1.4464396e+03
   3.8709167e+02  -1.4458600e+03
   3.8711667e+02  -1.4466386e+03
   3.8713750e+02  -1.4490340e+03
   3.8716250e+02  -1.4506489e+03
   3.8718333e+02  -1.4508019e+03
   3.8720833e+02  -1.4520088e+03
   3.8722917e+02  -1.4538208e+03
   3.8725000e+02  -1.4533545e+03
   3.8727500e+02  -1.4543728e+03
   3.8729583e+02  -1.4559452e+03
   3.8732083e+02  -1.4558022e+03
   3.8734167e+02  -1.4540897e+03
   3.8736667e+02  -1.4533790e+03
   3.8738750e+02  -1.4544839e+03
   3.8741250e+02  -1.4546757e+03
   3.8743333e+02  -1.4531702e+03
   3.8745833e+02  -1.4528727e+03
   3.8747917e+02  -1.4542932e+03
   3.8750417e+02  -1.4551997e+03
   3.8752500e+02  -1.4549930e+03
   3.8754583e+02  -1.4567244e+03
   3.8757083e+02  -1.4566684e+03
   3.8759167e+02  -1.4551263e+03
   3.8761667e+02  -1.4548447e+03
   3.8763750e+02  -1.4561088e+03
   3.8766250e+02  -1.4561667e+03
   3.8768333e+02  -1.4546605e+03
   3.8770833e+02  -1.4545402e+03
   3.8772917e+02  -1.4559858e+03
   3.8775417e+02  -1.4565816e+03
   3.8777500e+02  -1.4559911e+03
   3.8779583e+02  -1.4573881e+03
   3.8782083e+02  -1.4572764e+03
   3.8784167e+02  -1.4559855e+03
   3.8786667e+02  -1.4559810e+03
   3.8788750e+02  -1.4572549e+03
   3.8791250e+02  -1.4574829e+03
   3.8793333e+02  -1.4562916e+03
   3.8795833e+02  -1.4564419e+03
   3.8797917e+02  -1.4580247e+03
   3.8801250e+02  -1.4590168e+03
   3.8803750e+02  -1.4591573e+03
   3.8805833e+02  -1.4575921e+03
   3.8808333e+02  -1.4570425e+03
   3.8810417e+02  -1.4577498e+03
   3.8812500e+02  -1.4560910e+03
   3.8815000e+02  -1.4552326e+03
   3.8817083e+02  -1.4557525e+03
   3.8819583e+02  -1.4554177e+03
   3.8821667e+02  -1.4541917e+03
   3.8824167e+02  -1.4542771e+03
   3.8826250e+02  -1.4558182e+03
   3.8828750e+02  -1.4561255e+03
   3.8830833e+02  -1.4550424e+03
   3.8833333e+02  -1.4547906e+03
   3.8835417e+02  -1.4553111e+03
   3.8837917e+02  -1.4545419e+03
   3.8840000e+02  -1.4531456e+03
   3.8842083e+02  -1.4541320e+03
   3.8844583e+02  -1.4538250e+03
   3.8846667e+02  -1.4524574e+03
   3.8849167e+02  -1.4526216e+03
   3.8851250e+02  -1.4545244e+03
   3.8853750e+02  -1.4557023e+03
   3.8855833e+02  -1.4546951e+03
   3.8858333e+02  -1.4542599e+03
   3.8860417e+02  -1.4551069e+03
   3.8862917e+02  -1.4551137e+03
   3.8865000e+02  -1.4541247e+03
   3.8867083e+02  -1.4552981e+03
   3.8869583e+02  -1.4553024e+03
   3.8871667e+02  -1.4543348e+03
   3.8874167e+02  -1.4549271e+03
   3.8876250e+02  -1.4568728e+03
   3.8878750e+02  -1.4575655e+03
   3.8880833e+02  -1.4561805e+03
   3.8883333e+02  -1.4557151e+03
   3.8885417e+02  -1.4566516e+03
   3.8887917e+02  -1.4565240e+03
   3.8890000e+02  -1.4554104e+03
   3.8892083e+02  -1.4566511e+03
   3.8894583e+02  -1.4569178e+03
   3.8896667e+02  -1.4562185e+03
   3.8899167e+02  -1.4570648e+03
   3.8902500e+02  -1.4579072e+03
   3.8904583e+02  -1.4586840e+03
   3.8907083e+02  -1.4579065e+03
   3.8909167e+02  -1.4559599e+03
   3.8911667e+02  -1.4549008e+03
   3.8913750e+02  -1.4555510e+03
   3.8916250e+02  -1.4550009e+03
   3.8918333e+02  -1.4535144e+03
   3.8920833e+02  -1.4534750e+03
   3.8922917e+02  -1.4549554e+03
   3.8925000e+02  -1.4542151e+03
   3.8927500e+02  -1.4542115e+03
   3.8929583e+02  -1.4549330e+03
   3.8932083e+02  -1.4540304e+03
   3.8934167e+02  -1.4516806e+03
   3.8936667e+02  -1.4502028e+03
   3.8938750e+02  -1.4507145e+03
   3.8941250e+02  -1.4504947e+03
   3.8943333e+02  -1.4491223e+03
   3.8945833e+02  -1.4492773e+03
   3.8947917e+02  -1.4508671e+03
   3.8950417e+02  -1.4515409e+03
   3.8952500e+02  -1.4510407e+03
   3.8954583e+02  -1.4524573e+03
   3.8957083e+02  -1.4519821e+03
   3.8959167e+02  -1.4502089e+03
   3.8961667e+02  -1.4498178e+03
   3.8963750e+02  -1.4511677e+03
   3.8966250e+02  -1.4517853e+03
   3.8968333e+02  -1.4509875e+03
   3.8970833e+02  -1.4515807e+03
   3.8972917e+02  -1.4534728e+03
   3.8975417e+02  -1.4544058e+03
   3.8977500e+02  -1.4537503e+03
   3.8979583e+02  -1.4547659e+03
   3.8982083e+02  -1.4541843e+03
   3.8984167e+02  -1.4525852e+03
   3.8986667e+02  -1.4522155e+03
   3.8988750e+02  -1.4533992e+03
   3.8991250e+02  -1.4538464e+03
   3.8993333e+02  -1.4530531e+03
   3.8995833e+02  -1.4538279e+03
   3.8997917e+02  -1.4557582e+03
   3.9001250e+02  -1.4565906e+03
   3.9003750e+02  -1.4559605e+03
   3.9005833e+02  -1.4531702e+03
   3.9008333e+02  -1.4506042e+03
   3.9010417e+02  -1.4494771e+03
   3.9012500e+02  -1.4462392e+03
   3.9015000e+02  -1.4440365e+03
   3.9017083e+02  -1.4437618e+03
   3.9019583e+02  -1.4426479e+03
   3.9021667e+02  -1.4409327e+03
   3.9024167e+02  -1.4405813e+03
   3.9026250e+02  -1.4413341e+03
   3.9028750e+02  -1.4401375e+03
   3.9030833e+02  -1.4375620e+03
   3.9033333e+02  -1.4358029e+03
   3.9035417e+02  -1.4356704e+03
   3.9037917e+02  -1.4349106e+03
   3.9040000e+02  -1.4339063e+03
   3.9042083e+02  -1.4355307e+03
   3.9044583e+02  -1.4361469e+03
   3.9046667e+02  -1.4354679e+03
   3.9049167e+02  -1.4359378e+03
   3.9051250e+02  -1.4375148e+03
   3.9053750e+02  -1.4378961e+03
   3.9055833e+02  -1.4362520e+03
   3.9058333e+02  -1.4353816e+03
   3.9060417e+02  -1.4361463e+03
   3.9062917e+02  -1.4363197e+03
   3.9065000e+02  -1.4355912e+03
   3.9067083e+02  -1.4371286e+03
   3.9069583e+02  -1.4376054e+03
   3.9071667e+02  -1.4368991e+03
   3.9074167e+02  -1.4374990e+03
   3.9076250e+02  -1.4391740e+03
   3.9078750e+02  -1.4394740e+03
   3.9080833e+02  -1.4379945e+03
   3.9083333e+02  -1.4378098e+03
   3.9085417e+02  -1.4390683e+03
   3.9087917e+02  -1.4391589e+03
   3.9090000e+02  -1.4381499e+03
   3.9092083e+02  -1.4395033e+03
   3.9094583e+02  -1.4398943e+03
   3.9096667e+02  -1.4390556e+03
   3.9099167e+02  -1.4393050e+03
   3.9102500e+02  -1.4394119e+03
   3.9104583e+02  -1.4401671e+03
   3.9107083e+02  -1.4394989e+03
   3.9109167e+02  -1.4375463e+03
   3.9111667e+02  -1.4363738e+03
   3.9113750e+02  -1.4367627e+03
   3.9116250e+02  -1.4359126e+03
   3.9118333e+02  -1.4341848e+03
   3.9120833e+02  -1.4335100e+03
   3.9122917e+02  -1.4341180e+03
   3.9125000e+02  -1.4325375e+03
   3.9127500e+02  -1.4320005e+03
   3.9129583e+02  -1.4326482e+03
   3.9132083e+02  -1.4321896e+03
   3.9134167e+02  -1.4305386e+03
   3.9136667e+02  -1.4299537e+03
   3.9138750e+02  -1.4313043e+03
   3.9141250e+02  -1.4320870e+03
   3.9143333e+02  -1.4310965e+03
   3.9145833e+02  -1.4310398e+03
   3.9147917e+02  -1.4322503e+03
   3.9150417e+02  -1.4325650e+03
   3.9152500e+02  -1.4319596e+03
   3.9154583e+02  -1.4335659e+03
   3.9157083e+02  -1.4336201e+03
   3.9159167e+02  -1.4322315e+03
   3.9161667e+02  -1.4321948e+03
   3.9163750e+02  -1.4337009e+03
   3.9166250e+02  -1.4338927e+03
   3.9168333e+02  -1.4322353e+03
   3.9170833e+02  -1.4315960e+03
   3.9172917e+02  -1.4325648e+03
   3.9175417e+02  -1.4327783e+03
   3.9177500e+02  -1.4320372e+03
   3.9179583e+02  -1.4335260e+03
   3.9182083e+02  -1.4340007e+03
   3.9184167e+02  -1.4334341e+03
   3.9186667e+02  -1.4341320e+03
   3.9188750e+02  -1.4356953e+03
   3.9191250e+02  -1.4358913e+03
   3.9193333e+02  -1.4344365e+03
   3.9195833e+02  -1.4341040e+03
   3.9197917e+02  -1.4350902e+03
   3.9201250e+02  -1.4350281e+03
   3.9203750e+02  -1.4355849e+03
   3.9205833e+02  -1.4354904e+03
   3.9208333e+02  -1.4370108e+03
   3.9210417e+02  -1.4393395e+03
   3.9212500e+02  -1.4392463e+03
   3.9215000e+02  -1.4402269e+03
   3.9217083e+02  -1.4420180e+03
   3.9219583e+02  -1.4423921e+03
   3.9221667e+02  -1.4410227e+03
   3.9224167e+02  -1.4405981e+03
   3.9226250e+02  -1.4423134e+03
   3.9228750e+02  -1.4432734e+03
   3.9230833e+02  -1.4427312e+03
   3.9233333e+02  -1.4432171e+03
   3.9235417e+02  -1.4445135e+03
   3.9237917e+02  -1.4446684e+03
   3.9240000e+02  -1.4437642e+03
   3.9242083e+02  -1.4447604e+03
   3.9244583e+02  -1.4440206e+03
   3.9246667e+02  -1.4423107e+03
   3.9249167e+02  -1.4422769e+03
   3.9251250e+02  -1.4441471e+03
   3.9253750e+02  -1.4454670e+03
   3.9255833e+02  -1.4447653e+03
   3.9258333e+02  -1.4447567e+03
   3.9260417e+02  -1.4458959e+03
   3.9262917e+02  -1.4461682e+03
   3.9265000e+02  -1.4451534e+03
   3.9267083e+02  -1.4460332e+03
   3.9269583e+02  -1.4455454e+03
   3.9271667e+02  -1.4442283e+03
   3.9274167e+02  -1.4445219e+03
   3.9276250e+02  -1.4462751e+03
   3.9278750e+02  -1.4468794e+03
   3.9280833e+02  -1.4457340e+03
   3.9283333e+02  -1.4458688e+03
   3.9285417e+02  -1.4473084e+03
   3.9287917e+02  -1.4475593e+03
   3.9290000e+02  -1.4465044e+03
   3.9292083e+02  -1.4475966e+03
   3.9294583e+02  -1.4475329e+03
   3.9296667e+02  -1.4464925e+03
   3.9299167e+02  -1.4467363e+03
   3.9302500e+02  -1.4468773e+03
   3.9304583e+02  -1.4476887e+03
   3.9307083e+02  -1.4471075e+03
   3.9309167e+02  -1.4453155e+03
   3.9311667e+02  -1.4444322e+03
   3.9313750e+02  -1.4449418e+03
   3.9316250e+02  -1.4438863e+03
   3.9318333e+02  -1.4420487e+03
   3.9320833e+02  -1.4415068e+03
   3.9322917e+02  -1.4422969e+03
   3.9325000e+02  -1.4409567e+03
   3.9327500e+02  -1.4408708e+03
   3.9329583e+02  -1.4420207e+03
   3.9332083e+02  -1.4421989e+03
   3.9334167e+02  -1.4409617e+03
   3.9336667e+02  -1.4404771e+03
   3.9338750e+02  -1.4415071e+03
   3.9341250e+02  -1.4416721e+03
   3.9343333e+02  -1.4401713e+03
   3.9345833e+02  -1.4394976e+03
   3.9347917e+02  -1.4402378e+03
   3.9350417e+02  -1.4401807e+03
   3.9352500e+02  -1.4394652e+03
   3.9354583e+02  -1.4411630e+03
   3.9357083e+02  -1.4415420e+03
   3.9359167e+02  -1.4405481e+03
   3.9361667e+02  -1.4408498e+03
   3.9363750e+02  -1.4424481e+03
   3.9366250e+02  -1.4428095e+03
   3.9368333e+02  -1.4413193e+03
   3.9370833e+02  -1.4407371e+03
   3.9372917e+02  -1.4416009e+03
   3.9375417e+02  -1.4415962e+03
   3.9377500e+02  -1.4407181e+03
   3.9379583e+02  -1.4420746e+03
   3.9382083e+02  -1.4423514e+03
   3.9384167e+02  -1.4415743e+03
   3.9386667e+02  -1.4420739e+03
   3.9388750e+02  -1.4437007e+03
   3.9391250e+02  -1.4441297e+03
   3.9393333e+02  -1.4428118e+03
   3.9395833e+02  -1.4426162e+03
   3.9397917e+02  -1.4437854e+03
   3.9401250e+02  -1.4438443e+03
   3.9403750e+02  -1.4434903e+03
   3.9405833e+02  -1.4417134e+03
   3.9408333e+02  -1.4409536e+03
   3.9410417e+02  -1.4415053e+03
   3.9412500e+02  -1.4395848e+03
   3.9415000e+02  -1.4380684e+03
   3.9417083e+02  -1.4379712e+03
   3.9419583e+02  -1.4370033e+03
   3.9421667e+02  -1.4351233e+03
   3.9424167e+02  -1.4343337e+03
   3.9426250e+02  -1.4351674e+03
   3.9428750e+02  -1.4348694e+03
   3.9430833e+02  -1.4337761e+03
   3.9433333e+02  -1.4341366e+03
   3.9435417e+02  -1.4351568e+03
   3.9437917e+02  -1.4347975e+03
   3.9440000e+02  -1.4338395e+03
   3.9442083e+02  -1.4352782e+03
   3.9444583e+02  -1.4351162e+03
   3.9446667e+02  -1.4334567e+03
   3.9449167e+02  -1.4329593e+03
   3.9451250e+02  -1.4342633e+03
   3.9453750e+02  -1.4350197e+03
   3.9455833e+02  -1.4340300e+03
   3.9458333e+02  -1.4338594e+03
   3.9460417e+02  -1.4351057e+03
   3.9462917e+02  -1.4357253e+03
   3.9465000e+02  -1.4351768e+03
   3.9467083e+02  -1.4365456e+03
   3.9469583e+02  -1.4363605e+03
   3.9471667e+02  -1.4349940e+03
   3.9474167e+02  -1.4348661e+03
   3.9476250e+02  -1.4361535e+03
   3.9478750e+02  -1.4362771e+03
   3.9480833e+02  -1.4348486e+03
   3.9483333e+02  -1.4349207e+03
   3.9485417e+02  -1.4365165e+03
   3.9487917e+02  -1.4370888e+03
   3.9490000e+02  -1.4363588e+03
   3.9492083e+02  -1.4377909e+03
   3.9494583e+02  -1.4380080e+03
   3.9496667e+02  -1.4369442e+03
   3.9499167e+02  -1.4368518e+03
   3.9502500e+02  -1.4362880e+03
   3.9504583e+02  -1.4362983e+03
   3.9507083e+02  -1.4346286e+03
   3.9509167e+02  -1.4318918e+03
   3.9511667e+02  -1.4299624e+03
   3.9513750e+02  -1.4297904e+03
   3.9516250e+02  -1.4280702e+03
   3.9518333e+02  -1.4257023e+03
   3.9520833e+02  -1.4246322e+03
   3.9522917e+02  -1.4251871e+03
   3.9525000e+02  -1.4235064e+03
   3.9527500e+02  -1.4225167e+03
   3.9529583e+02  -1.4227839e+03
   3.9532083e+02  -1.4220140e+03
   3.9534167e+02  -1.4202286e+03
   3.9536667e+02  -1.4194389e+03
   3.9538750e+02  -1.4204871e+03
   3.9541250e+02  -1.4209751e+03
   3.9543333e+02  -1.4199993e+03
   3.9545833e+02  -1.4199507e+03
   3.9547917e+02  -1.4209564e+03
   3.9550417e+02  -1.4208541e+03
   3.9552500e+02  -1.4198891e+03
   3.9554583e+02  -1.4211588e+03
   3.9557083e+02  -1.4209771e+03
   3.9559167e+02  -1.4197434e+03
   3.9561667e+02  -1.4200584e+03
   3.9563750e+02  -1.4218286e+03
   3.9566250e+02  -1.4226088e+03
   3.9568333e+02  -1.4216110e+03
   3.9570833e+02  -1.4216321e+03
   3.9572917e+02  -1.4228206e+03
   3.9575417e+02  -1.4228476e+03
   3.9577500e+02  -1.4216752e+03
   3.9579583e+02  -1.4226392e+03
   3.9582083e+02  -1.4225668e+03
   3.9584167e+02  -1.4216264e+03
   3.9586667e+02  -1.4220111e+03
   3.9588750e+02  -1.4237093e+03
   3.9591250e+02  -1.4245454e+03
   3.9593333e+02  -1.4237266e+03
   3.9595833e+02  -1.4240243e+03
   3.9597917e+02  -1.4254093e+03
   3.9601250e+02  -1.4254359e+03
   3.9603750e+02  -1.4246603e+03
   3.9605833e+02  -1.4222123e+03
   3.9608333e+02  -1.4203989e+03
   3.9610417e+02  -1.4199984e+03
   3.9612500e+02  -1.4175178e+03
   3.9615000e+02  -1.4160966e+03
   3.9617083e+02  -1.4163314e+03
   3.9619583e+02  -1.4157055e+03
   3.9621667e+02  -1.4141351e+03
   3.9624167e+02  -1.4136918e+03
   3.9626250e+02  -1.4145081e+03
   3.9628750e+02  -1.4136770e+03
   3.9630833e+02  -1.4115772e+03
   3.9633333e+02  -1.4103643e+03
   3.9635417e+02  -1.4105648e+03
   3.9637917e+02  -1.4100306e+03
   3.9640000e+02  -1.4091478e+03
   3.9642083e+02  -1.4107520e+03
   3.9644583e+02  -1.4110627e+03
   3.9646667e+02  -1.4099770e+03
   3.9649167e+02  -1.4101043e+03
   3.9651250e+02  -1.4116700e+03
   3.9653750e+02  -1.4122371e+03
   3.9655833e+02  -1.4108182e+03
   3.9658333e+02  -1.4102971e+03
   3.9660417e+02  -1.4113970e+03
   3.9662917e+02  -1.4118598e+03
   3.9665000e+02  -1.4111969e+03
   3.9667083e+02  -1.4126651e+03
   3.9669583e+02  -1.4128778e+03
   3.9671667e+02  -1.4118190e+03
   3.9674167e+02  -1.4119974e+03
   3.9676250e+02  -1.4134414e+03
   3.9678750e+02  -1.4136552e+03
   3.9680833e+02  -1.4122175e+03
   3.9683333e+02  -1.4121449e+03
   3.9685417e+02  -1.4135103e+03
   3.9687917e+02  -1.4138343e+03
   3.9690000e+02  -1.4130727e+03
   3.9692083e+02  -1.4145255e+03
   3.9694583e+02  -1.4147505e+03
   3.9696667e+02  -1.4137701e+03
   3.9699167e+02  -1.4139951e+03
   3.9702500e+02  -1.4139710e+03
   3.9704583e+02  -1.4143075e+03
   3.9707083e+02  -1.4129887e+03
   3.9709167e+02  -1.4104539e+03
   3.9711667e+02  -1.4085987e+03
   3.9713750e+02  -1.4085734e+03
   3.9716250e+02  -1.4071745e+03
   3.9718333e+02  -1.4049534e+03
   3.9720833e+02  -1.4039273e+03
   3.9722917e+02  -1.4045355e+03
   3.9725000e+02  -1.4030302e+03
   3.9727500e+02  -1.4022521e+03
   3.9729583e+02  -1.4025255e+03
   3.9732083e+02  -1.4013670e+03
   3.9734167e+02  -1.3991982e+03
   3.9736667e+02  -1.3982786e+03
   3.9738750e+02  -1.3992441e+03
   3.9741250e+02  -1.3995217e+03
   3.9743333e+02  -1.3984079e+03
   3.9745833e+02  -1.3984263e+03
   3.9747917e+02  -1.3996488e+03
   3.9750417e+02  -1.3999500e+03
   3.9752500e+02  -1.3992613e+03
   3.9754583e+02  -1.4005938e+03
   3.9757083e+02  -1.4004746e+03
   3.9759167e+02  -1.3993315e+03
   3.9761667e+02  -1.3996686e+03
   3.9763750e+02  -1.4014252e+03
   3.9766250e+02  -1.4022586e+03
   3.9768333e+02  -1.4013759e+03
   3.9770833e+02  -1.4016130e+03
   3.9772917e+02  -1.4030699e+03
   3.9775417e+02  -1.4033579e+03
   3.9777500e+02  -1.4022642e+03
   3.9779583e+02  -1.4032593e+03
   3.9782083e+02  -1.4031439e+03
   3.9784167e+02  -1.4019486e+03
   3.9786667e+02  -1.4018752e+03
   3.9788750e+02  -1.4032869e+03
   3.9791250e+02  -1.4039264e+03
   3.9793333e+02  -1.4030249e+03
   3.9795833e+02  -1.4033755e+03
   3.9797917e+02  -1.4049252e+03
   3.9801250e+02  -1.4053167e+03
   3.9803750e+02  -1.4047203e+03
   3.9805833e+02  -1.4022274e+03
   3.9808333e+02  -1.4002499e+03
   3.9810417e+02  -1.3995840e+03
   3.9812500e+02  -1.3967031e+03
   3.9815000e+02  -1.3947897e+03
   3.9817083e+02  -1.3946126e+03
   3.9819583e+02  -1.3934339e+03
   3.9821667e+02  -1.3914751e+03
   3.9824167e+02  -1.3908012e+03
   3.9826250e+02  -1.3913748e+03
   3.9828750e+02  -1.3900374e+03
   3.9830833e+02  -1.3874375e+03
   3.9833333e+02  -1.3858745e+03
   3.9835417e+02  -1.3861402e+03
   3.9837917e+02  -1.3857869e+03
   3.9840000e+02  -1.3849750e+03
   3.9842083e+02  -1.3868361e+03
   3.9844583e+02  -1.3878557e+03
   3.9846667e+02  -1.3873911e+03
   3.9849167e+02  -1.3879031e+03
   3.9851250e+02  -1.3894134e+03
   3.9853750e+02  -1.3896950e+03
   3.9855833e+02  -1.3881358e+03
   3.9858333e+02  -1.3875496e+03
   3.9860417e+02  -1.3884397e+03
   3.9862917e+02  -1.3885664e+03
   3.9865000e+02  -1.3880130e+03
   3.9867083e+02  -1.3899286e+03
   3.9869583e+02  -1.3907612e+03
   3.9871667e+02  -1.3901911e+03
   3.9874167e+02  -1.3907563e+03
   3.9876250e+02  -1.3922698e+03
   3.9878750e+02  -1.3924152e+03
   3.9880833e+02  -1.3909807e+03
   3.9883333e+02  -1.3906454e+03
   3.9885417e+02  -1.3915184e+03
   3.9887917e+02  -1.3914112e+03
   3.9890000e+02  -1.3905513e+03
   3.9892083e+02  -1.3920832e+03
   3.9894583e+02  -1.3925389e+03
   3.9896667e+02  -1.3917650e+03
   3.9899167e+02  -1.3921108e+03
   3.9902500e+02  -1.3924547e+03
   3.9904583e+02  -1.3942737e+03
   3.9907083e+02  -1.3955603e+03
   3.9909167e+02  -1.3956555e+03
   3.9911667e+02  -1.3975222e+03
   3.9913750e+02  -1.4005904e+03
   3.9916250e+02  -1.4023891e+03
   3.9918333e+02  -1.4023997e+03
   3.9920833e+02  -1.4032215e+03
   3.9922917e+02  -1.4044564e+03
   3.9925000e+02  -1.4033796e+03
   3.9927500e+02  -1.4037024e+03
   3.9929583e+02  -1.4048817e+03
   3.9932083e+02  -1.4048083e+03
   3.9934167e+02  -1.4035721e+03
   3.9936667e+02  -1.4032559e+03
   3.9938750e+02  -1.4043613e+03
   3.9941250e+02  -1.4047542e+03
   3.9943333e+02  -1.4036673e+03
   3.9945833e+02  -1.4036341e+03
   3.9947917e+02  -1.4048766e+03
   3.9950417e+02  -1.4052627e+03
   3.9952500e+02  -1.4045498e+03
   3.9954583e+02  -1.4058776e+03
   3.9957083e+02  -1.4056037e+03
   3.9959167e+02  -1.4040234e+03
   3.9961667e+02  -1.4038231e+03
   3.9963750e+02  -1.4053760e+03
   3.9966250e+02  -1.4061144e+03
   3.9968333e+02  -1.4052274e+03
   3.9970833e+02  -1.4057039e+03
   3.9972917e+02  -1.4074948e+03
   3.9975417e+02  -1.4081615e+03
   3.9977500e+02  -1.4072970e+03
   3.9979583e+02  -1.4083933e+03
   3.9982083e+02  -1.4082474e+03
   3.9984167e+02  -1.4069951e+03
   3.9986667e+02  -1.4068422e+03
   3.9988750e+02  -1.4080896e+03
   3.9991250e+02  -1.4084826e+03
   3.9993333e+02  -1.4074591e+03
   3.9995833e+02  -1.4076997e+03
   3.9997917e+02  -1.4090741e+03
   4.0001250e+02  -1.4092338e+03
   4.0003750e+02  -1.4092420e+03
   4.0005833e+02  -1.4080967e+03
   4.0008333e+02  -1.4083161e+03
   4.0010417e+02  -1.4098855e+03
   4.0012500e+02  -1.4092912e+03
   4.0015000e+02  -1.4096504e+03
   4.0017083e+02  -1.4109261e+03
   4.0019583e+02  -1.4111254e+03
   4.0021667e+02  -1.4098257e+03
   4.0024167e+02  -1.4093589e+03
   4.0026250e+02  -1.4104721e+03
   4.0028750e+02  -1.4104058e+03
   4.0030833e+02  -1.4091768e+03
   4.0033333e+02  -1.4091661e+03
   4.0035417e+02  -1.4100286e+03
   4.0037917e+02  -1.4094561e+03
   4.0040000e+02  -1.4081542e+03
   4.0042083e+02  -1.4092802e+03
   4.0044583e+02  -1.4089848e+03
   4.0046667e+02  -1.4074656e+03
   4.0049167e+02  -1.4073628e+03
   4.0051250e+02  -1.4089358e+03
   4.0053750e+02  -1.4097849e+03
   4.0055833e+02  -1.4088821e+03
   4.0058333e+02  -1.4087929e+03
   4.0060417e+02  -1.4098336e+03
   4.0062917e+02  -1.4099421e+03
   4.0065000e+02  -1.4089833e+03
   4.0067083e+02  -1.4101126e+03
   4.0069583e+02  -1.4099920e+03
   4.0071667e+02  -1.4089075e+03
   4.0074167e+02  -1.4092217e+03
   4.0076250e+02  -1.4109695e+03
   4.0078750e+02  -1.4118114e+03
   4.0080833e+02  -1.4108641e+03
   4.0083333e+02  -1.4109818e+03
   4.0085417e+02  -1.4122153e+03
   4.0087917e+02  -1.4121944e+03
   4.0090000e+02  -1.4109842e+03
   4.0092083e+02  -1.4120311e+03
   4.0094583e+02  -1.4120257e+03
   4.0096667e+02  -1.4109636e+03
   4.0099167e+02  -1.4112417e+03
   4.0102500e+02  -1.4117002e+03
   4.0104583e+02  -1.4120288e+03
   4.0107083e+02  -1.4104219e+03
   4.0109167e+02  -1.4075911e+03
   4.0111667e+02  -1.4051210e+03
   4.0113750e+02  -1.4040571e+03
   4.0116250e+02  -1.4011510e+03
   4.0118333e+02  -1.3978494e+03
   4.0120833e+02  -1.3960533e+03
   4.0122917e+02  -1.3964297e+03
   4.0125000e+02  -1.3947369e+03
   4.0127500e+02  -1.3937073e+03
   4.0129583e+02  -1.3941351e+03
   4.0132083e+02  -1.3936721e+03
   4.0134167e+02  -1.3919554e+03
   4.0136667e+02  -1.3908399e+03
   4.0138750e+02  -1.3913947e+03
   4.0141250e+02  -1.3913895e+03
   4.0143333e+02  -1.3902867e+03
   4.0145833e+02  -1.3903787e+03
   4.0147917e+02  -1.3915291e+03
   4.0150417e+02  -1.3915068e+03
   4.0152500e+02  -1.3906108e+03
   4.0154583e+02  -1.3920257e+03
   4.0157083e+02  -1.3919715e+03
   4.0159167e+02  -1.3905525e+03
   4.0161667e+02  -1.3903282e+03
   4.0163750e+02  -1.3916812e+03
   4.0166250e+02  -1.3922462e+03
   4.0168333e+02  -1.3913348e+03
   4.0170833e+02  -1.3916242e+03
   4.0172917e+02  -1.3930093e+03
   4.0175417e+02  -1.3933911e+03
   4.0177500e+02  -1.3926999e+03
   4.0179583e+02  -1.3941171e+03
   4.0182083e+02  -1.3942095e+03
   4.0184167e+02  -1.3929769e+03
   4.0186667e+02  -1.3926932e+03
   4.0188750e+02  -1.3937355e+03
   4.0191250e+02  -1.3939354e+03
   4.0193333e+02  -1.3928341e+03
   4.0195833e+02  -1.3929847e+03
   4.0197917e+02  -1.3944721e+03
   4.0201250e+02  -1.3953814e+03
   4.0203750e+02  -1.3959458e+03
   4.0205833e+02  -1.3950690e+03
   4.0208333e+02  -1.3953597e+03
   4.0210417e+02  -1.3965997e+03
   4.0212500e+02  -1.3954115e+03
   4.0215000e+02  -1.3950636e+03
   4.0217083e+02  -1.3956747e+03
   4.0219583e+02  -1.3950248e+03
   4.0221667e+02  -1.3933806e+03
   4.0224167e+02  -1.3929769e+03
   4.0226250e+02  -1.3941572e+03
   4.0228750e+02  -1.3941313e+03
   4.0230833e+02  -1.3929394e+03
   4.0233333e+02  -1.3928127e+03
   4.0235417e+02  -1.3935055e+03
   4.0237917e+02  -1.3927819e+03
   4.0240000e+02  -1.3912000e+03
   4.0242083e+02  -1.3920498e+03
   4.0244583e+02  -1.3917018e+03
   4.0246667e+02  -1.3901561e+03
   4.0249167e+02  -1.3898212e+03
   4.0251250e+02  -1.3911868e+03
   4.0253750e+02  -1.3918663e+03
   4.0255833e+02  -1.3907840e+03
   4.0258333e+02  -1.3906281e+03
   4.0260417e+02  -1.3917908e+03
   4.0262917e+02  -1.3920364e+03
   4.0265000e+02  -1.3912857e+03
   4.0267083e+02  -1.3928265e+03
   4.0269583e+02  -1.3932519e+03
   4.0271667e+02  -1.3924181e+03
   4.0274167e+02  -1.3927510e+03
   4.0276250e+02  -1.3943191e+03
   4.0278750e+02  -1.3948118e+03
   4.0280833e+02  -1.3936636e+03
   4.0283333e+02  -1.3936008e+03
   4.0285417e+02  -1.3946277e+03
   4.0287917e+02  -1.3945212e+03
   4.0290000e+02  -1.3935872e+03
   4.0292083e+02  -1.3950939e+03
   4.0294583e+02  -1.3954753e+03
   4.0296667e+02  -1.3945627e+03
   4.0299167e+02  -1.3949450e+03
   4.0302500e+02  -1.3956037e+03
   4.0304583e+02  -1.3972349e+03
   4.0307083e+02  -1.3979722e+03
   4.0309167e+02  -1.3973867e+03
   4.0311667e+02  -1.3981472e+03
   4.0313750e+02  -1.4003823e+03
   4.0316250e+02  -1.4014894e+03
   4.0318333e+02  -1.4010076e+03
   4.0320833e+02  -1.4015571e+03
   4.0322917e+02  -1.4029018e+03
   4.0325000e+02  -1.4019217e+03
   4.0327500e+02  -1.4022858e+03
   4.0329583e+02  -1.4036233e+03
   4.0332083e+02  -1.4034946e+03
   4.0334167e+02  -1.4018007e+03
   4.0336667e+02  -1.4009862e+03
   4.0338750e+02  -1.4018560e+03
   4.0341250e+02  -1.4018128e+03
   4.0343333e+02  -1.4002085e+03
   4.0345833e+02  -1.3995255e+03
   4.0347917e+02  -1.4003512e+03
   4.0350417e+02  -1.4005980e+03
   4.0352500e+02  -1.4000000e+03
   4.0354583e+02  -1.4014389e+03
   4.0357083e+02  -1.4013731e+03
   4.0359167e+02  -1.4001584e+03
   4.0361667e+02  -1.4002755e+03
   4.0363750e+02  -1.4018242e+03
   4.0366250e+02  -1.4024183e+03
   4.0368333e+02  -1.4013459e+03
   4.0370833e+02  -1.4014399e+03
   4.0372917e+02  -1.4028476e+03
   4.0375417e+02  -1.4032182e+03
   4.0377500e+02  -1.4024173e+03
   4.0379583e+02  -1.4038003e+03
   4.0382083e+02  -1.4039340e+03
   4.0384167e+02  -1.4027515e+03
   4.0386667e+02  -1.4027552e+03
   4.0388750e+02  -1.4041780e+03
   4.0391250e+02  -1.4046686e+03
   4.0393333e+02  -1.4036246e+03
   4.0395833e+02  -1.4037716e+03
   4.0397917e+02  -1.4051356e+03
   4.0401250e+02  -1.4055320e+03
   4.0403750e+02  -1.4052386e+03
   4.0405833e+02  -1.4030524e+03
   4.0408333e+02  -1.4013032e+03
   4.0410417e+02  -1.4007668e+03
   4.0412500e+02  -1.3979926e+03
   4.0415000e+02  -1.3963237e+03
   4.0417083e+02  -1.3964360e+03
   4.0419583e+02  -1.3955041e+03
   4.0421667e+02  -1.3936886e+03
   4.0424167e+02  -1.3931585e+03
   4.0426250e+02  -1.3941013e+03
   4.0428750e+02  -1.3935833e+03
   4.0430833e+02  -1.3916229e+03
   4.0433333e+02  -1.3903357e+03
   4.0435417e+02  -1.3904585e+03
   4.0437917e+02  -1.3899868e+03
   4.0440000e+02  -1.3891709e+03
   4.0442083e+02  -1.3907289e+03
   4.0444583e+02  -1.3908721e+03
   4.0446667e+02  -1.3896812e+03
   4.0449167e+02  -1.3898838e+03
   4.0451250e+02  -1.3916674e+03
   4.0453750e+02  -1.3924600e+03
   4.0455833e+02  -1.3911542e+03
   4.0458333e+02  -1.3907012e+03
   4.0460417e+02  -1.3917246e+03
   4.0462917e+02  -1.3920376e+03
   4.0465000e+02  -1.3912770e+03
   4.0467083e+02  -1.3926116e+03
   4.0469583e+02  -1.3926955e+03
   4.0471667e+02  -1.3916423e+03
   4.0474167e+02  -1.3919494e+03
   4.0476250e+02  -1.3935676e+03
   4.0478750e+02  -1.3940313e+03
   4.0480833e+02  -1.3927847e+03
   4.0483333e+02  -1.3927068e+03
   4.0485417e+02  -1.3939796e+03
   4.0487917e+02  -1.3941976e+03
   4.0490000e+02  -1.3932750e+03
   4.0492083e+02  -1.3946026e+03
   4.0494583e+02  -1.3947832e+03
   4.0496667e+02  -1.3937788e+03
   4.0499167e+02  -1.3939746e+03
   4.0502500e+02  -1.3941101e+03
   4.0504583e+02  -1.3952728e+03
   4.0507083e+02  -1.3954335e+03
   4.0509167e+02  -1.3943199e+03
   4.0511667e+02  -1.3942975e+03
   4.0513750e+02  -1.3959158e+03
   4.0516250e+02  -1.3965887e+03
   4.0518333e+02  -1.3959482e+03
   4.0520833e+02  -1.3962856e+03
   4.0522917e+02  -1.3974440e+03
   4.0525000e+02  -1.3963445e+03
   4.0527500e+02  -1.3965648e+03
   4.0529583e+02  -1.3977137e+03
   4.0532083e+02  -1.3971085e+03
   4.0534167e+02  -1.3949885e+03
   4.0536667e+02  -1.3939592e+03
   4.0538750e+02  -1.3949437e+03
   4.0541250e+02  -1.3952063e+03
   4.0543333e+02  -1.3937993e+03
   4.0545833e+02  -1.3934320e+03
   4.0547917e+02  -1.3946619e+03
   4.0550417e+02  -1.3953909e+03
   4.0552500e+02  -1.3950482e+03
   4.0554583e+02  -1.3965325e+03
   4.0557083e+02  -1.3963200e+03
   4.0559167e+02  -1.3949271e+03
   4.0561667e+02  -1.3950224e+03
   4.0563750e+02  -1.3965573e+03
   4.0566250e+02  -1.3969363e+03
   4.0568333e+02  -1.3957055e+03
   4.0570833e+02  -1.3957833e+03
   4.0572917e+02  -1.3972450e+03
