   3.5975625e+02  -1.4609390e+03
   3.5977500e+02  -1.4611801e+03
   3.5980000e+02  -1.4619642e+03
   3.5981875e+02  -1.4625797e+03
   3.5984375e+02  -1.4630342e+03
   3.5986875e+02  -1.4630991e+03
   3.5988750e+02  -1.4630145e+03
   3.5991250e+02  -1.4627116e+03
   3.5993750e+02  -1.4620205e+03
   3.5995625e+02  -1.4613988e+03
   3.5998125e+02  -1.4610165e+03
   3.6001250e+02  -1.4617335e+03
   3.6003750e+02  -1.4617628e+03
   3.6006250e+02  -1.4605117e+03
   3.6008125e+02  -1.4590324e+03
   3.6010625e+02  -1.4566225e+03
   3.6012500e+02  -1.4546412e+03
   3.6015000e+02  -1.4518498e+03
   3.6017500e+02  -1.4490495e+03
   3.6019375e+02  -1.4472256e+03
   3.6021875e+02  -1.4458602e+03
   3.6024375e+02  -1.4455138e+03
   3.6026250e+02  -1.4448597e+03
   3.6028750e+02  -1.4433388e+03
   3.6031250e+02  -1.4416180e+03
   3.6033125e+02  -1.4405682e+03
   3.6035625e+02  -1.4395849e+03
   3.6037500e+02  -1.4390369e+03
   3.6040000e+02  -1.4382566e+03
   3.6042500e+02  -1.4376875e+03
   3.6044375e+02  -1.4378382e+03
   3.6046875e+02  -1.4385808e+03
   3.6049375e+02  -1.4388458e+03
   3.6051250e+02  -1.4385066e+03
   3.6053750e+02  -1.4380666e+03
   3.6056250e+02  -1.4383434e+03
   3.6058125e+02  -1.4388111e+03
   3.6060625e+02  -1.4391077e+03
   3.6063125e+02  -1.4388417e+03
   3.6065000e+02  -1.4387153e+03
   3.6067500e+02  -1.4390917e+03
   3.6069375e+02  -1.4394818e+03
   3.6071875e+02  -1.4394050e+03
   3.6074375e+02  -1.4388357e+03
   3.6076250e+02  -1.4387180e+03
   3.6078750e+02  -1.4393483e+03
   3.6081250e+02  -1.4401940e+03
   3.6083125e+02  -1.4404823e+03
   3.6085625e+02  -1.4404463e+03
   3.6088125e+02  -1.4404644e+03
   3.6090000e+02  -1.4405945e+03
   3.6092500e+02  -1.4404994e+03
   3.6094375e+02  -1.4400097e+03
   3.6096875e+02  -1.4391560e+03
   3.6099375e+02  -1.4388372e+03
   3.6102500e+02  -1.4393020e+03
   3.6105000e+02  -1.4391544e+03
   3.6106875e+02  -1.4386835e+03
   3.6109375e+02  -1.4380661e+03
   3.6111875e+02  -1.4378207e+03
   3.6113750e+02  -1.4376134e+03
   3.6116250e+02  -1.4367405e+03
   3.6118750e+02  -1.4352931e+03
   3.6120625e+02  -1.4344579e+03
   3.6123125e+02  -1.4342642e+03
   3.6125625e+02  -1.4341242e+03
   3.6127500e+02  -1.4334723e+03
   3.6130000e+02  -1.4322236e+03
   3.6131875e+02  -1.4316133e+03
   3.6134375e+02  -1.4315329e+03
   3.6136875e+02  -1.4315943e+03
   3.6138750e+02  -1.4311432e+03
   3.6141250e+02  -1.4299359e+03
   3.6143750e+02  -1.4291546e+03
   3.6145625e+02  -1.4291490e+03
   3.6148125e+02  -1.4289796e+03
   3.6150000e+02  -1.4281967e+03
   3.6152500e+02  -1.4269087e+03
   3.6155000e+02  -1.4267102e+03
   3.6156875e+02  -1.4274018e+03
   3.6159375e+02  -1.4284007e+03
   3.6161875e+02  -1.4286272e+03
   3.6163750e+02  -1.4284780e+03
   3.6166250e+02  -1.4286199e+03
   3.6168750e+02  -1.4290626e+03
   3.6170625e+02  -1.4289336e+03
   3.6173125e+02  -1.4278805e+03
   3.6175625e+02  -1.4268007e+03
   3.6177500e+02  -1.4266738e+03
   3.6180000e+02  -1.4273282e+03
   3.6181875e+02  -1.4279537e+03
   3.6184375e+02  -1.4286110e+03
   3.6186875e+02  -1.4291958e+03
   3.6188750e+02  -1.4297490e+03
   3.6191250e+02  -1.4304578e+03
   3.6193750e+02  -1.4304625e+03
   3.6195625e+02  -1.4298602e+03
   3.6198125e+02  -1.4287882e+03
   3.6201250e+02  -1.4280897e+03
   3.6203750e+02  -1.4274381e+03
   3.6206250e+02  -1.4262309e+03
   3.6208125e+02  -1.4252124e+03
   3.6210625e+02  -1.4241751e+03
   3.6212500e+02  -1.4236620e+03
   3.6215000e+02  -1.4229920e+03
   3.6217500e+02  -1.4219241e+03
   3.6219375e+02  -1.4209173e+03
   3.6221875e+02  -1.4199348e+03
   3.6224375e+02  -1.4193760e+03
   3.6226250e+02  -1.4186310e+03
   3.6228750e+02  -1.4171848e+03
   3.6231250e+02  -1.4158707e+03
   3.6233125e+02  -1.4153989e+03
   3.6235625e+02  -1.4154306e+03
   3.6237500e+02  -1.4156829e+03
   3.6240000e+02  -1.4158369e+03
   3.6242500e+02  -1.4158636e+03
   3.6244375e+02  -1.4160175e+03
   3.6246875e+02  -1.4162132e+03
   3.6249375e+02  -1.4158547e+03
   3.6251250e+02  -1.4152051e+03
   3.6253750e+02  -1.4144957e+03
   3.6256250e+02  -1.4145266e+03
   3.6258125e+02  -1.4149163e+03
   3.6260625e+02  -1.4154535e+03
   3.6263125e+02  -1.4158560e+03
   3.6265000e+02  -1.4162512e+03
   3.6267500e+02  -1.4169299e+03
   3.6269375e+02  -1.4173075e+03
   3.6271875e+02  -1.4173777e+03
   3.6274375e+02  -1.4171820e+03
   3.6276250e+02  -1.4171791e+03
   3.6278750e+02  -1.4173973e+03
   3.6281250e+02  -1.4176024e+03
   3.6283125e+02  -1.4176796e+03
   3.6285625e+02  -1.4177692e+03
   3.6288125e+02  -1.4178367e+03
   3.6290000e+02  -1.4177891e+03
   3.6292500e+02  -1.4174662e+03
   3.6294375e+02  -1.4171073e+03
   3.6296875e+02  -1.4167926e+03
   3.6299375e+02  -1.4168782e+03
   3.6302500e+02  -1.4171287e+03
   3.6305000e+02  -1.4171221e+03
   3.6306875e+02  -1.4172126e+03
   3.6309375e+02  -1.4175399e+03
   3.6311875e+02  -1.4176466e+03
   3.6313750e+02  -1.4172959e+03
   3.6316250e+02  -1.4163972e+03
   3.6318750e+02  -1.4156526e+03
   3.6320625e+02  -1.4154823e+03
   3.6323125e+02  -1.4155985e+03
   3.6325625e+02  -1.4155502e+03
   3.6327500e+02  -1.4154358e+03
   3.6330000e+02  -1.4156983e+03
   3.6331875e+02  -1.4162098e+03
   3.6334375e+02  -1.4167852e+03
   3.6336875e+02  -1.4167149e+03
   3.6338750e+02  -1.4162364e+03
   3.6341250e+02  -1.4154815e+03
   3.6343750e+02  -1.4150657e+03
   3.6345625e+02  -1.4149337e+03
   3.6348125e+02  -1.4144960e+03
   3.6350000e+02  -1.4139468e+03
   3.6352500e+02  -1.4134271e+03
   3.6355000e+02  -1.4135148e+03
   3.6356875e+02  -1.4138184e+03
   3.6359375e+02  -1.4140078e+03
   3.6361875e+02  -1.4138185e+03
   3.6363750e+02  -1.4136936e+03
   3.6366250e+02  -1.4139547e+03
   3.6368750e+02  -1.4144296e+03
   3.6370625e+02  -1.4145558e+03
   3.6373125e+02  -1.4144924e+03
   3.6375625e+02  -1.4145687e+03
   3.6377500e+02  -1.4148695e+03
   3.6380000e+02  -1.4152582e+03
   3.6381875e+02  -1.4153045e+03
   3.6384375e+02  -1.4150368e+03
   3.6386875e+02  -1.4147103e+03
   3.6388750e+02  -1.4146398e+03
   3.6391250e+02  -1.4145982e+03
   3.6393750e+02  -1.4143945e+03
   3.6395625e+02  -1.4142383e+03
   3.6398125e+02  -1.4143432e+03
   3.6401250e+02  -1.4149809e+03
   3.6403750e+02  -1.4153238e+03
   3.6406250e+02  -1.4153757e+03
   3.6408125e+02  -1.4154093e+03
   3.6410625e+02  -1.4156933e+03
   3.6412500e+02  -1.4159553e+03
   3.6415000e+02  -1.4160144e+03
   3.6417500e+02  -1.4156364e+03
   3.6419375e+02  -1.4154280e+03
   3.6421875e+02  -1.4156091e+03
   3.6424375e+02  -1.4159716e+03
   3.6426250e+02  -1.4160126e+03
   3.6428750e+02  -1.4158752e+03
   3.6431250e+02  -1.4156987e+03
   3.6433125e+02  -1.4155098e+03
   3.6435625e+02  -1.4151225e+03
   3.6437500e+02  -1.4145525e+03
   3.6440000e+02  -1.4133280e+03
   3.6442500e+02  -1.4121752e+03
   3.6444375e+02  -1.4117277e+03
   3.6446875e+02  -1.4115775e+03
   3.6449375e+02  -1.4114362e+03
   3.6451250e+02  -1.4113402e+03
   3.6453750e+02  -1.4113953e+03
   3.6456250e+02  -1.4117979e+03
   3.6458125e+02  -1.4121707e+03
   3.6460625e+02  -1.4122757e+03
   3.6463125e+02  -1.4118541e+03
   3.6465000e+02  -1.4114560e+03
   3.6467500e+02  -1.4110556e+03
   3.6469375e+02  -1.4107688e+03
   3.6471875e+02  -1.4103827e+03
   3.6474375e+02  -1.4101784e+03
   3.6476250e+02  -1.4103003e+03
   3.6478750e+02  -1.4108673e+03
   3.6481250e+02  -1.4115967e+03
   3.6483125e+02  -1.4120344e+03
   3.6485625e+02  -1.4123959e+03
   3.6488125e+02  -1.4125892e+03
   3.6490000e+02  -1.4126432e+03
   3.6492500e+02  -1.4125701e+03
   3.6494375e+02  -1.4124278e+03
   3.6496875e+02  -1.4121642e+03
   3.6499375e+02  -1.4121137e+03
   3.6502500e+02  -1.4123053e+03
   3.6505000e+02  -1.4114298e+03
   3.6506875e+02  -1.4101762e+03
   3.6509375e+02  -1.4081366e+03
   3.6511875e+02  -1.4060366e+03
   3.6513750e+02  -1.4044137e+03
   3.6516250e+02  -1.4021474e+03
   3.6518750e+02  -1.4001199e+03
   3.6520625e+02  -1.3991014e+03
   3.6523125e+02  -1.3984995e+03
   3.6525625e+02  -1.3977929e+03
   3.6527500e+02  -1.3969020e+03
   3.6530000e+02  -1.3954714e+03
   3.6531875e+02  -1.3944995e+03
   3.6534375e+02  -1.3936553e+03
   3.6536875e+02  -1.3933189e+03
   3.6538750e+02  -1.3932187e+03
   3.6541250e+02  -1.3932625e+03
   3.6543750e+02  -1.3937141e+03
   3.6545625e+02  -1.3942882e+03
   3.6548125e+02  -1.3950215e+03
   3.6550000e+02  -1.3953183e+03
   3.6552500e+02  -1.3954274e+03
   3.6555000e+02  -1.3955127e+03
   3.6556875e+02  -1.3956788e+03
   3.6559375e+02  -1.3958700e+03
   3.6561875e+02  -1.3958182e+03
   3.6563750e+02  -1.3957644e+03
   3.6566250e+02  -1.3958682e+03
   3.6568750e+02  -1.3960073e+03
   3.6570625e+02  -1.3960773e+03
   3.6573125e+02  -1.3961633e+03
   3.6575625e+02  -1.3963308e+03
   3.6577500e+02  -1.3965151e+03
   3.6580000e+02  -1.3967464e+03
   3.6581875e+02  -1.3967775e+03
   3.6584375e+02  -1.3964730e+03
   3.6586875e+02  -1.3958623e+03
   3.6588750e+02  -1.3952957e+03
   3.6591250e+02  -1.3944465e+03
   3.6593750e+02  -1.3936226e+03
   3.6595625e+02  -1.3932513e+03
   3.6598125e+02  -1.3932825e+03
   3.6601250e+02  -1.3942216e+03
   3.6603750e+02  -1.3945272e+03
   3.6606250e+02  -1.3937326e+03
   3.6608125e+02  -1.3926216e+03
   3.6610625e+02  -1.3907726e+03
   3.6612500e+02  -1.3891997e+03
   3.6615000e+02  -1.3868778e+03
   3.6617500e+02  -1.3845813e+03
   3.6619375e+02  -1.3831758e+03
   3.6621875e+02  -1.3819902e+03
   3.6624375e+02  -1.3815019e+03
   3.6626250e+02  -1.3809913e+03
   3.6628750e+02  -1.3799514e+03
   3.6631250e+02  -1.3785268e+03
   3.6633125e+02  -1.3774807e+03
   3.6635625e+02  -1.3765156e+03
   3.6637500e+02  -1.3761371e+03
   3.6640000e+02  -1.3758495e+03
   3.6642500e+02  -1.3757322e+03
   3.6644375e+02  -1.3757920e+03
   3.6646875e+02  -1.3761405e+03
   3.6649375e+02  -1.3766514e+03
   3.6651250e+02  -1.3768878e+03
   3.6653750e+02  -1.3768790e+03
   3.6656250e+02  -1.3769158e+03
   3.6658125e+02  -1.3771976e+03
   3.6660625e+02  -1.3777445e+03
   3.6663125e+02  -1.3783015e+03
   3.6665000e+02  -1.3786687e+03
   3.6667500e+02  -1.3789167e+03
   3.6669375e+02  -1.3789803e+03
   3.6671875e+02  -1.3791485e+03
   3.6674375e+02  -1.3793484e+03
   3.6676250e+02  -1.3793739e+03
   3.6678750e+02  -1.3792598e+03
   3.6681250e+02  -1.3790707e+03
   3.6683125e+02  -1.3788621e+03
   3.6685625e+02  -1.3786369e+03
   3.6688125e+02  -1.3784734e+03
   3.6690000e+02  -1.3781154e+03
   3.6692500e+02  -1.3772456e+03
   3.6694375e+02  -1.3766278e+03
   3.6696875e+02  -1.3763302e+03
   3.6699375e+02  -1.3765505e+03
   3.6702500e+02  -1.3769096e+03
   3.6705000e+02  -1.3764982e+03
   3.6706875e+02  -1.3760033e+03
   3.6709375e+02  -1.3753539e+03
   3.6711875e+02  -1.3743370e+03
   3.6713750e+02  -1.3730731e+03
   3.6716250e+02  -1.3710382e+03
   3.6718750e+02  -1.3695276e+03
   3.6720625e+02  -1.3689704e+03
   3.6723125e+02  -1.3688077e+03
   3.6725625e+02  -1.3687602e+03
   3.6727500e+02  -1.3686193e+03
   3.6730000e+02  -1.3684690e+03
   3.6731875e+02  -1.3684858e+03
   3.6734375e+02  -1.3684715e+03
   3.6736875e+02  -1.3680643e+03
   3.6738750e+02  -1.3675111e+03
   3.6741250e+02  -1.3667091e+03
   3.6743750e+02  -1.3661150e+03
   3.6745625e+02  -1.3658626e+03
   3.6748125e+02  -1.3657747e+03
   3.6750000e+02  -1.3658597e+03
   3.6752500e+02  -1.3662140e+03
   3.6755000e+02  -1.3670527e+03
   3.6756875e+02  -1.3678739e+03
   3.6759375e+02  -1.3687438e+03
   3.6761875e+02  -1.3691466e+03
   3.6763750e+02  -1.3693665e+03
   3.6766250e+02  -1.3696561e+03
   3.6768750e+02  -1.3697072e+03
   3.6770625e+02  -1.3695632e+03
   3.6773125e+02  -1.3694347e+03
   3.6775625e+02  -1.3696339e+03
   3.6777500e+02  -1.3699918e+03
   3.6780000e+02  -1.3705618e+03
   3.6781875e+02  -1.3708274e+03
   3.6784375e+02  -1.3709386e+03
   3.6786875e+02  -1.3710796e+03
   3.6788750e+02  -1.3711497e+03
   3.6791250e+02  -1.3708537e+03
   3.6793750e+02  -1.3701052e+03
   3.6795625e+02  -1.3696069e+03
   3.6798125e+02  -1.3692864e+03
   3.6801250e+02  -1.3691421e+03
   3.6803750e+02  -1.3691932e+03
   3.6806250e+02  -1.3693870e+03
   3.6808125e+02  -1.3698030e+03
   3.6810625e+02  -1.3708784e+03
   3.6812500e+02  -1.3717160e+03
   3.6815000e+02  -1.3723195e+03
   3.6817500e+02  -1.3724962e+03
   3.6819375e+02  -1.3726407e+03
   3.6821875e+02  -1.3728483e+03
   3.6824375e+02  -1.3727838e+03
   3.6826250e+02  -1.3725443e+03
   3.6828750e+02  -1.3720886e+03
   3.6831250e+02  -1.3720396e+03
   3.6833125e+02  -1.3724535e+03
   3.6835625e+02  -1.3730648e+03
   3.6837500e+02  -1.3733096e+03
   3.6840000e+02  -1.3735122e+03
   3.6842500e+02  -1.3738230e+03
   3.6844375e+02  -1.3740463e+03
   3.6846875e+02  -1.3740231e+03
   3.6849375e+02  -1.3733597e+03
   3.6851250e+02  -1.3725905e+03
   3.6853750e+02  -1.3719013e+03
   3.6856250e+02  -1.3718224e+03
   3.6858125e+02  -1.3718059e+03
   3.6860625e+02  -1.3716333e+03
   3.6863125e+02  -1.3718581e+03
   3.6865000e+02  -1.3724475e+03
   3.6867500e+02  -1.3732779e+03
   3.6869375e+02  -1.3735597e+03
   3.6871875e+02  -1.3734276e+03
   3.6874375e+02  -1.3731876e+03
   3.6876250e+02  -1.3731383e+03
   3.6878750e+02  -1.3731118e+03
   3.6881250e+02  -1.3728606e+03
   3.6883125e+02  -1.3726861e+03
   3.6885625e+02  -1.3729378e+03
   3.6888125e+02  -1.3737378e+03
   3.6890000e+02  -1.3742949e+03
   3.6892500e+02  -1.3745827e+03
   3.6894375e+02  -1.3745149e+03
   3.6896875e+02  -1.3744160e+03
   3.6899375e+02  -1.3743629e+03
   3.6902500e+02  -1.3741375e+03
   3.6905000e+02  -1.3741137e+03
   3.6906875e+02  -1.3743897e+03
   3.6909375e+02  -1.3753549e+03
   3.6911875e+02  -1.3767429e+03
   3.6913750e+02  -1.3775883e+03
   3.6916250e+02  -1.3780590e+03
   3.6918750e+02  -1.3781752e+03
   3.6920625e+02  -1.3783523e+03
   3.6923125e+02  -1.3785547e+03
   3.6925625e+02  -1.3784884e+03
   3.6927500e+02  -1.3783774e+03
   3.6930000e+02  -1.3787357e+03
   3.6931875e+02  -1.3795693e+03
   3.6934375e+02  -1.3808807e+03
   3.6936875e+02  -1.3815276e+03
   3.6938750e+02  -1.3813815e+03
   3.6941250e+02  -1.3808434e+03
   3.6943750e+02  -1.3804764e+03
   3.6945625e+02  -1.3801666e+03
   3.6948125e+02  -1.3791483e+03
   3.6950000e+02  -1.3780968e+03
   3.6952500e+02  -1.3771281e+03
   3.6955000e+02  -1.3770120e+03
   3.6956875e+02  -1.3771859e+03
   3.6959375e+02  -1.3772529e+03
   3.6961875e+02  -1.3771398e+03
   3.6963750e+02  -1.3772041e+03
   3.6966250e+02  -1.3776896e+03
   3.6968750e+02  -1.3780587e+03
   3.6970625e+02  -1.3778800e+03
   3.6973125e+02  -1.3773366e+03
   3.6975625e+02  -1.3771003e+03
   3.6977500e+02  -1.3771277e+03
   3.6980000e+02  -1.3770768e+03
   3.6981875e+02  -1.3768705e+03
   3.6984375e+02  -1.3766190e+03
   3.6986875e+02  -1.3767471e+03
   3.6988750e+02  -1.3771695e+03
   3.6991250e+02  -1.3778089e+03
   3.6993750e+02  -1.3781693e+03
   3.6995625e+02  -1.3783058e+03
   3.6998125e+02  -1.3785602e+03
   3.7001250e+02  -1.3787663e+03
   3.7003750e+02  -1.3778834e+03
   3.7006250e+02  -1.3761048e+03
   3.7008125e+02  -1.3746819e+03
   3.7010625e+02  -1.3729232e+03
   3.7012500e+02  -1.3716870e+03
   3.7015000e+02  -1.3700768e+03
   3.7017500e+02  -1.3686552e+03
   3.7019375e+02  -1.3681131e+03
   3.7021875e+02  -1.3683786e+03
   3.7024375e+02  -1.3690873e+03
   3.7026250e+02  -1.3690521e+03
   3.7028750e+02  -1.3686252e+03
   3.7031250e+02  -1.3685211e+03
   3.7033125e+02  -1.3685734e+03
   3.7035625e+02  -1.3684021e+03
   3.7037500e+02  -1.3679020e+03
   3.7040000e+02  -1.3670288e+03
   3.7042500e+02  -1.3666524e+03
   3.7044375e+02  -1.3668337e+03
   3.7046875e+02  -1.3669902e+03
   3.7049375e+02  -1.3665296e+03
   3.7051250e+02  -1.3661563e+03
   3.7053750e+02  -1.3660357e+03
   3.7056250e+02  -1.3661945e+03
   3.7058125e+02  -1.3662588e+03
   3.7060625e+02  -1.3661682e+03
   3.7063125e+02  -1.3660781e+03
   3.7065000e+02  -1.3662518e+03
   3.7067500e+02  -1.3667217e+03
   3.7069375e+02  -1.3668653e+03
   3.7071875e+02  -1.3666595e+03
   3.7074375e+02  -1.3663840e+03
   3.7076250e+02  -1.3661889e+03
   3.7078750e+02  -1.3658756e+03
   3.7081250e+02  -1.3654921e+03
   3.7083125e+02  -1.3652377e+03
   3.7085625e+02  -1.3650704e+03
   3.7088125e+02  -1.3652571e+03
   3.7090000e+02  -1.3655668e+03
   3.7092500e+02  -1.3659131e+03
   3.7094375e+02  -1.3661083e+03
   3.7096875e+02  -1.3663561e+03
   3.7099375e+02  -1.3663662e+03
   3.7102500e+02  -1.3656747e+03
   3.7105000e+02  -1.3648492e+03
   3.7106875e+02  -1.3642851e+03
   3.7109375e+02  -1.3635413e+03
   3.7111875e+02  -1.3627185e+03
   3.7113750e+02  -1.3621853e+03
   3.7116250e+02  -1.3618755e+03
   3.7118750e+02  -1.3622874e+03
   3.7120625e+02  -1.3629700e+03
   3.7123125e+02  -1.3639448e+03
   3.7125625e+02  -1.3646466e+03
   3.7127500e+02  -1.3650867e+03
   3.7130000e+02  -1.3656959e+03
   3.7131875e+02  -1.3659204e+03
   3.7134375e+02  -1.3658167e+03
   3.7136875e+02  -1.3656326e+03
   3.7138750e+02  -1.3656513e+03
   3.7141250e+02  -1.3661127e+03
   3.7143750e+02  -1.3671031e+03
   3.7145625e+02  -1.3681022e+03
   3.7148125e+02  -1.3694337e+03
   3.7150000e+02  -1.3703179e+03
   3.7152500e+02  -1.3712236e+03
   3.7155000e+02  -1.3713838e+03
   3.7156875e+02  -1.3708972e+03
   3.7159375e+02  -1.3696935e+03
   3.7161875e+02  -1.3682887e+03
   3.7163750e+02  -1.3674373e+03
   3.7166250e+02  -1.3670068e+03
   3.7168750e+02  -1.3673023e+03
   3.7170625e+02  -1.3677938e+03
   3.7173125e+02  -1.3687089e+03
   3.7175625e+02  -1.3695992e+03
   3.7177500e+02  -1.3699158e+03
   3.7180000e+02  -1.3695876e+03
   3.7181875e+02  -1.3688998e+03
   3.7184375e+02  -1.3678395e+03
   3.7186875e+02  -1.3670558e+03
   3.7188750e+02  -1.3668460e+03
   3.7191250e+02  -1.3669258e+03
   3.7193750e+02  -1.3674666e+03
   3.7195625e+02  -1.3682667e+03
   3.7198125e+02  -1.3695188e+03
   3.7201250e+02  -1.3701423e+03
   3.7203750e+02  -1.3680355e+03
   3.7206250e+02  -1.3638425e+03
   3.7208125e+02  -1.3602669e+03
   3.7210625e+02  -1.3554149e+03
   3.7212500e+02  -1.3520647e+03
   3.7215000e+02  -1.3484110e+03
   3.7217500e+02  -1.3458505e+03
   3.7219375e+02  -1.3448878e+03
   3.7221875e+02  -1.3449395e+03
   3.7224375e+02  -1.3451482e+03
   3.7226250e+02  -1.3439769e+03
   3.7228750e+02  -1.3414339e+03
   3.7231250e+02  -1.3386881e+03
   3.7233125e+02  -1.3367206e+03
   3.7235625e+02  -1.3345930e+03
   3.7237500e+02  -1.3335683e+03
   3.7240000e+02  -1.3329760e+03
   3.7242500e+02  -1.3336546e+03
   3.7244375e+02  -1.3349684e+03
   3.7246875e+02  -1.3364645e+03
   3.7249375e+02  -1.3364211e+03
   3.7251250e+02  -1.3355511e+03
   3.7253750e+02  -1.3339802e+03
   3.7256250e+02  -1.3324782e+03
   3.7258125e+02  -1.3316954e+03
   3.7260625e+02  -1.3311615e+03
   3.7263125e+02  -1.3311530e+03
   3.7265000e+02  -1.3317407e+03
   3.7267500e+02  -1.3335236e+03
   3.7269375e+02  -1.3350375e+03
   3.7271875e+02  -1.3362678e+03
   3.7274375e+02  -1.3365499e+03
   3.7276250e+02  -1.3364090e+03
   3.7278750e+02  -1.3359756e+03
   3.7281250e+02  -1.3353613e+03
   3.7283125e+02  -1.3349056e+03
   3.7285625e+02  -1.3345518e+03
   3.7288125e+02  -1.3349231e+03
   3.7290000e+02  -1.3357493e+03
   3.7292500e+02  -1.3370712e+03
   3.7294375e+02  -1.3378469e+03
   3.7296875e+02  -1.3384386e+03
   3.7299375e+02  -1.3386658e+03
   3.7302500e+02  -1.3380325e+03
   3.7305000e+02  -1.3359485e+03
   3.7306875e+02  -1.3338554e+03
   3.7309375e+02  -1.3307903e+03
   3.7311875e+02  -1.3278696e+03
   3.7313750e+02  -1.3261726e+03
   3.7316250e+02  -1.3243958e+03
   3.7318750e+02  -1.3230189e+03
   3.7320625e+02  -1.3225581e+03
   3.7323125e+02  -1.3228434e+03
   3.7325625e+02  -1.3227707e+03
   3.7327500e+02  -1.3220056e+03
   3.7330000e+02  -1.3204589e+03
   3.7331875e+02  -1.3191704e+03
   3.7334375e+02  -1.3176578e+03
   3.7336875e+02  -1.3166529e+03
   3.7338750e+02  -1.3160456e+03
   3.7341250e+02  -1.3153521e+03
   3.7343750e+02  -1.3154433e+03
   3.7345625e+02  -1.3160594e+03
   3.7348125e+02  -1.3168451e+03
   3.7350000e+02  -1.3170014e+03
   3.7352500e+02  -1.3168478e+03
   3.7355000e+02  -1.3166333e+03
   3.7356875e+02  -1.3165313e+03
   3.7359375e+02  -1.3165400e+03
   3.7361875e+02  -1.3166139e+03
   3.7363750e+02  -1.3166865e+03
   3.7366250e+02  -1.3170899e+03
   3.7368750e+02  -1.3180165e+03
   3.7370625e+02  -1.3187447e+03
   3.7373125e+02  -1.3193151e+03
   3.7375625e+02  -1.3193212e+03
   3.7377500e+02  -1.3191503e+03
   3.7380000e+02  -1.3189289e+03
   3.7381875e+02  -1.3188717e+03
   3.7384375e+02  -1.3189403e+03
   3.7386875e+02  -1.3191520e+03
   3.7388750e+02  -1.3195305e+03
   3.7391250e+02  -1.3203732e+03
   3.7393750e+02  -1.3212599e+03
   3.7395625e+02  -1.3216758e+03
   3.7398125e+02  -1.3217843e+03
   3.7401250e+02  -1.3212105e+03
   3.7403750e+02  -1.3210602e+03
   3.7406250e+02  -1.3217717e+03
   3.7408125e+02  -1.3227726e+03
   3.7410625e+02  -1.3246756e+03
   3.7412500e+02  -1.3265554e+03
   3.7415000e+02  -1.3293851e+03
   3.7417500e+02  -1.3319788e+03
   3.7419375e+02  -1.3335769e+03
   3.7421875e+02  -1.3350983e+03
   3.7424375e+02  -1.3357308e+03
   3.7426250e+02  -1.3359280e+03
   3.7428750e+02  -1.3359920e+03
   3.7431250e+02  -1.3360185e+03
   3.7433125e+02  -1.3360841e+03
   3.7435625e+02  -1.3362846e+03
   3.7437500e+02  -1.3364394e+03
   3.7440000e+02  -1.3364991e+03
   3.7442500e+02  -1.3365576e+03
   3.7444375e+02  -1.3367929e+03
   3.7446875e+02  -1.3371436e+03
   3.7449375e+02  -1.3370839e+03
   3.7451250e+02  -1.3368316e+03
   3.7453750e+02  -1.3365951e+03
   3.7456250e+02  -1.3364988e+03
   3.7458125e+02  -1.3364135e+03
   3.7460625e+02  -1.3362338e+03
   3.7463125e+02  -1.3360379e+03
   3.7465000e+02  -1.3360102e+03
   3.7467500e+02  -1.3363005e+03
   3.7469375e+02  -1.3366290e+03
   3.7471875e+02  -1.3367563e+03
   3.7474375e+02  -1.3366188e+03
   3.7476250e+02  -1.3366106e+03
   3.7478750e+02  -1.3367409e+03
   3.7481250e+02  -1.3367756e+03
   3.7483125e+02  -1.3367641e+03
   3.7485625e+02  -1.3368402e+03
   3.7488125e+02  -1.3371808e+03
   3.7490000e+02  -1.3376788e+03
   3.7492500e+02  -1.3383702e+03
   3.7494375e+02  -1.3385798e+03
   3.7496875e+02  -1.3384822e+03
   3.7499375e+02  -1.3384408e+03
   3.7502500e+02  -1.3386865e+03
   3.7505000e+02  -1.3397774e+03
   3.7506875e+02  -1.3411553e+03
   3.7509375e+02  -1.3437620e+03
   3.7511875e+02  -1.3470913e+03
   3.7513750e+02  -1.3496059e+03
   3.7516250e+02  -1.3522217e+03
   3.7518750e+02  -1.3539066e+03
   3.7520625e+02  -1.3549234e+03
   3.7523125e+02  -1.3559307e+03
   3.7525625e+02  -1.3565999e+03
   3.7527500e+02  -1.3570575e+03
   3.7530000e+02  -1.3580306e+03
   3.7531875e+02  -1.3590138e+03
   3.7534375e+02  -1.3601686e+03
   3.7536875e+02  -1.3605580e+03
   3.7538750e+02  -1.3601684e+03
   3.7541250e+02  -1.3591226e+03
   3.7543750e+02  -1.3581425e+03
   3.7545625e+02  -1.3576068e+03
   3.7548125e+02  -1.3566540e+03
   3.7550000e+02  -1.3558383e+03
   3.7552500e+02  -1.3553323e+03
   3.7555000e+02  -1.3555778e+03
   3.7556875e+02  -1.3558002e+03
   3.7559375e+02  -1.3558150e+03
   3.7561875e+02  -1.3557198e+03
   3.7563750e+02  -1.3556799e+03
   3.7566250e+02  -1.3559158e+03
   3.7568750e+02  -1.3563561e+03
   3.7570625e+02  -1.3563841e+03
   3.7573125e+02  -1.3560411e+03
   3.7575625e+02  -1.3560394e+03
   3.7577500e+02  -1.3562792e+03
   3.7580000e+02  -1.3562453e+03
   3.7581875e+02  -1.3559067e+03
   3.7584375e+02  -1.3555559e+03
   3.7586875e+02  -1.3556254e+03
   3.7588750e+02  -1.3559961e+03
   3.7591250e+02  -1.3567212e+03
   3.7593750e+02  -1.3571420e+03
   3.7595625e+02  -1.3572000e+03
   3.7598125e+02  -1.3574833e+03
   3.7601250e+02  -1.3579210e+03
   3.7603750e+02  -1.3584840e+03
   3.7606250e+02  -1.3598137e+03
   3.7608125e+02  -1.3614167e+03
   3.7610625e+02  -1.3643098e+03
   3.7612500e+02  -1.3667144e+03
   3.7615000e+02  -1.3695570e+03
   3.7617500e+02  -1.3716530e+03
   3.7619375e+02  -1.3730534e+03
   3.7621875e+02  -1.3749129e+03
   3.7624375e+02  -1.3764221e+03
   3.7626250e+02  -1.3776456e+03
   3.7628750e+02  -1.3794217e+03
   3.7631250e+02  -1.3813499e+03
   3.7633125e+02  -1.3826450e+03
   3.7635625e+02  -1.3836194e+03
   3.7637500e+02  -1.3835229e+03
   3.7640000e+02  -1.3825320e+03
   3.7642500e+02  -1.3814008e+03
   3.7644375e+02  -1.3808982e+03
   3.7646875e+02  -1.3807009e+03
   3.7649375e+02  -1.3808161e+03
   3.7651250e+02  -1.3812046e+03
   3.7653750e+02  -1.3821767e+03
   3.7656250e+02  -1.3830677e+03
   3.7658125e+02  -1.3832832e+03
   3.7660625e+02  -1.3828451e+03
   3.7663125e+02  -1.3818799e+03
   3.7665000e+02  -1.3811992e+03
   3.7667500e+02  -1.3807982e+03
   3.7669375e+02  -1.3808702e+03
   3.7671875e+02  -1.3812625e+03
   3.7674375e+02  -1.3822242e+03
   3.7676250e+02  -1.3832933e+03
   3.7678750e+02  -1.3844745e+03
   3.7681250e+02  -1.3847864e+03
   3.7683125e+02  -1.3845680e+03
   3.7685625e+02  -1.3839972e+03
   3.7688125e+02  -1.3833286e+03
   3.7690000e+02  -1.3829219e+03
   3.7692500e+02  -1.3826150e+03
   3.7694375e+02  -1.3826774e+03
   3.7696875e+02  -1.3834046e+03
   3.7699375e+02  -1.3846806e+03
   3.7702500e+02  -1.3859637e+03
   3.7705000e+02  -1.3873625e+03
   3.7706875e+02  -1.3887028e+03
   3.7709375e+02  -1.3905689e+03
   3.7711875e+02  -1.3923090e+03
   3.7713750e+02  -1.3934724e+03
   3.7716250e+02  -1.3949520e+03
   3.7718750e+02  -1.3966557e+03
   3.7720625e+02  -1.3980162e+03
   3.7723125e+02  -1.3993486e+03
   3.7725625e+02  -1.4004434e+03
   3.7727500e+02  -1.4012850e+03
   3.7730000e+02  -1.4022952e+03
   3.7731875e+02  -1.4028316e+03
   3.7734375e+02  -1.4031105e+03
   3.7736875e+02  -1.4028100e+03
   3.7738750e+02  -1.4023132e+03
   3.7741250e+02  -1.4019209e+03
   3.7743750e+02  -1.4023452e+03
   3.7745625e+02  -1.4031087e+03
   3.7748125e+02  -1.4042261e+03
   3.7750000e+02  -1.4050029e+03
   3.7752500e+02  -1.4059335e+03
   3.7755000e+02  -1.4065507e+03
   3.7756875e+02  -1.4065834e+03
   3.7759375e+02  -1.4058238e+03
   3.7761875e+02  -1.4043756e+03
   3.7763750e+02  -1.4033597e+03
   3.7766250e+02  -1.4027297e+03
   3.7768750e+02  -1.4028686e+03
   3.7770625e+02  -1.4032260e+03
   3.7773125e+02  -1.4040410e+03
   3.7775625e+02  -1.4052169e+03
   3.7777500e+02  -1.4060311e+03
   3.7780000e+02  -1.4067024e+03
   3.7781875e+02  -1.4067360e+03
   3.7784375e+02  -1.4061042e+03
   3.7786875e+02  -1.4050387e+03
   3.7788750e+02  -1.4043234e+03
   3.7791250e+02  -1.4036477e+03
   3.7793750e+02  -1.4032466e+03
   3.7795625e+02  -1.4032246e+03
   3.7798125e+02  -1.4036983e+03
   3.7801250e+02  -1.4046870e+03
   3.7803750e+02  -1.4059795e+03
   3.7806250e+02  -1.4076523e+03
   3.7808125e+02  -1.4088071e+03
   3.7810625e+02  -1.4100416e+03
   3.7812500e+02  -1.4107063e+03
   3.7815000e+02  -1.4112048e+03
   3.7817500e+02  -1.4113854e+03
   3.7819375e+02  -1.4115523e+03
   3.7821875e+02  -1.4118845e+03
   3.7824375e+02  -1.4123729e+03
   3.7826250e+02  -1.4131794e+03
   3.7828750e+02  -1.4147730e+03
   3.7831250e+02  -1.4164853e+03
   3.7833125e+02  -1.4175103e+03
   3.7835625e+02  -1.4181792e+03
   3.7837500e+02  -1.4179842e+03
   3.7840000e+02  -1.4171230e+03
   3.7842500e+02  -1.4162168e+03
   3.7844375e+02  -1.4157993e+03
   3.7846875e+02  -1.4155454e+03
   3.7849375e+02  -1.4156564e+03
   3.7851250e+02  -1.4161155e+03
   3.7853750e+02  -1.4171115e+03
   3.7856250e+02  -1.4179077e+03
   3.7858125e+02  -1.4179994e+03
   3.7860625e+02  -1.4173805e+03
   3.7863125e+02  -1.4163096e+03
   3.7865000e+02  -1.4155793e+03
   3.7867500e+02  -1.4149763e+03
   3.7869375e+02  -1.4147954e+03
   3.7871875e+02  -1.4148525e+03
   3.7874375e+02  -1.4155165e+03
   3.7876250e+02  -1.4163694e+03
   3.7878750e+02  -1.4174365e+03
   3.7881250e+02  -1.4179349e+03
   3.7883125e+02  -1.4178214e+03
   3.7885625e+02  -1.4170959e+03
   3.7888125e+02  -1.4161328e+03
   3.7890000e+02  -1.4155993e+03
   3.7892500e+02  -1.4151819e+03
   3.7894375e+02  -1.4150728e+03
   3.7896875e+02  -1.4153350e+03
   3.7899375e+02  -1.4161795e+03
   3.7902500e+02  -1.4173198e+03
   3.7905000e+02  -1.4174767e+03
   3.7906875e+02  -1.4171947e+03
   3.7909375e+02  -1.4165611e+03
   3.7911875e+02  -1.4157507e+03
   3.7913750e+02  -1.4149055e+03
   3.7916250e+02  -1.4134414e+03
   3.7918750e+02  -1.4121642e+03
   3.7920625e+02  -1.4116660e+03
   3.7923125e+02  -1.4114550e+03
   3.7925625e+02  -1.4110364e+03
   3.7927500e+02  -1.4105634e+03
   3.7930000e+02  -1.4102231e+03
   3.7931875e+02  -1.4103262e+03
   3.7934375e+02  -1.4105728e+03
   3.7936875e+02  -1.4104353e+03
   3.7938750e+02  -1.4101164e+03
   3.7941250e+02  -1.4098182e+03
   3.7943750e+02  -1.4098580e+03
   3.7945625e+02  -1.4098943e+03
   3.7948125e+02  -1.4095659e+03
   3.7950000e+02  -1.4090703e+03
   3.7952500e+02  -1.4084149e+03
   3.7955000e+02  -1.4081281e+03
   3.7956875e+02  -1.4082031e+03
   3.7959375e+02  -1.4084215e+03
   3.7961875e+02  -1.4085554e+03
   3.7963750e+02  -1.4086567e+03
   3.7966250e+02  -1.4089616e+03
   3.7968750e+02  -1.4094331e+03
   3.7970625e+02  -1.4097261e+03
   3.7973125e+02  -1.4099042e+03
   3.7975625e+02  -1.4099269e+03
   3.7977500e+02  -1.4100720e+03
   3.7980000e+02  -1.4106204e+03
   3.7981875e+02  -1.4111438e+03
   3.7984375e+02  -1.4115999e+03
   3.7986875e+02  -1.4116317e+03
   3.7988750e+02  -1.4114285e+03
   3.7991250e+02  -1.4109723e+03
   3.7993750e+02  -1.4103651e+03
   3.7995625e+02  -1.4098244e+03
   3.7998125e+02  -1.4091172e+03
   3.8001250e+02  -1.4088281e+03
   3.8003750e+02  -1.4097813e+03
   3.8006250e+02  -1.4118388e+03
   3.8008125e+02  -1.4138298e+03
   3.8010625e+02  -1.4166418e+03
   3.8012500e+02  -1.4182423e+03
   3.8015000e+02  -1.4192482e+03
   3.8017500e+02  -1.4193208e+03
   3.8019375e+02  -1.4191557e+03
   3.8021875e+02  -1.4186497e+03
   3.8024375e+02  -1.4178857e+03
   3.8026250e+02  -1.4176799e+03
   3.8028750e+02  -1.4183652e+03
   3.8031250e+02  -1.4201699e+03
   3.8033125e+02  -1.4217083e+03
   3.8035625e+02  -1.4229163e+03
   3.8037500e+02  -1.4228686e+03
   3.8040000e+02  -1.4222602e+03
   3.8042500e+02  -1.4217569e+03
   3.8044375e+02  -1.4213335e+03
   3.8046875e+02  -1.4204418e+03
   3.8049375e+02  -1.4196503e+03
   3.8051250e+02  -1.4195839e+03
   3.8053750e+02  -1.4201369e+03
   3.8056250e+02  -1.4208352e+03
   3.8058125e+02  -1.4210863e+03
   3.8060625e+02  -1.4209494e+03
   3.8063125e+02  -1.4206399e+03
   3.8065000e+02  -1.4205596e+03
   3.8067500e+02  -1.4205829e+03
   3.8069375e+02  -1.4206557e+03
   3.8071875e+02  -1.4210843e+03
   3.8074375e+02  -1.4219195e+03
   3.8076250e+02  -1.4225609e+03
   3.8078750e+02  -1.4232348e+03
   3.8081250e+02  -1.4236769e+03
   3.8083125e+02  -1.4237340e+03
   3.8085625e+02  -1.4234228e+03
   3.8088125e+02  -1.4228899e+03
   3.8090000e+02  -1.4224581e+03
   3.8092500e+02  -1.4219477e+03
   3.8094375e+02  -1.4218123e+03
   3.8096875e+02  -1.4218889e+03
   3.8099375e+02  -1.4218779e+03
   3.8102500e+02  -1.4216916e+03
   3.8105000e+02  -1.4218921e+03
   3.8106875e+02  -1.4222043e+03
   3.8109375e+02  -1.4227762e+03
   3.8111875e+02  -1.4233758e+03
   3.8113750e+02  -1.4235795e+03
   3.8116250e+02  -1.4236831e+03
   3.8118750e+02  -1.4241012e+03
   3.8120625e+02  -1.4244553e+03
   3.8123125e+02  -1.4244089e+03
   3.8125625e+02  -1.4240171e+03
   3.8127500e+02  -1.4239811e+03
   3.8130000e+02  -1.4245865e+03
   3.8131875e+02  -1.4254011e+03
   3.8134375e+02  -1.4264630e+03
   3.8136875e+02  -1.4269491e+03
   3.8138750e+02  -1.4271457e+03
   3.8141250e+02  -1.4277450e+03
   3.8143750e+02  -1.4283215e+03
   3.8145625e+02  -1.4282173e+03
   3.8148125e+02  -1.4274747e+03
   3.8150000e+02  -1.4270139e+03
   3.8152500e+02  -1.4269062e+03
   3.8155000e+02  -1.4271211e+03
   3.8156875e+02  -1.4273032e+03
   3.8159375e+02  -1.4274744e+03
   3.8161875e+02  -1.4276701e+03
   3.8163750e+02  -1.4279236e+03
   3.8166250e+02  -1.4281626e+03
   3.8168750e+02  -1.4278954e+03
   3.8170625e+02  -1.4274187e+03
   3.8173125e+02  -1.4267576e+03
   3.8175625e+02  -1.4263586e+03
   3.8177500e+02  -1.4262553e+03
   3.8180000e+02  -1.4263946e+03
   3.8181875e+02  -1.4266553e+03
   3.8184375e+02  -1.4269927e+03
   3.8186875e+02  -1.4272129e+03
   3.8188750e+02  -1.4273247e+03
   3.8191250e+02  -1.4272634e+03
   3.8193750e+02  -1.4268551e+03
   3.8195625e+02  -1.4264260e+03
   3.8198125e+02  -1.4259992e+03
   3.8201250e+02  -1.4260722e+03
   3.8203750e+02  -1.4258096e+03
   3.8206250e+02  -1.4248685e+03
   3.8208125e+02  -1.4239405e+03
   3.8210625e+02  -1.4224945e+03
   3.8212500e+02  -1.4210768e+03
   3.8215000e+02  -1.4185776e+03
   3.8217500e+02  -1.4159682e+03
   3.8219375e+02  -1.4144652e+03
   3.8221875e+02  -1.4134007e+03
   3.8224375e+02  -1.4130300e+03
   3.8226250e+02  -1.4126940e+03
   3.8228750e+02  -1.4125336e+03
   3.8231250e+02  -1.4130608e+03
   3.8233125e+02  -1.4137066e+03
   3.8235625e+02  -1.4142101e+03
   3.8237500e+02  -1.4141656e+03
   3.8240000e+02  -1.4139727e+03
   3.8242500e+02  -1.4140047e+03
   3.8244375e+02  -1.4141513e+03
   3.8246875e+02  -1.4141924e+03
   3.8249375e+02  -1.4139427e+03
   3.8251250e+02  -1.4137303e+03
   3.8253750e+02  -1.4136967e+03
   3.8256250e+02  -1.4139569e+03
   3.8258125e+02  -1.4140423e+03
   3.8260625e+02  -1.4137340e+03
   3.8263125e+02  -1.4131789e+03
   3.8265000e+02  -1.4129320e+03
   3.8267500e+02  -1.4130804e+03
   3.8269375e+02  -1.4134147e+03
   3.8271875e+02  -1.4136922e+03
   3.8274375e+02  -1.4137137e+03
   3.8276250e+02  -1.4138585e+03
   3.8278750e+02  -1.4143614e+03
   3.8281250e+02  -1.4145740e+03
   3.8283125e+02  -1.4141228e+03
   3.8285625e+02  -1.4128304e+03
   3.8288125e+02  -1.4115491e+03
   3.8290000e+02  -1.4110009e+03
   3.8292500e+02  -1.4106071e+03
   3.8294375e+02  -1.4103033e+03
   3.8296875e+02  -1.4100230e+03
   3.8299375e+02  -1.4104655e+03
   3.8302500e+02  -1.4118637e+03
   3.8305000e+02  -1.4125212e+03
   3.8306875e+02  -1.4124714e+03
   3.8309375e+02  -1.4119854e+03
   3.8311875e+02  -1.4115571e+03
   3.8313750e+02  -1.4112560e+03
   3.8316250e+02  -1.4106048e+03
   3.8318750e+02  -1.4097890e+03
   3.8320625e+02  -1.4094067e+03
   3.8323125e+02  -1.4096391e+03
   3.8325625e+02  -1.4103222e+03
   3.8327500e+02  -1.4106312e+03
   3.8330000e+02  -1.4105322e+03
   3.8331875e+02  -1.4103695e+03
   3.8334375e+02  -1.4104971e+03
   3.8336875e+02  -1.4106319e+03
   3.8338750e+02  -1.4104648e+03
   3.8341250e+02  -1.4100519e+03
   3.8343750e+02  -1.4099595e+03
   3.8345625e+02  -1.4103870e+03
   3.8348125e+02  -1.4112489e+03
   3.8350000e+02  -1.4115755e+03
   3.8352500e+02  -1.4114324e+03
   3.8355000e+02  -1.4114474e+03
   3.8356875e+02  -1.4117706e+03
   3.8359375e+02  -1.4120648e+03
   3.8361875e+02  -1.4118527e+03
   3.8363750e+02  -1.4115782e+03
   3.8366250e+02  -1.4116054e+03
   3.8368750e+02  -1.4122649e+03
   3.8370625e+02  -1.4128414e+03
   3.8373125e+02  -1.4131291e+03
   3.8375625e+02  -1.4130073e+03
   3.8377500e+02  -1.4130512e+03
   3.8380000e+02  -1.4132810e+03
   3.8381875e+02  -1.4131834e+03
   3.8384375e+02  -1.4125366e+03
   3.8386875e+02  -1.4117358e+03
   3.8388750e+02  -1.4114496e+03
   3.8391250e+02  -1.4114610e+03
   3.8393750e+02  -1.4115288e+03
   3.8395625e+02  -1.4114705e+03
   3.8398125e+02  -1.4114715e+03
   3.8401250e+02  -1.4120311e+03
   3.8403750e+02  -1.4125846e+03
   3.8406250e+02  -1.4127771e+03
   3.8408125e+02  -1.4125714e+03
   3.8410625e+02  -1.4121632e+03
   3.8412500e+02  -1.4122301e+03
   3.8415000e+02  -1.4128632e+03
   3.8417500e+02  -1.4134057e+03
   3.8419375e+02  -1.4135119e+03
   3.8421875e+02  -1.4136175e+03
   3.8424375e+02  -1.4141066e+03
   3.8426250e+02  -1.4145899e+03
   3.8428750e+02  -1.4145191e+03
   3.8431250e+02  -1.4131177e+03
   3.8433125e+02  -1.4118784e+03
   3.8435625e+02  -1.4109407e+03
   3.8437500e+02  -1.4106646e+03
   3.8440000e+02  -1.4101057e+03
   3.8442500e+02  -1.4094527e+03
   3.8444375e+02  -1.4094843e+03
   3.8446875e+02  -1.4105601e+03
   3.8449375e+02  -1.4121169e+03
   3.8451250e+02  -1.4128780e+03
   3.8453750e+02  -1.4132420e+03
   3.8456250e+02  -1.4134295e+03
   3.8458125e+02  -1.4136763e+03
   3.8460625e+02  -1.4138462e+03
   3.8463125e+02  -1.4135784e+03
   3.8465000e+02  -1.4133019e+03
   3.8467500e+02  -1.4133826e+03
   3.8469375e+02  -1.4139419e+03
   3.8471875e+02  -1.4149514e+03
   3.8474375e+02  -1.4157476e+03
   3.8476250e+02  -1.4161228e+03
   3.8478750e+02  -1.4164054e+03
   3.8481250e+02  -1.4163247e+03
   3.8483125e+02  -1.4160153e+03
   3.8485625e+02  -1.4153622e+03
   3.8488125e+02  -1.4147028e+03
   3.8490000e+02  -1.4144319e+03
   3.8492500e+02  -1.4145006e+03
   3.8494375e+02  -1.4148174e+03
   3.8496875e+02  -1.4154284e+03
   3.8499375e+02  -1.4162145e+03
   3.8502500e+02  -1.4171272e+03
   3.8505000e+02  -1.4178626e+03
   3.8506875e+02  -1.4183179e+03
   3.8509375e+02  -1.4188021e+03
   3.8511875e+02  -1.4195272e+03
   3.8513750e+02  -1.4203792e+03
   3.8516250e+02  -1.4216841e+03
   3.8518750e+02  -1.4227563e+03
   3.8520625e+02  -1.4232159e+03
   3.8523125e+02  -1.4234764e+03
   3.8525625e+02  -1.4236262e+03
   3.8527500e+02  -1.4233720e+03
   3.8530000e+02  -1.4220692e+03
   3.8531875e+02  -1.4208012e+03
   3.8534375e+02  -1.4197057e+03
   3.8536875e+02  -1.4194040e+03
   3.8538750e+02  -1.4193450e+03
   3.8541250e+02  -1.4191760e+03
   3.8543750e+02  -1.4191125e+03
   3.8545625e+02  -1.4193610e+03
   3.8548125e+02  -1.4199602e+03
   3.8550000e+02  -1.4201304e+03
   3.8552500e+02  -1.4196081e+03
   3.8555000e+02  -1.4190305e+03
   3.8556875e+02  -1.4190455e+03
   3.8559375e+02  -1.4195084e+03
   3.8561875e+02  -1.4200685e+03
   3.8563750e+02  -1.4204519e+03
   3.8566250e+02  -1.4210346e+03
   3.8568750e+02  -1.4217378e+03
   3.8570625e+02  -1.4221729e+03
   3.8573125e+02  -1.4222861e+03
   3.8575625e+02  -1.4218285e+03
   3.8577500e+02  -1.4214582e+03
   3.8580000e+02  -1.4212363e+03
   3.8581875e+02  -1.4212671e+03
   3.8584375e+02  -1.4215634e+03
   3.8586875e+02  -1.4220495e+03
   3.8588750e+02  -1.4224899e+03
   3.8591250e+02  -1.4231094e+03
   3.8593750e+02  -1.4235855e+03
   3.8595625e+02  -1.4236584e+03
   3.8598125e+02  -1.4233934e+03
   3.8601250e+02  -1.4229983e+03
   3.8603750e+02  -1.4231792e+03
   3.8606250e+02  -1.4237903e+03
   3.8608125e+02  -1.4242963e+03
   3.8610625e+02  -1.4250906e+03
   3.8612500e+02  -1.4259986e+03
   3.8615000e+02  -1.4275333e+03
   3.8617500e+02  -1.4287962e+03
   3.8619375e+02  -1.4292682e+03
   3.8621875e+02  -1.4294757e+03
   3.8624375e+02  -1.4298242e+03
   3.8626250e+02  -1.4303581e+03
   3.8628750e+02  -1.4306861e+03
   3.8631250e+02  -1.4301545e+03
   3.8633125e+02  -1.4297159e+03
   3.8635625e+02  -1.4296590e+03
   3.8637500e+02  -1.4297420e+03
   3.8640000e+02  -1.4294000e+03
   3.8642500e+02  -1.4286093e+03
   3.8644375e+02  -1.4282136e+03
   3.8646875e+02  -1.4284090e+03
   3.8649375e+02  -1.4290412e+03
   3.8651250e+02  -1.4293092e+03
   3.8653750e+02  -1.4293841e+03
   3.8656250e+02  -1.4295990e+03
   3.8658125e+02  -1.4298177e+03
   3.8660625e+02  -1.4297580e+03
   3.8663125e+02  -1.4293036e+03
   3.8665000e+02  -1.4289791e+03
   3.8667500e+02  -1.4288393e+03
   3.8669375e+02  -1.4289152e+03
   3.8671875e+02  -1.4290268e+03
   3.8674375e+02  -1.4291239e+03
   3.8676250e+02  -1.4292282e+03
   3.8678750e+02  -1.4293347e+03
   3.8681250e+02  -1.4291195e+03
   3.8683125e+02  -1.4286980e+03
   3.8685625e+02  -1.4281007e+03
   3.8688125e+02  -1.4279654e+03
   3.8690000e+02  -1.4282559e+03
   3.8692500e+02  -1.4289775e+03
   3.8694375e+02  -1.4296698e+03
   3.8696875e+02  -1.4307755e+03
   3.8699375e+02  -1.4319850e+03
   3.8702500e+02  -1.4332041e+03
   3.8705000e+02  -1.4340585e+03
   3.8706875e+02  -1.4343875e+03
   3.8709375e+02  -1.4346658e+03
   3.8711875e+02  -1.4354832e+03
   3.8713750e+02  -1.4365932e+03
   3.8716250e+02  -1.4384695e+03
   3.8718750e+02  -1.4405818e+03
   3.8720625e+02  -1.4422023e+03
   3.8723125e+02  -1.4443202e+03
   3.8725625e+02  -1.4466287e+03
   3.8727500e+02  -1.4480670e+03
   3.8730000e+02  -1.4486820e+03
   3.8731875e+02  -1.4482607e+03
   3.8734375e+02  -1.4474196e+03
   3.8736875e+02  -1.4465944e+03
   3.8738750e+02  -1.4460295e+03
   3.8741250e+02  -1.4454171e+03
   3.8743750e+02  -1.4452200e+03
   3.8745625e+02  -1.4456771e+03
   3.8748125e+02  -1.4472154e+03
   3.8750000e+02  -1.4486573e+03
   3.8752500e+02  -1.4501393e+03
   3.8755000e+02  -1.4508612e+03
   3.8756875e+02  -1.4508990e+03
   3.8759375e+02  -1.4501613e+03
   3.8761875e+02  -1.4487468e+03
   3.8763750e+02  -1.4476528e+03
   3.8766250e+02  -1.4463470e+03
   3.8768750e+02  -1.4452875e+03
   3.8770625e+02  -1.4448481e+03
   3.8773125e+02  -1.4448742e+03
   3.8775625e+02  -1.4453922e+03
   3.8777500e+02  -1.4458091e+03
   3.8780000e+02  -1.4459084e+03
   3.8781875e+02  -1.4454355e+03
   3.8784375e+02  -1.4443654e+03
   3.8786875e+02  -1.4435284e+03
   3.8788750e+02  -1.4431250e+03
   3.8791250e+02  -1.4425556e+03
   3.8793750e+02  -1.4421730e+03
   3.8795625e+02  -1.4423538e+03
   3.8798125e+02  -1.4433639e+03
   3.8801250e+02  -1.4451756e+03
   3.8803750e+02  -1.4458691e+03
   3.8806250e+02  -1.4453619e+03
   3.8808125e+02  -1.4446089e+03
   3.8810625e+02  -1.4436680e+03
   3.8812500e+02  -1.4429708e+03
   3.8815000e+02  -1.4417659e+03
   3.8817500e+02  -1.4408072e+03
   3.8819375e+02  -1.4408325e+03
   3.8821875e+02  -1.4420101e+03
   3.8824375e+02  -1.4439404e+03
   3.8826250e+02  -1.4453243e+03
   3.8828750e+02  -1.4465584e+03
   3.8831250e+02  -1.4470615e+03
   3.8833125e+02  -1.4471011e+03
   3.8835625e+02  -1.4465503e+03
   3.8837500e+02  -1.4456111e+03
   3.8840000e+02  -1.4441509e+03
   3.8842500e+02  -1.4431993e+03
   3.8844375e+02  -1.4431578e+03
   3.8846875e+02  -1.4439493e+03
   3.8849375e+02  -1.4453024e+03
   3.8851250e+02  -1.4463325e+03
   3.8853750e+02  -1.4475184e+03
   3.8856250e+02  -1.4481776e+03
   3.8858125e+02  -1.4480780e+03
   3.8860625e+02  -1.4472443e+03
   3.8863125e+02  -1.4460490e+03
   3.8865000e+02  -1.4452802e+03
   3.8867500e+02  -1.4447068e+03
   3.8869375e+02  -1.4446790e+03
   3.8871875e+02  -1.4450916e+03
   3.8874375e+02  -1.4459297e+03
   3.8876250e+02  -1.4466296e+03
   3.8878750e+02  -1.4471533e+03
   3.8881250e+02  -1.4467544e+03
   3.8883125e+02  -1.4459181e+03
   3.8885625e+02  -1.4446441e+03
   3.8888125e+02  -1.4437243e+03
   3.8890000e+02  -1.4433358e+03
   3.8892500e+02  -1.4431771e+03
   3.8894375e+02  -1.4434283e+03
   3.8896875e+02  -1.4443523e+03
   3.8899375e+02  -1.4457096e+03
   3.8902500e+02  -1.4467668e+03
   3.8905000e+02  -1.4461384e+03
   3.8906875e+02  -1.4449669e+03
   3.8909375e+02  -1.4431929e+03
   3.8911875e+02  -1.4417840e+03
   3.8913750e+02  -1.4410516e+03
   3.8916250e+02  -1.4405028e+03
   3.8918750e+02  -1.4407512e+03
   3.8920625e+02  -1.4415929e+03
   3.8923125e+02  -1.4433860e+03
   3.8925625e+02  -1.4450747e+03
   3.8927500e+02  -1.4456925e+03
   3.8930000e+02  -1.4454240e+03
   3.8931875e+02  -1.4445892e+03
   3.8934375e+02  -1.4431510e+03
   3.8936875e+02  -1.4417231e+03
   3.8938750e+02  -1.4407899e+03
   3.8941250e+02  -1.4398701e+03
   3.8943750e+02  -1.4398167e+03
   3.8945625e+02  -1.4404950e+03
   3.8948125e+02  -1.4419436e+03
   3.8950000e+02  -1.4429386e+03
   3.8952500e+02  -1.4436734e+03
   3.8955000e+02  -1.4436377e+03
   3.8956875e+02  -1.4432352e+03
   3.8959375e+02  -1.4425285e+03
   3.8961875e+02  -1.4419180e+03
   3.8963750e+02  -1.4415795e+03
   3.8966250e+02  -1.4414133e+03
   3.8968750e+02  -1.4417698e+03
   3.8970625e+02  -1.4423811e+03
   3.8973125e+02  -1.4434803e+03
   3.8975625e+02  -1.4443274e+03
   3.8977500e+02  -1.4444097e+03
   3.8980000e+02  -1.4437548e+03
   3.8981875e+02  -1.4430281e+03
   3.8984375e+02  -1.4422321e+03
   3.8986875e+02  -1.4418011e+03
   3.8988750e+02  -1.4417250e+03
   3.8991250e+02  -1.4420489e+03
   3.8993750e+02  -1.4430482e+03
   3.8995625e+02  -1.4442076e+03
   3.8998125e+02  -1.4457471e+03
   3.9001250e+02  -1.4463890e+03
   3.9003750e+02  -1.4451151e+03
   3.9006250e+02  -1.4425014e+03
   3.9008125e+02  -1.4400166e+03
   3.9010625e+02  -1.4364573e+03
   3.9012500e+02  -1.4340184e+03
   3.9015000e+02  -1.4314953e+03
   3.9017500e+02  -1.4301900e+03
   3.9019375e+02  -1.4301323e+03
   3.9021875e+02  -1.4308820e+03
   3.9024375e+02  -1.4316502e+03
   3.9026250e+02  -1.4316286e+03
   3.9028750e+02  -1.4308148e+03
   3.9031250e+02  -1.4291398e+03
   3.9033125e+02  -1.4276175e+03
   3.9035625e+02  -1.4257415e+03
   3.9037500e+02  -1.4247677e+03
   3.9040000e+02  -1.4242819e+03
   3.9042500e+02  -1.4248687e+03
   3.9044375e+02  -1.4258357e+03
   3.9046875e+02  -1.4273275e+03
   3.9049375e+02  -1.4287191e+03
   3.9051250e+02  -1.4294468e+03
   3.9053750e+02  -1.4297412e+03
   3.9056250e+02  -1.4291338e+03
   3.9058125e+02  -1.4283276e+03
   3.9060625e+02  -1.4272881e+03
   3.9063125e+02  -1.4267714e+03
   3.9065000e+02  -1.4267734e+03
   3.9067500e+02  -1.4269835e+03
   3.9069375e+02  -1.4272552e+03
   3.9071875e+02  -1.4279693e+03
   3.9074375e+02  -1.4290527e+03
   3.9076250e+02  -1.4296854e+03
   3.9078750e+02  -1.4297312e+03
   3.9081250e+02  -1.4290398e+03
   3.9083125e+02  -1.4284788e+03
   3.9085625e+02  -1.4280869e+03
   3.9088125e+02  -1.4278766e+03
   3.9090000e+02  -1.4276136e+03
   3.9092500e+02  -1.4274250e+03
   3.9094375e+02  -1.4277882e+03
   3.9096875e+02  -1.4290014e+03
   3.9099375e+02  -1.4302260e+03
   3.9102500e+02  -1.4307257e+03
   3.9105000e+02  -1.4303381e+03
   3.9106875e+02  -1.4298376e+03
   3.9109375e+02  -1.4289034e+03
   3.9111875e+02  -1.4274674e+03
   3.9113750e+02  -1.4261192e+03
   3.9116250e+02  -1.4245001e+03
   3.9118750e+02  -1.4238646e+03
   3.9120625e+02  -1.4239811e+03
   3.9123125e+02  -1.4243741e+03
   3.9125625e+02  -1.4245840e+03
   3.9127500e+02  -1.4246777e+03
   3.9130000e+02  -1.4247117e+03
   3.9131875e+02  -1.4246593e+03
   3.9134375e+02  -1.4244352e+03
   3.9136875e+02  -1.4238412e+03
   3.9138750e+02  -1.4233469e+03
   3.9141250e+02  -1.4230422e+03
   3.9143750e+02  -1.4233433e+03
   3.9145625e+02  -1.4237825e+03
   3.9148125e+02  -1.4244642e+03
   3.9150000e+02  -1.4250322e+03
   3.9152500e+02  -1.4259536e+03
   3.9155000e+02  -1.4269631e+03
   3.9156875e+02  -1.4274393e+03
   3.9159375e+02  -1.4272586e+03
   3.9161875e+02  -1.4264146e+03
   3.9163750e+02  -1.4257954e+03
   3.9166250e+02  -1.4250617e+03
   3.9168750e+02  -1.4240854e+03
   3.9170625e+02  -1.4232802e+03
   3.9173125e+02  -1.4226302e+03
   3.9175625e+02  -1.4228117e+03
   3.9177500e+02  -1.4232882e+03
   3.9180000e+02  -1.4238323e+03
   3.9181875e+02  -1.4240189e+03
   3.9184375e+02  -1.4241943e+03
   3.9186875e+02  -1.4244843e+03
   3.9188750e+02  -1.4245794e+03
   3.9191250e+02  -1.4241963e+03
   3.9193750e+02  -1.4235953e+03
   3.9195625e+02  -1.4234408e+03
   3.9198125e+02  -1.4238005e+03
   3.9201250e+02  -1.4246472e+03
   3.9203750e+02  -1.4258627e+03
   3.9206250e+02  -1.4275482e+03
   3.9208125e+02  -1.4288523e+03
   3.9210625e+02  -1.4303815e+03
   3.9212500e+02  -1.4311850e+03
   3.9215000e+02  -1.4316574e+03
   3.9217500e+02  -1.4318780e+03
   3.9219375e+02  -1.4321470e+03
   3.9221875e+02  -1.4325173e+03
   3.9224375e+02  -1.4330114e+03
   3.9226250e+02  -1.4339205e+03
   3.9228750e+02  -1.4354609e+03
   3.9231250e+02  -1.4367636e+03
   3.9233125e+02  -1.4374960e+03
   3.9235625e+02  -1.4380708e+03
   3.9237500e+02  -1.4380880e+03
   3.9240000e+02  -1.4376574e+03
   3.9242500e+02  -1.4368921e+03
   3.9244375e+02  -1.4363952e+03
   3.9246875e+02  -1.4362292e+03
   3.9249375e+02  -1.4367747e+03
   3.9251250e+02  -1.4375508e+03
   3.9253750e+02  -1.4389430e+03
   3.9256250e+02  -1.4402931e+03
   3.9258125e+02  -1.4408321e+03
   3.9260625e+02  -1.4408594e+03
   3.9263125e+02  -1.4405654e+03
   3.9265000e+02  -1.4403309e+03
   3.9267500e+02  -1.4398737e+03
   3.9269375e+02  -1.4394504e+03
   3.9271875e+02  -1.4390337e+03
   3.9274375e+02  -1.4392437e+03
   3.9276250e+02  -1.4398030e+03
   3.9278750e+02  -1.4404494e+03
   3.9281250e+02  -1.4404052e+03
   3.9283125e+02  -1.4400630e+03
   3.9285625e+02  -1.4397352e+03
   3.9288125e+02  -1.4396377e+03
   3.9290000e+02  -1.4394846e+03
   3.9292500e+02  -1.4390211e+03
   3.9294375e+02  -1.4387362e+03
   3.9296875e+02  -1.4389772e+03
   3.9299375e+02  -1.4398907e+03
   3.9302500e+02  -1.4405184e+03
   3.9305000e+02  -1.4398329e+03
   3.9306875e+02  -1.4389369e+03
   3.9309375e+02  -1.4378124e+03
   3.9311875e+02  -1.4368314e+03
   3.9313750e+02  -1.4359195e+03
   3.9316250e+02  -1.4345044e+03
   3.9318750e+02  -1.4337579e+03
   3.9320625e+02  -1.4339893e+03
   3.9323125e+02  -1.4349499e+03
   3.9325625e+02  -1.4358004e+03
   3.9327500e+02  -1.4361294e+03
   3.9330000e+02  -1.4363883e+03
   3.9331875e+02  -1.4366268e+03
   3.9334375e+02  -1.4368682e+03
   3.9336875e+02  -1.4366262e+03
   3.9338750e+02  -1.4361336e+03
   3.9341250e+02  -1.4354527e+03
   3.9343750e+02  -1.4352888e+03
   3.9345625e+02  -1.4355570e+03
   3.9348125e+02  -1.4359651e+03
   3.9350000e+02  -1.4360533e+03
   3.9352500e+02  -1.4361434e+03
   3.9355000e+02  -1.4366195e+03
   3.9356875e+02  -1.4370641e+03
   3.9359375e+02  -1.4372874e+03
   3.9361875e+02  -1.4369960e+03
   3.9363750e+02  -1.4366664e+03
   3.9366250e+02  -1.4364242e+03
   3.9368750e+02  -1.4363886e+03
   3.9370625e+02  -1.4362094e+03
   3.9373125e+02  -1.4357877e+03
   3.9375625e+02  -1.4356750e+03
   3.9377500e+02  -1.4358751e+03
   3.9380000e+02  -1.4360729e+03
   3.9381875e+02  -1.4359298e+03
   3.9384375e+02  -1.4356039e+03
   3.9386875e+02  -1.4355007e+03
   3.9388750e+02  -1.4355990e+03
   3.9391250e+02  -1.4356414e+03
   3.9393750e+02  -1.4353390e+03
   3.9395625e+02  -1.4350823e+03
   3.9398125e+02  -1.4351744e+03
   3.9401250e+02  -1.4357302e+03
   3.9403750e+02  -1.4354411e+03
   3.9406250e+02  -1.4345110e+03
   3.9408125e+02  -1.4338160e+03
   3.9410625e+02  -1.4331028e+03
   3.9412500e+02  -1.4323689e+03
   3.9415000e+02  -1.4308183e+03
   3.9417500e+02  -1.4293438e+03
   3.9419375e+02  -1.4288593e+03
   3.9421875e+02  -1.4290793e+03
   3.9424375e+02  -1.4295984e+03
   3.9426250e+02  -1.4297642e+03
   3.9428750e+02  -1.4299239e+03
   3.9431250e+02  -1.4306027e+03
   3.9433125e+02  -1.4313091e+03
   3.9435625e+02  -1.4316281e+03
   3.9437500e+02  -1.4312734e+03
   3.9440000e+02  -1.4307260e+03
   3.9442500e+02  -1.4305801e+03
   3.9444375e+02  -1.4306793e+03
   3.9446875e+02  -1.4307326e+03
   3.9449375e+02  -1.4306194e+03
   3.9451250e+02  -1.4306568e+03
   3.9453750e+02  -1.4312337e+03
   3.9456250e+02  -1.4320269e+03
   3.9458125e+02  -1.4322199e+03
   3.9460625e+02  -1.4320772e+03
   3.9463125e+02  -1.4320922e+03
   3.9465000e+02  -1.4322550e+03
   3.9467500e+02  -1.4322648e+03
   3.9469375e+02  -1.4319043e+03
   3.9471875e+02  -1.4311796e+03
   3.9474375e+02  -1.4308228e+03
   3.9476250e+02  -1.4309043e+03
   3.9478750e+02  -1.4308570e+03
   3.9481250e+02  -1.4301723e+03
   3.9483125e+02  -1.4296681e+03
   3.9485625e+02  -1.4296318e+03
   3.9488125e+02  -1.4299355e+03
   3.9490000e+02  -1.4298905e+03
   3.9492500e+02  -1.4293719e+03
   3.9494375e+02  -1.4289789e+03
   3.9496875e+02  -1.4288723e+03
   3.9499375e+02  -1.4290174e+03
   3.9502500e+02  -1.4282424e+03
   3.9505000e+02  -1.4263414e+03
   3.9506875e+02  -1.4249062e+03
   3.9509375e+02  -1.4233695e+03
   3.9511875e+02  -1.4217508e+03
   3.9513750e+02  -1.4202723e+03
   3.9516250e+02  -1.4183996e+03
   3.9518750e+02  -1.4174755e+03
   3.9520625e+02  -1.4174919e+03
   3.9523125e+02  -1.4179452e+03
   3.9525625e+02  -1.4177959e+03
   3.9527500e+02  -1.4173488e+03
   3.9530000e+02  -1.4169983e+03
   3.9531875e+02  -1.4170264e+03
   3.9534375e+02  -1.4170000e+03
   3.9536875e+02  -1.4165521e+03
   3.9538750e+02  -1.4162214e+03
   3.9541250e+02  -1.4161618e+03
   3.9543750e+02  -1.4165791e+03
   3.9545625e+02  -1.4168420e+03
   3.9548125e+02  -1.4167234e+03
   3.9550000e+02  -1.4164503e+03
   3.9552500e+02  -1.4163718e+03
   3.9555000e+02  -1.4166670e+03
   3.9556875e+02  -1.4167467e+03
   3.9559375e+02  -1.4166578e+03
   3.9561875e+02  -1.4167502e+03
   3.9563750e+02  -1.4169940e+03
   3.9566250e+02  -1.4173155e+03
   3.9568750e+02  -1.4172020e+03
   3.9570625e+02  -1.4167418e+03
   3.9573125e+02  -1.4160273e+03
   3.9575625e+02  -1.4156507e+03
   3.9577500e+02  -1.4153901e+03
   3.9580000e+02  -1.4146916e+03
   3.9581875e+02  -1.4141338e+03
   3.9584375e+02  -1.4140160e+03
   3.9586875e+02  -1.4145769e+03
   3.9588750e+02  -1.4150990e+03
   3.9591250e+02  -1.4156495e+03
   3.9593750e+02  -1.4161005e+03
   3.9595625e+02  -1.4164847e+03
   3.9598125e+02  -1.4170862e+03
   3.9601250e+02  -1.4174077e+03
   3.9603750e+02  -1.4164304e+03
   3.9606250e+02  -1.4146840e+03
   3.9608125e+02  -1.4133263e+03
   3.9610625e+02  -1.4115054e+03
   3.9612500e+02  -1.4101931e+03
   3.9615000e+02  -1.4087670e+03
   3.9617500e+02  -1.4080756e+03
   3.9619375e+02  -1.4081459e+03
   3.9621875e+02  -1.4089204e+03
   3.9624375e+02  -1.4098612e+03
   3.9626250e+02  -1.4100830e+03
   3.9628750e+02  -1.4098043e+03
   3.9631250e+02  -1.4091244e+03
   3.9633125e+02  -1.4083927e+03
   3.9635625e+02  -1.4072365e+03
   3.9637500e+02  -1.4065062e+03
   3.9640000e+02  -1.4060821e+03
   3.9642500e+02  -1.4063362e+03
   3.9644375e+02  -1.4069143e+03
   3.9646875e+02  -1.4079019e+03
   3.9649375e+02  -1.4088784e+03
   3.9651250e+02  -1.4094954e+03
   3.9653750e+02  -1.4100162e+03
   3.9656250e+02  -1.4098975e+03
   3.9658125e+02  -1.4094243e+03
   3.9660625e+02  -1.4087560e+03
   3.9663125e+02  -1.4083101e+03
   3.9665000e+02  -1.4081515e+03
   3.9667500e+02  -1.4081037e+03
   3.9669375e+02  -1.4082127e+03
   3.9671875e+02  -1.4084848e+03
   3.9674375e+02  -1.4088460e+03
   3.9676250e+02  -1.4090722e+03
   3.9678750e+02  -1.4088503e+03
   3.9681250e+02  -1.4079397e+03
   3.9683125e+02  -1.4071455e+03
   3.9685625e+02  -1.4063699e+03
   3.9688125e+02  -1.4059004e+03
   3.9690000e+02  -1.4056954e+03
   3.9692500e+02  -1.4057526e+03
   3.9694375e+02  -1.4060246e+03
   3.9696875e+02  -1.4067113e+03
   3.9699375e+02  -1.4076273e+03
   3.9702500e+02  -1.4079785e+03
   3.9705000e+02  -1.4067789e+03
   3.9706875e+02  -1.4054990e+03
   3.9709375e+02  -1.4036261e+03
   3.9711875e+02  -1.4016425e+03
   3.9713750e+02  -1.4003499e+03
   3.9716250e+02  -1.3991497e+03
   3.9718750e+02  -1.3987006e+03
   3.9720625e+02  -1.3988955e+03
   3.9723125e+02  -1.3997283e+03
   3.9725625e+02  -1.4001883e+03
   3.9727500e+02  -1.3999268e+03
   3.9730000e+02  -1.3991492e+03
   3.9731875e+02  -1.3983411e+03
   3.9734375e+02  -1.3970470e+03
   3.9736875e+02  -1.3958438e+03
   3.9738750e+02  -1.3951817e+03
   3.9741250e+02  -1.3948039e+03
   3.9743750e+02  -1.3952173e+03
   3.9745625e+02  -1.3958826e+03
   3.9748125e+02  -1.3966693e+03
   3.9750000e+02  -1.3970577e+03
   3.9752500e+02  -1.3975098e+03
   3.9755000e+02  -1.3977816e+03
   3.9756875e+02  -1.3977444e+03
   3.9759375e+02  -1.3975427e+03
   3.9761875e+02  -1.3974298e+03
   3.9763750e+02  -1.3974980e+03
   3.9766250e+02  -1.3979440e+03
   3.9768750e+02  -1.3986310e+03
   3.9770625e+02  -1.3990092e+03
   3.9773125e+02  -1.3992814e+03
   3.9775625e+02  -1.3993851e+03
   3.9777500e+02  -1.3992808e+03
   3.9780000e+02  -1.3987295e+03
   3.9781875e+02  -1.3980790e+03
   3.9784375e+02  -1.3971432e+03
   3.9786875e+02  -1.3964048e+03
   3.9788750e+02  -1.3962375e+03
   3.9791250e+02  -1.3964595e+03
   3.9793750e+02  -1.3967251e+03
   3.9795625e+02  -1.3968483e+03
   3.9798125e+02  -1.3971696e+03
   3.9801250e+02  -1.3975777e+03
   3.9803750e+02  -1.3967505e+03
   3.9806250e+02  -1.3948646e+03
   3.9808125e+02  -1.3932384e+03
   3.9810625e+02  -1.3910711e+03
   3.9812500e+02  -1.3896478e+03
   3.9815000e+02  -1.3881770e+03
   3.9817500e+02  -1.3870426e+03
   3.9819375e+02  -1.3865200e+03
   3.9821875e+02  -1.3865448e+03
   3.9824375e+02  -1.3868854e+03
   3.9826250e+02  -1.3865291e+03
   3.9828750e+02  -1.3852953e+03
   3.9831250e+02  -1.3837171e+03
   3.9833125e+02  -1.3826003e+03
   3.9835625e+02  -1.3815205e+03
   3.9837500e+02  -1.3810277e+03
   3.9840000e+02  -1.3806795e+03
   3.9842500e+02  -1.3810405e+03
   3.9844375e+02  -1.3819501e+03
   3.9846875e+02  -1.3834142e+03
   3.9849375e+02  -1.3842535e+03
   3.9851250e+02  -1.3844025e+03
   3.9853750e+02  -1.3844214e+03
   3.9856250e+02  -1.3843743e+03
   3.9858125e+02  -1.3842787e+03
   3.9860625e+02  -1.3841044e+03
   3.9863125e+02  -1.3840335e+03
   3.9865000e+02  -1.3843540e+03
   3.9867500e+02  -1.3855008e+03
   3.9869375e+02  -1.3865078e+03
   3.9871875e+02  -1.3873499e+03
   3.9874375e+02  -1.3876007e+03
   3.9876250e+02  -1.3875413e+03
   3.9878750e+02  -1.3870646e+03
   3.9881250e+02  -1.3861885e+03
   3.9883125e+02  -1.3853985e+03
   3.9885625e+02  -1.3843498e+03
   3.9888125e+02  -1.3838319e+03
   3.9890000e+02  -1.3840398e+03
   3.9892500e+02  -1.3847066e+03
   3.9894375e+02  -1.3851159e+03
   3.9896875e+02  -1.3855147e+03
   3.9899375e+02  -1.3858915e+03
   3.9902500e+02  -1.3861723e+03
   3.9905000e+02  -1.3868293e+03
   3.9906875e+02  -1.3875967e+03
   3.9909375e+02  -1.3890671e+03
   3.9911875e+02  -1.3912290e+03
   3.9913750e+02  -1.3931888e+03
   3.9916250e+02  -1.3957135e+03
   3.9918750e+02  -1.3976128e+03
   3.9920625e+02  -1.3985682e+03
   3.9923125e+02  -1.3993171e+03
   3.9925625e+02  -1.3998660e+03
   3.9927500e+02  -1.4000723e+03
   3.9930000e+02  -1.4000357e+03
   3.9931875e+02  -1.3999901e+03
   3.9934375e+02  -1.4001434e+03
   3.9936875e+02  -1.4003494e+03
   3.9938750e+02  -1.4004122e+03
   3.9941250e+02  -1.4004677e+03
   3.9943750e+02  -1.4007079e+03
   3.9945625e+02  -1.4010677e+03
   3.9948125e+02  -1.4015272e+03
   3.9950000e+02  -1.4016271e+03
   3.9952500e+02  -1.4014683e+03
   3.9955000e+02  -1.4012610e+03
   3.9956875e+02  -1.4010763e+03
   3.9959375e+02  -1.4006931e+03
   3.9961875e+02  -1.4004799e+03
   3.9963750e+02  -1.4006344e+03
   3.9966250e+02  -1.4011510e+03
   3.9968750e+02  -1.4017994e+03
   3.9970625e+02  -1.4022903e+03
   3.9973125e+02  -1.4029261e+03
   3.9975625e+02  -1.4034311e+03
   3.9977500e+02  -1.4035417e+03
   3.9980000e+02  -1.4030731e+03
   3.9981875e+02  -1.4023771e+03
   3.9984375e+02  -1.4015613e+03
   3.9986875e+02  -1.4011190e+03
   3.9988750e+02  -1.4008766e+03
   3.9991250e+02  -1.4005510e+03
   3.9993750e+02  -1.4003295e+03
   3.9995625e+02  -1.4003160e+03
   3.9998125e+02  -1.4004880e+03
   4.0001250e+02  -1.4005549e+03
   4.0003750e+02  -1.4002925e+03
   4.0006250e+02  -1.4001421e+03
   4.0008125e+02  -1.4003598e+03
   4.0010625e+02  -1.4010360e+03
   4.0012500e+02  -1.4015311e+03
   4.0015000e+02  -1.4018682e+03
   4.0017500e+02  -1.4019828e+03
   4.0019375e+02  -1.4021644e+03
   4.0021875e+02  -1.4026110e+03
   4.0024375e+02  -1.4030182e+03
   4.0026250e+02  -1.4031251e+03
   4.0028750e+02  -1.4031845e+03
   4.0031250e+02  -1.4037280e+03
   4.0033125e+02  -1.4043884e+03
   4.0035625e+02  -1.4049497e+03
   4.0037500e+02  -1.4048294e+03
   4.0040000e+02  -1.4043478e+03
   4.0042500e+02  -1.4040893e+03
   4.0044375e+02  -1.4041225e+03
   4.0046875e+02  -1.4042882e+03
   4.0049375e+02  -1.4043092e+03
   4.0051250e+02  -1.4042630e+03
   4.0053750e+02  -1.4044366e+03
   4.0056250e+02  -1.4048142e+03
   4.0058125e+02  -1.4047849e+03
   4.0060625e+02  -1.4041948e+03
   4.0063125e+02  -1.4034895e+03
   4.0065000e+02  -1.4030722e+03
   4.0067500e+02  -1.4026307e+03
   4.0069375e+02  -1.4024301e+03
   4.0071875e+02  -1.4024543e+03
   4.0074375e+02  -1.4027905e+03
   4.0076250e+02  -1.4031964e+03
   4.0078750e+02  -1.4037523e+03
   4.0081250e+02  -1.4038305e+03
   4.0083125e+02  -1.4035234e+03
   4.0085625e+02  -1.4029484e+03
   4.0088125e+02  -1.4022461e+03
   4.0090000e+02  -1.4016575e+03
   4.0092500e+02  -1.4010699e+03
   4.0094375e+02  -1.4010238e+03
   4.0096875e+02  -1.4014795e+03
   4.0099375e+02  -1.4022586e+03
   4.0102500e+02  -1.4028833e+03
   4.0105000e+02  -1.4017869e+03
   4.0106875e+02  -1.4004363e+03
   4.0109375e+02  -1.3983864e+03
   4.0111875e+02  -1.3958251e+03
   4.0113750e+02  -1.3934802e+03
   4.0116250e+02  -1.3903951e+03
   4.0118750e+02  -1.3883591e+03
   4.0120625e+02  -1.3877839e+03
   4.0123125e+02  -1.3880186e+03
   4.0125625e+02  -1.3880839e+03
   4.0127500e+02  -1.3877147e+03
   4.0130000e+02  -1.3872895e+03
   4.0131875e+02  -1.3872062e+03
   4.0134375e+02  -1.3868593e+03
   4.0136875e+02  -1.3857683e+03
   4.0138750e+02  -1.3848318e+03
   4.0141250e+02  -1.3842128e+03
   4.0143750e+02  -1.3846076e+03
   4.0145625e+02  -1.3852334e+03
   4.0148125e+02  -1.3858852e+03
   4.0150000e+02  -1.3859818e+03
   4.0152500e+02  -1.3858466e+03
   4.0155000e+02  -1.3857677e+03
   4.0156875e+02  -1.3855294e+03
   4.0159375e+02  -1.3845714e+03
   4.0161875e+02  -1.3832710e+03
   4.0163750e+02  -1.3825498e+03
   4.0166250e+02  -1.3822048e+03
   4.0168750e+02  -1.3824527e+03
   4.0170625e+02  -1.3828675e+03
   4.0173125e+02  -1.3833829e+03
   4.0175625e+02  -1.3836798e+03
   4.0177500e+02  -1.3838372e+03
   4.0180000e+02  -1.3837546e+03
   4.0181875e+02  -1.3832231e+03
   4.0184375e+02  -1.3820297e+03
   4.0186875e+02  -1.3808207e+03
   4.0188750e+02  -1.3801182e+03
   4.0191250e+02  -1.3796108e+03
   4.0193750e+02  -1.3798282e+03
   4.0195625e+02  -1.3804463e+03
   4.0198125e+02  -1.3816337e+03
   4.0201250e+02  -1.3833702e+03
   4.0203750e+02  -1.3844788e+03
   4.0206250e+02  -1.3851495e+03
   4.0208125e+02  -1.3855001e+03
   4.0210625e+02  -1.3857019e+03
   4.0212500e+02  -1.3854743e+03
   4.0215000e+02  -1.3848978e+03
   4.0217500e+02  -1.3845310e+03
   4.0219375e+02  -1.3845307e+03
   4.0221875e+02  -1.3848866e+03
   4.0224375e+02  -1.3856002e+03
   4.0226250e+02  -1.3862085e+03
   4.0228750e+02  -1.3871218e+03
   4.0231250e+02  -1.3880521e+03
   4.0233125e+02  -1.3884846e+03
   4.0235625e+02  -1.3882927e+03
   4.0237500e+02  -1.3876564e+03
   4.0240000e+02  -1.3866526e+03
   4.0242500e+02  -1.3859543e+03
   4.0244375e+02  -1.3857140e+03
   4.0246875e+02  -1.3855418e+03
   4.0249375e+02  -1.3853714e+03
   4.0251250e+02  -1.3852997e+03
   4.0253750e+02  -1.3853586e+03
   4.0256250e+02  -1.3852504e+03
   4.0258125e+02  -1.3848457e+03
   4.0260625e+02  -1.3840653e+03
   4.0263125e+02  -1.3833324e+03
   4.0265000e+02  -1.3830357e+03
   4.0267500e+02  -1.3830874e+03
   4.0269375e+02  -1.3833979e+03
   4.0271875e+02  -1.3839643e+03
   4.0274375e+02  -1.3845001e+03
   4.0276250e+02  -1.3848013e+03
   4.0278750e+02  -1.3848838e+03
   4.0281250e+02  -1.3844031e+03
   4.0283125e+02  -1.3837263e+03
   4.0285625e+02  -1.3826767e+03
   4.0288125e+02  -1.3819608e+03
   4.0290000e+02  -1.3818598e+03
   4.0292500e+02  -1.3822567e+03
   4.0294375e+02  -1.3828120e+03
   4.0296875e+02  -1.3837931e+03
   4.0299375e+02  -1.3848641e+03
   4.0302500e+02  -1.3859202e+03
   4.0305000e+02  -1.3866148e+03
   4.0306875e+02  -1.3869894e+03
   4.0309375e+02  -1.3874942e+03
   4.0311875e+02  -1.3883736e+03
   4.0313750e+02  -1.3893277e+03
   4.0316250e+02  -1.3907948e+03
   4.0318750e+02  -1.3922866e+03
   4.0320625e+02  -1.3933966e+03
   4.0323125e+02  -1.3946884e+03
   4.0325625e+02  -1.3957048e+03
   4.0327500e+02  -1.3962793e+03
   4.0330000e+02  -1.3967269e+03
   4.0331875e+02  -1.3968115e+03
   4.0334375e+02  -1.3967159e+03
   4.0336875e+02  -1.3965108e+03
   4.0338750e+02  -1.3963294e+03
   4.0341250e+02  -1.3961618e+03
   4.0343750e+02  -1.3961216e+03
   4.0345625e+02  -1.3960472e+03
   4.0348125e+02  -1.3957228e+03
   4.0350000e+02  -1.3954361e+03
   4.0352500e+02  -1.3950517e+03
   4.0355000e+02  -1.3944872e+03
   4.0356875e+02  -1.3940069e+03
   4.0359375e+02  -1.3935364e+03
   4.0361875e+02  -1.3933592e+03
   4.0363750e+02  -1.3934006e+03
   4.0366250e+02  -1.3937151e+03
   4.0368750e+02  -1.3940671e+03
   4.0370625e+02  -1.3941316e+03
   4.0373125e+02  -1.3939857e+03
   4.0375625e+02  -1.3937572e+03
   4.0377500e+02  -1.3935282e+03
   4.0380000e+02  -1.3930906e+03
   4.0381875e+02  -1.3927225e+03
   4.0384375e+02  -1.3923321e+03
   4.0386875e+02  -1.3923584e+03
   4.0388750e+02  -1.3927588e+03
   4.0391250e+02  -1.3934283e+03
   4.0393750e+02  -1.3938240e+03
   4.0395625e+02  -1.3939302e+03
   4.0398125e+02  -1.3940456e+03
   4.0401250e+02  -1.3940267e+03
   4.0403750e+02  -1.3931506e+03
   4.0406250e+02  -1.3913731e+03
   4.0408125e+02  -1.3898128e+03
   4.0410625e+02  -1.3879092e+03
   4.0412500e+02  -1.3867896e+03
   4.0415000e+02  -1.3856223e+03
   4.0417500e+02  -1.3847021e+03
   4.0419375e+02  -1.3842938e+03
   4.0421875e+02  -1.3843160e+03
   4.0424375e+02  -1.3845395e+03
   4.0426250e+02  -1.3843743e+03
   4.0428750e+02  -1.3837895e+03
   4.0431250e+02  -1.3830531e+03
   4.0433125e+02  -1.3826254e+03
   4.0435625e+02  -1.3823782e+03
   4.0437500e+02  -1.3824693e+03
   4.0440000e+02  -1.3828912e+03
   4.0442500e+02  -1.3836070e+03
   4.0444375e+02  -1.3841877e+03
   4.0446875e+02  -1.3847772e+03
   4.0449375e+02  -1.3850668e+03
   4.0451250e+02  -1.3851247e+03
   4.0453750e+02  -1.3850400e+03
   4.0456250e+02  -1.3848412e+03
   4.0458125e+02  -1.3847505e+03
   4.0460625e+02  -1.3847760e+03
   4.0463125e+02  -1.3850420e+03
   4.0465000e+02  -1.3853588e+03
   4.0467500e+02  -1.3857124e+03
   4.0469375e+02  -1.3858345e+03
   4.0471875e+02  -1.3858338e+03
   4.0474375e+02  -1.3857446e+03
   4.0476250e+02  -1.3856159e+03
   4.0478750e+02  -1.3852014e+03
   4.0481250e+02  -1.3845908e+03
   4.0483125e+02  -1.3842150e+03
   4.0485625e+02  -1.3840796e+03
   4.0488125e+02  -1.3843248e+03
   4.0490000e+02  -1.3844723e+03
   4.0492500e+02  -1.3844844e+03
   4.0494375e+02  -1.3844760e+03
   4.0496875e+02  -1.3845778e+03
   4.0499375e+02  -1.3846969e+03
   4.0502500e+02  -1.3843999e+03
   4.0505000e+02  -1.3841472e+03
   4.0506875e+02  -1.3842485e+03
   4.0509375e+02  -1.3847396e+03
   4.0511875e+02  -1.3853032e+03
   4.0513750e+02  -1.3857142e+03
   4.0516250e+02  -1.3863272e+03
   4.0518750e+02  -1.3871172e+03
   4.0520625e+02  -1.3876850e+03
   4.0523125e+02  -1.3880896e+03
   4.0525625e+02  -1.3881321e+03
   4.0527500e+02  -1.3881022e+03
   4.0530000e+02  -1.3882308e+03
   4.0531875e+02  -1.3883809e+03
   4.0534375e+02  -1.3884493e+03
   4.0536875e+02  -1.3883922e+03
   4.0538750e+02  -1.3883840e+03
   4.0541250e+02  -1.3885493e+03
   4.0543750e+02  -1.3887519e+03
   4.0545625e+02  -1.3888346e+03
   4.0548125e+02  -1.3888379e+03
   4.0550000e+02  -1.3888479e+03
   4.0552500e+02  -1.3889917e+03
   4.0555000e+02  -1.3891659e+03
   4.0556875e+02  -1.3892207e+03
   4.0559375e+02  -1.3892845e+03
   4.0561875e+02  -1.3896549e+03
   4.0563750e+02  -1.3900507e+03
   4.0566250e+02  -1.3903783e+03
   4.0568750e+02  -1.3904364e+03
   4.0570625e+02  -1.3903911e+03
   4.0573125e+02  -1.3902549e+03
