   3.5975417e+02  -1.4699435e+03
   3.5977500e+02  -1.4701186e+03
   3.5979583e+02  -1.4706208e+03
   3.5982083e+02  -1.4713219e+03
   3.5984167e+02  -1.4716046e+03
   3.5986667e+02  -1.4713863e+03
   3.5988750e+02  -1.4709829e+03
   3.5991250e+02  -1.4704379e+03
   3.5993333e+02  -1.4698972e+03
   3.5995833e+02  -1.4693591e+03
   3.5997917e+02  -1.4692558e+03
   3.6001250e+02  -1.4698493e+03
   3.6003750e+02  -1.4698852e+03
   3.6005833e+02  -1.4691399e+03
   3.6008333e+02  -1.4673361e+03
   3.6010417e+02  -1.4652873e+03
   3.6012500e+02  -1.4630713e+03
   3.6015000e+02  -1.4604331e+03
   3.6017083e+02  -1.4584146e+03
   3.6019583e+02  -1.4564532e+03
   3.6021667e+02  -1.4554644e+03
   3.6024167e+02  -1.4549745e+03
   3.6026250e+02  -1.4543191e+03
   3.6028750e+02  -1.4531190e+03
   3.6030833e+02  -1.4518234e+03
   3.6033333e+02  -1.4502973e+03
   3.6035417e+02  -1.4494066e+03
   3.6037917e+02  -1.4486360e+03
   3.6040000e+02  -1.4480161e+03
   3.6042083e+02  -1.4475992e+03
   3.6044583e+02  -1.4477259e+03
   3.6046667e+02  -1.4481596e+03
   3.6049167e+02  -1.4483558e+03
   3.6051250e+02  -1.4480896e+03
   3.6053750e+02  -1.4477170e+03
   3.6055833e+02  -1.4477783e+03
   3.6058333e+02  -1.4482063e+03
   3.6060417e+02  -1.4483051e+03
   3.6062917e+02  -1.4480069e+03
   3.6065000e+02  -1.4478828e+03
   3.6067083e+02  -1.4480927e+03
   3.6069583e+02  -1.4483529e+03
   3.6071667e+02  -1.4482162e+03
   3.6074167e+02  -1.4478261e+03
   3.6076250e+02  -1.4478044e+03
   3.6078750e+02  -1.4483816e+03
   3.6080833e+02  -1.4490273e+03
   3.6083333e+02  -1.4493990e+03
   3.6085417e+02  -1.4493574e+03
   3.6087917e+02  -1.4493406e+03
   3.6090000e+02  -1.4493648e+03
   3.6092083e+02  -1.4490701e+03
   3.6094583e+02  -1.4481163e+03
   3.6096667e+02  -1.4472323e+03
   3.6099167e+02  -1.4466849e+03
   3.6102500e+02  -1.4468499e+03
   3.6104583e+02  -1.4467872e+03
   3.6107083e+02  -1.4463869e+03
   3.6109167e+02  -1.4460257e+03
   3.6111667e+02  -1.4459194e+03
   3.6113750e+02  -1.4457512e+03
   3.6116250e+02  -1.4448342e+03
   3.6118333e+02  -1.4436819e+03
   3.6120833e+02  -1.4426542e+03
   3.6122917e+02  -1.4423571e+03
   3.6125000e+02  -1.4420414e+03
   3.6127500e+02  -1.4411851e+03
   3.6129583e+02  -1.4402686e+03
   3.6132083e+02  -1.4395178e+03
   3.6134167e+02  -1.4394005e+03
   3.6136667e+02  -1.4392303e+03
   3.6138750e+02  -1.4384927e+03
   3.6141250e+02  -1.4372677e+03
   3.6143333e+02  -1.4366659e+03
   3.6145833e+02  -1.4364942e+03
   3.6147917e+02  -1.4361952e+03
   3.6150417e+02  -1.4353392e+03
   3.6152500e+02  -1.4346674e+03
   3.6154583e+02  -1.4345608e+03
   3.6157083e+02  -1.4352023e+03
   3.6159167e+02  -1.4357399e+03
   3.6161667e+02  -1.4358292e+03
   3.6163750e+02  -1.4356852e+03
   3.6166250e+02  -1.4357528e+03
   3.6168333e+02  -1.4358348e+03
   3.6170833e+02  -1.4354963e+03
   3.6172917e+02  -1.4348384e+03
   3.6175417e+02  -1.4341288e+03
   3.6177500e+02  -1.4340647e+03
   3.6179583e+02  -1.4344731e+03
   3.6182083e+02  -1.4351471e+03
   3.6184167e+02  -1.4355390e+03
   3.6186667e+02  -1.4359792e+03
   3.6188750e+02  -1.4364621e+03
   3.6191250e+02  -1.4369150e+03
   3.6193333e+02  -1.4368579e+03
   3.6195833e+02  -1.4362208e+03
   3.6197917e+02  -1.4355060e+03
   3.6201250e+02  -1.4346770e+03
   3.6203750e+02  -1.4340745e+03
   3.6205833e+02  -1.4332793e+03
   3.6208333e+02  -1.4320807e+03
   3.6210417e+02  -1.4312616e+03
   3.6212500e+02  -1.4307030e+03
   3.6215000e+02  -1.4300569e+03
   3.6217083e+02  -1.4293199e+03
   3.6219583e+02  -1.4282765e+03
   3.6221667e+02  -1.4275956e+03
   3.6224167e+02  -1.4270114e+03
   3.6226250e+02  -1.4262518e+03
   3.6228750e+02  -1.4249518e+03
   3.6230833e+02  -1.4237856e+03
   3.6233333e+02  -1.4228621e+03
   3.6235417e+02  -1.4226544e+03
   3.6237917e+02  -1.4227446e+03
   3.6240000e+02  -1.4227676e+03
   3.6242083e+02  -1.4227228e+03
   3.6244583e+02  -1.4227721e+03
   3.6246667e+02  -1.4228433e+03
   3.6249167e+02  -1.4226567e+03
   3.6251250e+02  -1.4222094e+03
   3.6253750e+02  -1.4215597e+03
   3.6255833e+02  -1.4212551e+03
   3.6258333e+02  -1.4214047e+03
   3.6260417e+02  -1.4217548e+03
   3.6262917e+02  -1.4222013e+03
   3.6265000e+02  -1.4225431e+03
   3.6267083e+02  -1.4229337e+03
   3.6269583e+02  -1.4234823e+03
   3.6271667e+02  -1.4238434e+03
   3.6274167e+02  -1.4240888e+03
   3.6276250e+02  -1.4241351e+03
   3.6278750e+02  -1.4241454e+03
   3.6280833e+02  -1.4242595e+03
   3.6283333e+02  -1.4244666e+03
   3.6285417e+02  -1.4245608e+03
   3.6287917e+02  -1.4244376e+03
   3.6290000e+02  -1.4241525e+03
   3.6292083e+02  -1.4238473e+03
   3.6294583e+02  -1.4236652e+03
   3.6296667e+02  -1.4236829e+03
   3.6299167e+02  -1.4236687e+03
   3.6302500e+02  -1.4234308e+03
   3.6304583e+02  -1.4235357e+03
   3.6307083e+02  -1.4239969e+03
   3.6309167e+02  -1.4243190e+03
   3.6311667e+02  -1.4242781e+03
   3.6313750e+02  -1.4239115e+03
   3.6316250e+02  -1.4233838e+03
   3.6318333e+02  -1.4231056e+03
   3.6320833e+02  -1.4229288e+03
   3.6322917e+02  -1.4227317e+03
   3.6325000e+02  -1.4224760e+03
   3.6327500e+02  -1.4224210e+03
   3.6329583e+02  -1.4227242e+03
   3.6332083e+02  -1.4231890e+03
   3.6334167e+02  -1.4233708e+03
   3.6336667e+02  -1.4231539e+03
   3.6338750e+02  -1.4227079e+03
   3.6341250e+02  -1.4221554e+03
   3.6343333e+02  -1.4217996e+03
   3.6345833e+02  -1.4213837e+03
   3.6347917e+02  -1.4209143e+03
   3.6350417e+02  -1.4203443e+03
   3.6352500e+02  -1.4200960e+03
   3.6354583e+02  -1.4200612e+03
   3.6357083e+02  -1.4201041e+03
   3.6359167e+02  -1.4200047e+03
   3.6361667e+02  -1.4197562e+03
   3.6363750e+02  -1.4196306e+03
   3.6366250e+02  -1.4197108e+03
   3.6368333e+02  -1.4198231e+03
   3.6370833e+02  -1.4199037e+03
   3.6372917e+02  -1.4199268e+03
   3.6375417e+02  -1.4200546e+03
   3.6377500e+02  -1.4203039e+03
   3.6379583e+02  -1.4205749e+03
   3.6382083e+02  -1.4206671e+03
   3.6384167e+02  -1.4204854e+03
   3.6386667e+02  -1.4202551e+03
   3.6388750e+02  -1.4201147e+03
   3.6391250e+02  -1.4198953e+03
   3.6393333e+02  -1.4196722e+03
   3.6395833e+02  -1.4194707e+03
   3.6397917e+02  -1.4194887e+03
   3.6401250e+02  -1.4197592e+03
   3.6403750e+02  -1.4201135e+03
   3.6405833e+02  -1.4204898e+03
   3.6408333e+02  -1.4209816e+03
   3.6410417e+02  -1.4214889e+03
   3.6412500e+02  -1.4220826e+03
   3.6415000e+02  -1.4225429e+03
   3.6417083e+02  -1.4225573e+03
   3.6419583e+02  -1.4225347e+03
   3.6421667e+02  -1.4227224e+03
   3.6424167e+02  -1.4230837e+03
   3.6426250e+02  -1.4233796e+03
   3.6428750e+02  -1.4236284e+03
   3.6430833e+02  -1.4236094e+03
   3.6433333e+02  -1.4234284e+03
   3.6435417e+02  -1.4231602e+03
   3.6437917e+02  -1.4222800e+03
   3.6440000e+02  -1.4210880e+03
   3.6442083e+02  -1.4199146e+03
   3.6444583e+02  -1.4191562e+03
   3.6446667e+02  -1.4190011e+03
   3.6449167e+02  -1.4190519e+03
   3.6451250e+02  -1.4191747e+03
   3.6453750e+02  -1.4193320e+03
   3.6455833e+02  -1.4196161e+03
   3.6458333e+02  -1.4199656e+03
   3.6460417e+02  -1.4198304e+03
   3.6462917e+02  -1.4190869e+03
   3.6465000e+02  -1.4183830e+03
   3.6467083e+02  -1.4178121e+03
   3.6469583e+02  -1.4173540e+03
   3.6471667e+02  -1.4172405e+03
   3.6474167e+02  -1.4173031e+03
   3.6476250e+02  -1.4174441e+03
   3.6478750e+02  -1.4178895e+03
   3.6480833e+02  -1.4184387e+03
   3.6483333e+02  -1.4188330e+03
   3.6485417e+02  -1.4188442e+03
   3.6487917e+02  -1.4187420e+03
   3.6490000e+02  -1.4186071e+03
   3.6492083e+02  -1.4184574e+03
   3.6494583e+02  -1.4183603e+03
   3.6496667e+02  -1.4183627e+03
   3.6499167e+02  -1.4184606e+03
   3.6502500e+02  -1.4187627e+03
   3.6504583e+02  -1.4182906e+03
   3.6507083e+02  -1.4169473e+03
   3.6509167e+02  -1.4154888e+03
   3.6511667e+02  -1.4137411e+03
   3.6513750e+02  -1.4122264e+03
   3.6516250e+02  -1.4103040e+03
   3.6518333e+02  -1.4089068e+03
   3.6520833e+02  -1.4077574e+03
   3.6522917e+02  -1.4073131e+03
   3.6525000e+02  -1.4067809e+03
   3.6527500e+02  -1.4056419e+03
   3.6529583e+02  -1.4044287e+03
   3.6532083e+02  -1.4030568e+03
   3.6534167e+02  -1.4022773e+03
   3.6536667e+02  -1.4017206e+03
   3.6538750e+02  -1.4013830e+03
   3.6541250e+02  -1.4012538e+03
   3.6543333e+02  -1.4015772e+03
   3.6545833e+02  -1.4023999e+03
   3.6547917e+02  -1.4030456e+03
   3.6550417e+02  -1.4034839e+03
   3.6552500e+02  -1.4036163e+03
   3.6554583e+02  -1.4037224e+03
   3.6557083e+02  -1.4039246e+03
   3.6559167e+02  -1.4039780e+03
   3.6561667e+02  -1.4037735e+03
   3.6563750e+02  -1.4035382e+03
   3.6566250e+02  -1.4033698e+03
   3.6568333e+02  -1.4034080e+03
   3.6570833e+02  -1.4036281e+03
   3.6572917e+02  -1.4038782e+03
   3.6575417e+02  -1.4041496e+03
   3.6577500e+02  -1.4043908e+03
   3.6579583e+02  -1.4046741e+03
   3.6582083e+02  -1.4047716e+03
   3.6584167e+02  -1.4044802e+03
   3.6586667e+02  -1.4037761e+03
   3.6588750e+02  -1.4030277e+03
   3.6591250e+02  -1.4020803e+03
   3.6593333e+02  -1.4014231e+03
   3.6595833e+02  -1.4010298e+03
   3.6597917e+02  -1.4011116e+03
   3.6601250e+02  -1.4020808e+03
   3.6603750e+02  -1.4024922e+03
   3.6605833e+02  -1.4020441e+03
   3.6608333e+02  -1.4008086e+03
   3.6610417e+02  -1.3994250e+03
   3.6612500e+02  -1.3977747e+03
   3.6615000e+02  -1.3956255e+03
   3.6617083e+02  -1.3939593e+03
   3.6619583e+02  -1.3923563e+03
   3.6621667e+02  -1.3915292e+03
   3.6624167e+02  -1.3911200e+03
   3.6626250e+02  -1.3906183e+03
   3.6628750e+02  -1.3896047e+03
   3.6630833e+02  -1.3884181e+03
   3.6633333e+02  -1.3869774e+03
   3.6635417e+02  -1.3861029e+03
   3.6637917e+02  -1.3854529e+03
   3.6640000e+02  -1.3850982e+03
   3.6642083e+02  -1.3848502e+03
   3.6644583e+02  -1.3848839e+03
   3.6646667e+02  -1.3853419e+03
   3.6649167e+02  -1.3860493e+03
   3.6651250e+02  -1.3863703e+03
   3.6653750e+02  -1.3863406e+03
   3.6655833e+02  -1.3863893e+03
   3.6658333e+02  -1.3868726e+03
   3.6660417e+02  -1.3874010e+03
   3.6662917e+02  -1.3879466e+03
   3.6665000e+02  -1.3882103e+03
   3.6667083e+02  -1.3884039e+03
   3.6669583e+02  -1.3888047e+03
   3.6671667e+02  -1.3892424e+03
   3.6674167e+02  -1.3895891e+03
   3.6676250e+02  -1.3896203e+03
   3.6678750e+02  -1.3896255e+03
   3.6680833e+02  -1.3896006e+03
   3.6683333e+02  -1.3894843e+03
   3.6685417e+02  -1.3894010e+03
   3.6687917e+02  -1.3891404e+03
   3.6690000e+02  -1.3885661e+03
   3.6692083e+02  -1.3877530e+03
   3.6694583e+02  -1.3870373e+03
   3.6696667e+02  -1.3868219e+03
   3.6699167e+02  -1.3868126e+03
   3.6702500e+02  -1.3867431e+03
   3.6704583e+02  -1.3863454e+03
   3.6707083e+02  -1.3858898e+03
   3.6709167e+02  -1.3854682e+03
   3.6711667e+02  -1.3842430e+03
   3.6713750e+02  -1.3825934e+03
   3.6716250e+02  -1.3807092e+03
   3.6718333e+02  -1.3796246e+03
   3.6720833e+02  -1.3787518e+03
   3.6722917e+02  -1.3782982e+03
   3.6725000e+02  -1.3778740e+03
   3.6727500e+02  -1.3773281e+03
   3.6729583e+02  -1.3770892e+03
   3.6732083e+02  -1.3770102e+03
   3.6734167e+02  -1.3767332e+03
   3.6736667e+02  -1.3760642e+03
   3.6738750e+02  -1.3754683e+03
   3.6741250e+02  -1.3748758e+03
   3.6743333e+02  -1.3744581e+03
   3.6745833e+02  -1.3741171e+03
   3.6747917e+02  -1.3739638e+03
   3.6750417e+02  -1.3739680e+03
   3.6752500e+02  -1.3743592e+03
   3.6754583e+02  -1.3751157e+03
   3.6757083e+02  -1.3760368e+03
   3.6759167e+02  -1.3764958e+03
   3.6761667e+02  -1.3768265e+03
   3.6763750e+02  -1.3770821e+03
   3.6766250e+02  -1.3772030e+03
   3.6768333e+02  -1.3770505e+03
   3.6770833e+02  -1.3767040e+03
   3.6772917e+02  -1.3766150e+03
   3.6775417e+02  -1.3769489e+03
   3.6777500e+02  -1.3774989e+03
   3.6779583e+02  -1.3779639e+03
   3.6782083e+02  -1.3781762e+03
   3.6784167e+02  -1.3783269e+03
   3.6786667e+02  -1.3786410e+03
   3.6788750e+02  -1.3786995e+03
   3.6791250e+02  -1.3781593e+03
   3.6793333e+02  -1.3774759e+03
   3.6795833e+02  -1.3769202e+03
   3.6797917e+02  -1.3767695e+03
   3.6801250e+02  -1.3765586e+03
   3.6803750e+02  -1.3763206e+03
   3.6805833e+02  -1.3763724e+03
   3.6808333e+02  -1.3769238e+03
   3.6810417e+02  -1.3776812e+03
   3.6812500e+02  -1.3782640e+03
   3.6815000e+02  -1.3785524e+03
   3.6817083e+02  -1.3787445e+03
   3.6819583e+02  -1.3791249e+03
   3.6821667e+02  -1.3794216e+03
   3.6824167e+02  -1.3793589e+03
   3.6826250e+02  -1.3789929e+03
   3.6828750e+02  -1.3783619e+03
   3.6830833e+02  -1.3782367e+03
   3.6833333e+02  -1.3786354e+03
   3.6835417e+02  -1.3788967e+03
   3.6837917e+02  -1.3790183e+03
   3.6840000e+02  -1.3792692e+03
   3.6842083e+02  -1.3797757e+03
   3.6844583e+02  -1.3803819e+03
   3.6846667e+02  -1.3805204e+03
   3.6849167e+02  -1.3800004e+03
   3.6851250e+02  -1.3793279e+03
   3.6853750e+02  -1.3788306e+03
   3.6855833e+02  -1.3785400e+03
   3.6858333e+02  -1.3779799e+03
   3.6860417e+02  -1.3776562e+03
   3.6862917e+02  -1.3779652e+03
   3.6865000e+02  -1.3785741e+03
   3.6867083e+02  -1.3790638e+03
   3.6869583e+02  -1.3792865e+03
   3.6871667e+02  -1.3793012e+03
   3.6874167e+02  -1.3793173e+03
   3.6876250e+02  -1.3792986e+03
   3.6878750e+02  -1.3789935e+03
   3.6880833e+02  -1.3785966e+03
   3.6883333e+02  -1.3785038e+03
   3.6885417e+02  -1.3789373e+03
   3.6887917e+02  -1.3796589e+03
   3.6890000e+02  -1.3800341e+03
   3.6892083e+02  -1.3801477e+03
   3.6894583e+02  -1.3801825e+03
   3.6896667e+02  -1.3801899e+03
   3.6899167e+02  -1.3799863e+03
   3.6902500e+02  -1.3791750e+03
   3.6904583e+02  -1.3790944e+03
   3.6907083e+02  -1.3797971e+03
   3.6909167e+02  -1.3809717e+03
   3.6911667e+02  -1.3826375e+03
   3.6913750e+02  -1.3836392e+03
   3.6916250e+02  -1.3842217e+03
   3.6918333e+02  -1.3845724e+03
   3.6920833e+02  -1.3850435e+03
   3.6922917e+02  -1.3850758e+03
   3.6925000e+02  -1.3847837e+03
   3.6927500e+02  -1.3845266e+03
   3.6929583e+02  -1.3848666e+03
   3.6932083e+02  -1.3860782e+03
   3.6934167e+02  -1.3871415e+03
   3.6936667e+02  -1.3875984e+03
   3.6938750e+02  -1.3873389e+03
   3.6941250e+02  -1.3869898e+03
   3.6943333e+02  -1.3867973e+03
   3.6945833e+02  -1.3861848e+03
   3.6947917e+02  -1.3852146e+03
   3.6950417e+02  -1.3840802e+03
   3.6952500e+02  -1.3836371e+03
   3.6954583e+02  -1.3835741e+03
   3.6957083e+02  -1.3835201e+03
   3.6959167e+02  -1.3833225e+03
   3.6961667e+02  -1.3830934e+03
   3.6963750e+02  -1.3830908e+03
   3.6966250e+02  -1.3832648e+03
   3.6968333e+02  -1.3832631e+03
   3.6970833e+02  -1.3829615e+03
   3.6972917e+02  -1.3826958e+03
   3.6975417e+02  -1.3825561e+03
   3.6977500e+02  -1.3824734e+03
   3.6979583e+02  -1.3822573e+03
   3.6982083e+02  -1.3819191e+03
   3.6984167e+02  -1.3817194e+03
   3.6986667e+02  -1.3817915e+03
   3.6988750e+02  -1.3821080e+03
   3.6991250e+02  -1.3824959e+03
   3.6993333e+02  -1.3827306e+03
   3.6995833e+02  -1.3830849e+03
   3.6997917e+02  -1.3834242e+03
   3.7001250e+02  -1.3833668e+03
   3.7003750e+02  -1.3823337e+03
   3.7005833e+02  -1.3810959e+03
   3.7008333e+02  -1.3796341e+03
   3.7010417e+02  -1.3785599e+03
   3.7012500e+02  -1.3775128e+03
   3.7015000e+02  -1.3762599e+03
   3.7017083e+02  -1.3754646e+03
   3.7019583e+02  -1.3752814e+03
   3.7021667e+02  -1.3756877e+03
   3.7024167e+02  -1.3762159e+03
   3.7026250e+02  -1.3762152e+03
   3.7028750e+02  -1.3760588e+03
   3.7030833e+02  -1.3760936e+03
   3.7033333e+02  -1.3761914e+03
   3.7035417e+02  -1.3760579e+03
   3.7037917e+02  -1.3754991e+03
   3.7040000e+02  -1.3750504e+03
   3.7042083e+02  -1.3749642e+03
   3.7044583e+02  -1.3752085e+03
   3.7046667e+02  -1.3752819e+03
   3.7049167e+02  -1.3750510e+03
   3.7051250e+02  -1.3748653e+03
   3.7053750e+02  -1.3747786e+03
   3.7055833e+02  -1.3748013e+03
   3.7058333e+02  -1.3747833e+03
   3.7060417e+02  -1.3747036e+03
   3.7062917e+02  -1.3746752e+03
   3.7065000e+02  -1.3748658e+03
   3.7067083e+02  -1.3751208e+03
   3.7069583e+02  -1.3752509e+03
   3.7071667e+02  -1.3752453e+03
   3.7074167e+02  -1.3751005e+03
   3.7076250e+02  -1.3748051e+03
   3.7078750e+02  -1.3742506e+03
   3.7080833e+02  -1.3737839e+03
   3.7083333e+02  -1.3734163e+03
   3.7085417e+02  -1.3733393e+03
   3.7087917e+02  -1.3734612e+03
   3.7090000e+02  -1.3735685e+03
   3.7092083e+02  -1.3736832e+03
   3.7094583e+02  -1.3740222e+03
   3.7096667e+02  -1.3743452e+03
   3.7099167e+02  -1.3742178e+03
   3.7102500e+02  -1.3730281e+03
   3.7104583e+02  -1.3723550e+03
   3.7107083e+02  -1.3718194e+03
   3.7109167e+02  -1.3712902e+03
   3.7111667e+02  -1.3704166e+03
   3.7113750e+02  -1.3698417e+03
   3.7116250e+02  -1.3697584e+03
   3.7118333e+02  -1.3702279e+03
   3.7120833e+02  -1.3709540e+03
   3.7122917e+02  -1.3713646e+03
   3.7125000e+02  -1.3717211e+03
   3.7127500e+02  -1.3724003e+03
   3.7129583e+02  -1.3729548e+03
   3.7132083e+02  -1.3729754e+03
   3.7134167e+02  -1.3726203e+03
   3.7136667e+02  -1.3723374e+03
   3.7138750e+02  -1.3724486e+03
   3.7141250e+02  -1.3730161e+03
   3.7143333e+02  -1.3737800e+03
   3.7145833e+02  -1.3749925e+03
   3.7147917e+02  -1.3761646e+03
   3.7150417e+02  -1.3776565e+03
   3.7152500e+02  -1.3784784e+03
   3.7154583e+02  -1.3785888e+03
   3.7157083e+02  -1.3778124e+03
   3.7159167e+02  -1.3767247e+03
   3.7161667e+02  -1.3753112e+03
   3.7163750e+02  -1.3743212e+03
   3.7166250e+02  -1.3737049e+03
   3.7168333e+02  -1.3737035e+03
   3.7170833e+02  -1.3743594e+03
   3.7172917e+02  -1.3753130e+03
   3.7175417e+02  -1.3763584e+03
   3.7177500e+02  -1.3765762e+03
   3.7179583e+02  -1.3761723e+03
   3.7182083e+02  -1.3753483e+03
   3.7184167e+02  -1.3746454e+03
   3.7186667e+02  -1.3740165e+03
   3.7188750e+02  -1.3737125e+03
   3.7191250e+02  -1.3737931e+03
   3.7193333e+02  -1.3744240e+03
   3.7195833e+02  -1.3757747e+03
   3.7197917e+02  -1.3768623e+03
   3.7201250e+02  -1.3772902e+03
   3.7203750e+02  -1.3752700e+03
   3.7205833e+02  -1.3720868e+03
   3.7208333e+02  -1.3675383e+03
   3.7210417e+02  -1.3636318e+03
   3.7212500e+02  -1.3601049e+03
   3.7215000e+02  -1.3568781e+03
   3.7217083e+02  -1.3550614e+03
   3.7219583e+02  -1.3540500e+03
   3.7221667e+02  -1.3540755e+03
   3.7224167e+02  -1.3541593e+03
   3.7226250e+02  -1.3528794e+03
   3.7228750e+02  -1.3504443e+03
   3.7230833e+02  -1.3481753e+03
   3.7233333e+02  -1.3454700e+03
   3.7235417e+02  -1.3437824e+03
   3.7237917e+02  -1.3426187e+03
   3.7240000e+02  -1.3423633e+03
   3.7242083e+02  -1.3430306e+03
   3.7244583e+02  -1.3447920e+03
   3.7246667e+02  -1.3459105e+03
   3.7249167e+02  -1.3458689e+03
   3.7251250e+02  -1.3449543e+03
   3.7253750e+02  -1.3433660e+03
   3.7255833e+02  -1.3419925e+03
   3.7258333e+02  -1.3407286e+03
   3.7260417e+02  -1.3401206e+03
   3.7262917e+02  -1.3399247e+03
   3.7265000e+02  -1.3405701e+03
   3.7267083e+02  -1.3418894e+03
   3.7269583e+02  -1.3434378e+03
   3.7271667e+02  -1.3442170e+03
   3.7274167e+02  -1.3446053e+03
   3.7276250e+02  -1.3445434e+03
   3.7278750e+02  -1.3440234e+03
   3.7280833e+02  -1.3434654e+03
   3.7283333e+02  -1.3428935e+03
   3.7285417e+02  -1.3426515e+03
   3.7287917e+02  -1.3429907e+03
   3.7290000e+02  -1.3437877e+03
   3.7292083e+02  -1.3446645e+03
   3.7294583e+02  -1.3454735e+03
   3.7296667e+02  -1.3459234e+03
   3.7299167e+02  -1.3461339e+03
   3.7302500e+02  -1.3456160e+03
   3.7304583e+02  -1.3442851e+03
   3.7307083e+02  -1.3419410e+03
   3.7309167e+02  -1.3396424e+03
   3.7311667e+02  -1.3369866e+03
   3.7313750e+02  -1.3351546e+03
   3.7316250e+02  -1.3333296e+03
   3.7318333e+02  -1.3321079e+03
   3.7320833e+02  -1.3313302e+03
   3.7322917e+02  -1.3313429e+03
   3.7325000e+02  -1.3312064e+03
   3.7327500e+02  -1.3302760e+03
   3.7329583e+02  -1.3290715e+03
   3.7332083e+02  -1.3273256e+03
   3.7334167e+02  -1.3259582e+03
   3.7336667e+02  -1.3247461e+03
   3.7338750e+02  -1.3239172e+03
   3.7341250e+02  -1.3231639e+03
   3.7343333e+02  -1.3230918e+03
   3.7345833e+02  -1.3236919e+03
   3.7347917e+02  -1.3243027e+03
   3.7350417e+02  -1.3247999e+03
   3.7352500e+02  -1.3249188e+03
   3.7354583e+02  -1.3247802e+03
   3.7357083e+02  -1.3245323e+03
   3.7359167e+02  -1.3244508e+03
   3.7361667e+02  -1.3244190e+03
   3.7363750e+02  -1.3244159e+03
   3.7366250e+02  -1.3246938e+03
   3.7368333e+02  -1.3252445e+03
   3.7370833e+02  -1.3261265e+03
   3.7372917e+02  -1.3268038e+03
   3.7375417e+02  -1.3272200e+03
   3.7377500e+02  -1.3271430e+03
   3.7379583e+02  -1.3269392e+03
   3.7382083e+02  -1.3269257e+03
   3.7384167e+02  -1.3270433e+03
   3.7386667e+02  -1.3272293e+03
   3.7388750e+02  -1.3275503e+03
   3.7391250e+02  -1.3282303e+03
   3.7393333e+02  -1.3289423e+03
   3.7395833e+02  -1.3296881e+03
   3.7397917e+02  -1.3298876e+03
   3.7401250e+02  -1.3290900e+03
   3.7403750e+02  -1.3288625e+03
   3.7405833e+02  -1.3294829e+03
   3.7408333e+02  -1.3307639e+03
   3.7410417e+02  -1.3322448e+03
   3.7412500e+02  -1.3342046e+03
   3.7415000e+02  -1.3369583e+03
   3.7417083e+02  -1.3392611e+03
   3.7419583e+02  -1.3415559e+03
   3.7421667e+02  -1.3427483e+03
   3.7424167e+02  -1.3431233e+03
   3.7426250e+02  -1.3432821e+03
   3.7428750e+02  -1.3433252e+03
   3.7430833e+02  -1.3431897e+03
   3.7433333e+02  -1.3429517e+03
   3.7435417e+02  -1.3428859e+03
   3.7437917e+02  -1.3429051e+03
   3.7440000e+02  -1.3429375e+03
   3.7442083e+02  -1.3429834e+03
   3.7444583e+02  -1.3430865e+03
   3.7446667e+02  -1.3431118e+03
   3.7449167e+02  -1.3429727e+03
   3.7451250e+02  -1.3427671e+03
   3.7453750e+02  -1.3424276e+03
   3.7455833e+02  -1.3420352e+03
   3.7458333e+02  -1.3414903e+03
   3.7460417e+02  -1.3410838e+03
   3.7462917e+02  -1.3407680e+03
   3.7465000e+02  -1.3406980e+03
   3.7467083e+02  -1.3407717e+03
   3.7469583e+02  -1.3409085e+03
   3.7471667e+02  -1.3409803e+03
   3.7474167e+02  -1.3410382e+03
   3.7476250e+02  -1.3410621e+03
   3.7478750e+02  -1.3409864e+03
   3.7480833e+02  -1.3408762e+03
   3.7483333e+02  -1.3407312e+03
   3.7485417e+02  -1.3407198e+03
   3.7487917e+02  -1.3410326e+03
   3.7490000e+02  -1.3414978e+03
   3.7492083e+02  -1.3419396e+03
   3.7494583e+02  -1.3422192e+03
   3.7496667e+02  -1.3423047e+03
   3.7499167e+02  -1.3422979e+03
   3.7502500e+02  -1.3422039e+03
   3.7504583e+02  -1.3431394e+03
   3.7507083e+02  -1.3453303e+03
   3.7509167e+02  -1.3479057e+03
   3.7511667e+02  -1.3516705e+03
   3.7513750e+02  -1.3548415e+03
   3.7516250e+02  -1.3578793e+03
   3.7518333e+02  -1.3598304e+03
   3.7520833e+02  -1.3616693e+03
   3.7522917e+02  -1.3624511e+03
   3.7525000e+02  -1.3628846e+03
   3.7527500e+02  -1.3635380e+03
   3.7529583e+02  -1.3643980e+03
   3.7532083e+02  -1.3656678e+03
   3.7534167e+02  -1.3666198e+03
   3.7536667e+02  -1.3671087e+03
   3.7538750e+02  -1.3668340e+03
   3.7541250e+02  -1.3660941e+03
   3.7543333e+02  -1.3654850e+03
   3.7545833e+02  -1.3646993e+03
   3.7547917e+02  -1.3638015e+03
   3.7550417e+02  -1.3628931e+03
   3.7552500e+02  -1.3626736e+03
   3.7554583e+02  -1.3628060e+03
   3.7557083e+02  -1.3628415e+03
   3.7559167e+02  -1.3626765e+03
   3.7561667e+02  -1.3625211e+03
   3.7563750e+02  -1.3626443e+03
   3.7566250e+02  -1.3631139e+03
   3.7568333e+02  -1.3633938e+03
   3.7570833e+02  -1.3633042e+03
   3.7572917e+02  -1.3632184e+03
   3.7575417e+02  -1.3634662e+03
   3.7577500e+02  -1.3636461e+03
   3.7579583e+02  -1.3635016e+03
   3.7582083e+02  -1.3631496e+03
   3.7584167e+02  -1.3630241e+03
   3.7586667e+02  -1.3632896e+03
   3.7588750e+02  -1.3638400e+03
   3.7591250e+02  -1.3644566e+03
   3.7593333e+02  -1.3646849e+03
   3.7595833e+02  -1.3649814e+03
   3.7597917e+02  -1.3653856e+03
   3.7601250e+02  -1.3653781e+03
   3.7603750e+02  -1.3656666e+03
   3.7605833e+02  -1.3668515e+03
   3.7608333e+02  -1.3692557e+03
   3.7610417e+02  -1.3718569e+03
   3.7612500e+02  -1.3746121e+03
   3.7615000e+02  -1.3774222e+03
   3.7617083e+02  -1.3793102e+03
   3.7619583e+02  -1.3814732e+03
   3.7621667e+02  -1.3829607e+03
   3.7624167e+02  -1.3840336e+03
   3.7626250e+02  -1.3852812e+03
   3.7628750e+02  -1.3871858e+03
   3.7630833e+02  -1.3888025e+03
   3.7633333e+02  -1.3903809e+03
   3.7635417e+02  -1.3910004e+03
   3.7637917e+02  -1.3906969e+03
   3.7640000e+02  -1.3899303e+03
   3.7642083e+02  -1.3891258e+03
   3.7644583e+02  -1.3884195e+03
   3.7646667e+02  -1.3881049e+03
   3.7649167e+02  -1.3882342e+03
   3.7651250e+02  -1.3888536e+03
   3.7653750e+02  -1.3899774e+03
   3.7655833e+02  -1.3907488e+03
   3.7658333e+02  -1.3908716e+03
   3.7660417e+02  -1.3903500e+03
   3.7662917e+02  -1.3894393e+03
   3.7665000e+02  -1.3888381e+03
   3.7667083e+02  -1.3885601e+03
   3.7669583e+02  -1.3887009e+03
   3.7671667e+02  -1.3892925e+03
   3.7674167e+02  -1.3906467e+03
   3.7676250e+02  -1.3919587e+03
   3.7678750e+02  -1.3929726e+03
   3.7680833e+02  -1.3931600e+03
   3.7683333e+02  -1.3928101e+03
   3.7685417e+02  -1.3922284e+03
   3.7687917e+02  -1.3913825e+03
   3.7690000e+02  -1.3907472e+03
   3.7692083e+02  -1.3904057e+03
   3.7694583e+02  -1.3907282e+03
   3.7696667e+02  -1.3916312e+03
   3.7699167e+02  -1.3928975e+03
   3.7702500e+02  -1.3940335e+03
   3.7704583e+02  -1.3951541e+03
   3.7707083e+02  -1.3967368e+03
   3.7709167e+02  -1.3979450e+03
   3.7711667e+02  -1.3993244e+03
   3.7713750e+02  -1.4004666e+03
   3.7716250e+02  -1.4019866e+03
   3.7718333e+02  -1.4034661e+03
   3.7720833e+02  -1.4051004e+03
   3.7722917e+02  -1.4059099e+03
   3.7725000e+02  -1.4066901e+03
   3.7727500e+02  -1.4079539e+03
   3.7729583e+02  -1.4088340e+03
   3.7732083e+02  -1.4093407e+03
   3.7734167e+02  -1.4093227e+03
   3.7736667e+02  -1.4088477e+03
   3.7738750e+02  -1.4083815e+03
   3.7741250e+02  -1.4082837e+03
   3.7743333e+02  -1.4086333e+03
   3.7745833e+02  -1.4094341e+03
   3.7747917e+02  -1.4103713e+03
   3.7750417e+02  -1.4116707e+03
   3.7752500e+02  -1.4125824e+03
   3.7754583e+02  -1.4131006e+03
   3.7757083e+02  -1.4129731e+03
   3.7759167e+02  -1.4121703e+03
   3.7761667e+02  -1.4107460e+03
   3.7763750e+02  -1.4096922e+03
   3.7766250e+02  -1.4089437e+03
   3.7768333e+02  -1.4087471e+03
   3.7770833e+02  -1.4091055e+03
   3.7772917e+02  -1.4098855e+03
   3.7775417e+02  -1.4110564e+03
   3.7777500e+02  -1.4118866e+03
   3.7779583e+02  -1.4124041e+03
   3.7782083e+02  -1.4124122e+03
   3.7784167e+02  -1.4119096e+03
   3.7786667e+02  -1.4110716e+03
   3.7788750e+02  -1.4104242e+03
   3.7791250e+02  -1.4098108e+03
   3.7793333e+02  -1.4095276e+03
   3.7795833e+02  -1.4095879e+03
   3.7797917e+02  -1.4099691e+03
   3.7801250e+02  -1.4111015e+03
   3.7803750e+02  -1.4126222e+03
   3.7805833e+02  -1.4140816e+03
   3.7808333e+02  -1.4157316e+03
   3.7810417e+02  -1.4170038e+03
   3.7812500e+02  -1.4181004e+03
   3.7815000e+02  -1.4189375e+03
   3.7817083e+02  -1.4193147e+03
   3.7819583e+02  -1.4196806e+03
   3.7821667e+02  -1.4199934e+03
   3.7824167e+02  -1.4205781e+03
   3.7826250e+02  -1.4216958e+03
   3.7828750e+02  -1.4234215e+03
   3.7830833e+02  -1.4248138e+03
   3.7833333e+02  -1.4261861e+03
   3.7835417e+02  -1.4267196e+03
   3.7837917e+02  -1.4263465e+03
   3.7840000e+02  -1.4255462e+03
   3.7842083e+02  -1.4247182e+03
   3.7844583e+02  -1.4240581e+03
   3.7846667e+02  -1.4239109e+03
   3.7849167e+02  -1.4242970e+03
   3.7851250e+02  -1.4249663e+03
   3.7853750e+02  -1.4259147e+03
   3.7855833e+02  -1.4265477e+03
   3.7858333e+02  -1.4265871e+03
   3.7860417e+02  -1.4259271e+03
   3.7862917e+02  -1.4247382e+03
   3.7865000e+02  -1.4238463e+03
   3.7867083e+02  -1.4232563e+03
   3.7869583e+02  -1.4230325e+03
   3.7871667e+02  -1.4233274e+03
   3.7874167e+02  -1.4242507e+03
   3.7876250e+02  -1.4252362e+03
   3.7878750e+02  -1.4262183e+03
   3.7880833e+02  -1.4265754e+03
   3.7883333e+02  -1.4262490e+03
   3.7885417e+02  -1.4255227e+03
   3.7887917e+02  -1.4245817e+03
   3.7890000e+02  -1.4240153e+03
   3.7892083e+02  -1.4236829e+03
   3.7894583e+02  -1.4236743e+03
   3.7896667e+02  -1.4240941e+03
   3.7899167e+02  -1.4249568e+03
   3.7902500e+02  -1.4260241e+03
   3.7904583e+02  -1.4260705e+03
   3.7907083e+02  -1.4255477e+03
   3.7909167e+02  -1.4249449e+03
   3.7911667e+02  -1.4242595e+03
   3.7913750e+02  -1.4234577e+03
   3.7916250e+02  -1.4221417e+03
   3.7918333e+02  -1.4212542e+03
   3.7920833e+02  -1.4206904e+03
   3.7922917e+02  -1.4204948e+03
   3.7925000e+02  -1.4202078e+03
   3.7927500e+02  -1.4196857e+03
   3.7929583e+02  -1.4193477e+03
   3.7932083e+02  -1.4193091e+03
   3.7934167e+02  -1.4194632e+03
   3.7936667e+02  -1.4193004e+03
   3.7938750e+02  -1.4188694e+03
   3.7941250e+02  -1.4185043e+03
   3.7943333e+02  -1.4184433e+03
   3.7945833e+02  -1.4183694e+03
   3.7947917e+02  -1.4180798e+03
   3.7950417e+02  -1.4174562e+03
   3.7952500e+02  -1.4169056e+03
   3.7954583e+02  -1.4166104e+03
   3.7957083e+02  -1.4166584e+03
   3.7959167e+02  -1.4167836e+03
   3.7961667e+02  -1.4168347e+03
   3.7963750e+02  -1.4169180e+03
   3.7966250e+02  -1.4171348e+03
   3.7968333e+02  -1.4173942e+03
   3.7970833e+02  -1.4177019e+03
   3.7972917e+02  -1.4178280e+03
   3.7975417e+02  -1.4178725e+03
   3.7977500e+02  -1.4180295e+03
   3.7979583e+02  -1.4184280e+03
   3.7982083e+02  -1.4190332e+03
   3.7984167e+02  -1.4194754e+03
   3.7986667e+02  -1.4197268e+03
   3.7988750e+02  -1.4196069e+03
   3.7991250e+02  -1.4192390e+03
   3.7993333e+02  -1.4188879e+03
   3.7995833e+02  -1.4183848e+03
   3.7997917e+02  -1.4178811e+03
   3.8001250e+02  -1.4174199e+03
   3.8003750e+02  -1.4182975e+03
   3.8005833e+02  -1.4200278e+03
   3.8008333e+02  -1.4227802e+03
   3.8010417e+02  -1.4250241e+03
   3.8012500e+02  -1.4266840e+03
   3.8015000e+02  -1.4276574e+03
   3.8017083e+02  -1.4278882e+03
   3.8019583e+02  -1.4278158e+03
   3.8021667e+02  -1.4273312e+03
   3.8024167e+02  -1.4264648e+03
   3.8026250e+02  -1.4263363e+03
   3.8028750e+02  -1.4273035e+03
   3.8030833e+02  -1.4289131e+03
   3.8033333e+02  -1.4308970e+03
   3.8035417e+02  -1.4316914e+03
   3.8037917e+02  -1.4315016e+03
   3.8040000e+02  -1.4310846e+03
   3.8042083e+02  -1.4307024e+03
   3.8044583e+02  -1.4300026e+03
   3.8046667e+02  -1.4292135e+03
   3.8049167e+02  -1.4286411e+03
   3.8051250e+02  -1.4288605e+03
   3.8053750e+02  -1.4296348e+03
   3.8055833e+02  -1.4301893e+03
   3.8058333e+02  -1.4302478e+03
   3.8060417e+02  -1.4299372e+03
   3.8062917e+02  -1.4296476e+03
   3.8065000e+02  -1.4295415e+03
   3.8067083e+02  -1.4294380e+03
   3.8069583e+02  -1.4295458e+03
   3.8071667e+02  -1.4301236e+03
   3.8074167e+02  -1.4312583e+03
   3.8076250e+02  -1.4322152e+03
   3.8078750e+02  -1.4330622e+03
   3.8080833e+02  -1.4334410e+03
   3.8083333e+02  -1.4335253e+03
   3.8085417e+02  -1.4333700e+03
   3.8087917e+02  -1.4328695e+03
   3.8090000e+02  -1.4322958e+03
   3.8092083e+02  -1.4319463e+03
   3.8094583e+02  -1.4319606e+03
   3.8096667e+02  -1.4320584e+03
   3.8099167e+02  -1.4319791e+03
   3.8102500e+02  -1.4316132e+03
   3.8104583e+02  -1.4315803e+03
   3.8107083e+02  -1.4318750e+03
   3.8109167e+02  -1.4322945e+03
   3.8111667e+02  -1.4326498e+03
   3.8113750e+02  -1.4327434e+03
   3.8116250e+02  -1.4329284e+03
   3.8118333e+02  -1.4332772e+03
   3.8120833e+02  -1.4334572e+03
   3.8122917e+02  -1.4331553e+03
   3.8125000e+02  -1.4327283e+03
   3.8127500e+02  -1.4326541e+03
   3.8129583e+02  -1.4331878e+03
   3.8132083e+02  -1.4342413e+03
   3.8134167e+02  -1.4349275e+03
   3.8136667e+02  -1.4353055e+03
   3.8138750e+02  -1.4357207e+03
   3.8141250e+02  -1.4364716e+03
   3.8143333e+02  -1.4367302e+03
   3.8145833e+02  -1.4363508e+03
   3.8147917e+02  -1.4358785e+03
   3.8150417e+02  -1.4356539e+03
   3.8152500e+02  -1.4357430e+03
   3.8154583e+02  -1.4359425e+03
   3.8157083e+02  -1.4361343e+03
   3.8159167e+02  -1.4362624e+03
   3.8161667e+02  -1.4365787e+03
   3.8163750e+02  -1.4367876e+03
   3.8166250e+02  -1.4365043e+03
   3.8168333e+02  -1.4359334e+03
   3.8170833e+02  -1.4352490e+03
   3.8172917e+02  -1.4347370e+03
   3.8175417e+02  -1.4342382e+03
   3.8177500e+02  -1.4340561e+03
   3.8179583e+02  -1.4340785e+03
   3.8182083e+02  -1.4342523e+03
   3.8184167e+02  -1.4345019e+03
   3.8186667e+02  -1.4347520e+03
   3.8188750e+02  -1.4347047e+03
   3.8191250e+02  -1.4343670e+03
   3.8193333e+02  -1.4339790e+03
   3.8195833e+02  -1.4334904e+03
   3.8197917e+02  -1.4332456e+03
   3.8201250e+02  -1.4333687e+03
   3.8203750e+02  -1.4332130e+03
   3.8205833e+02  -1.4327256e+03
   3.8208333e+02  -1.4319635e+03
   3.8210417e+02  -1.4309824e+03
   3.8212500e+02  -1.4294366e+03
   3.8215000e+02  -1.4270299e+03
   3.8217083e+02  -1.4251173e+03
   3.8219583e+02  -1.4234298e+03
   3.8221667e+02  -1.4226326e+03
   3.8224167e+02  -1.4222891e+03
   3.8226250e+02  -1.4221393e+03
   3.8228750e+02  -1.4223673e+03
   3.8230833e+02  -1.4230310e+03
   3.8233333e+02  -1.4239339e+03
   3.8235417e+02  -1.4242114e+03
   3.8237917e+02  -1.4240450e+03
   3.8240000e+02  -1.4238478e+03
   3.8242083e+02  -1.4236927e+03
   3.8244583e+02  -1.4236372e+03
   3.8246667e+02  -1.4236884e+03
   3.8249167e+02  -1.4236590e+03
   3.8251250e+02  -1.4235417e+03
   3.8253750e+02  -1.4235984e+03
   3.8255833e+02  -1.4237453e+03
   3.8258333e+02  -1.4235867e+03
   3.8260417e+02  -1.4231483e+03
   3.8262917e+02  -1.4224685e+03
   3.8265000e+02  -1.4220454e+03
   3.8267083e+02  -1.4219965e+03
   3.8269583e+02  -1.4223241e+03
   3.8271667e+02  -1.4225303e+03
   3.8274167e+02  -1.4226878e+03
   3.8276250e+02  -1.4230394e+03
   3.8278750e+02  -1.4234983e+03
   3.8280833e+02  -1.4234189e+03
   3.8283333e+02  -1.4225500e+03
   3.8285417e+02  -1.4214375e+03
   3.8287917e+02  -1.4201538e+03
   3.8290000e+02  -1.4194541e+03
   3.8292083e+02  -1.4189924e+03
   3.8294583e+02  -1.4184585e+03
   3.8296667e+02  -1.4182686e+03
   3.8299167e+02  -1.4187396e+03
   3.8302500e+02  -1.4197560e+03
   3.8304583e+02  -1.4200494e+03
   3.8307083e+02  -1.4200770e+03
   3.8309167e+02  -1.4199989e+03
   3.8311667e+02  -1.4198913e+03
   3.8313750e+02  -1.4197315e+03
   3.8316250e+02  -1.4193093e+03
   3.8318333e+02  -1.4189061e+03
   3.8320833e+02  -1.4187365e+03
   3.8322917e+02  -1.4190603e+03
   3.8325000e+02  -1.4195297e+03
   3.8327500e+02  -1.4197721e+03
   3.8329583e+02  -1.4196399e+03
   3.8332083e+02  -1.4194964e+03
   3.8334167e+02  -1.4196332e+03
   3.8336667e+02  -1.4197893e+03
   3.8338750e+02  -1.4196996e+03
   3.8341250e+02  -1.4193688e+03
   3.8343333e+02  -1.4193255e+03
   3.8345833e+02  -1.4200116e+03
   3.8347917e+02  -1.4207714e+03
   3.8350417e+02  -1.4211801e+03
   3.8352500e+02  -1.4211894e+03
   3.8354583e+02  -1.4213395e+03
   3.8357083e+02  -1.4217615e+03
   3.8359167e+02  -1.4220011e+03
   3.8361667e+02  -1.4219283e+03
   3.8363750e+02  -1.4216555e+03
   3.8366250e+02  -1.4216374e+03
   3.8368333e+02  -1.4221500e+03
   3.8370833e+02  -1.4228875e+03
   3.8372917e+02  -1.4231402e+03
   3.8375417e+02  -1.4231905e+03
   3.8377500e+02  -1.4233325e+03
   3.8379583e+02  -1.4234931e+03
   3.8382083e+02  -1.4234336e+03
   3.8384167e+02  -1.4230700e+03
   3.8386667e+02  -1.4224475e+03
   3.8388750e+02  -1.4220524e+03
   3.8391250e+02  -1.4219268e+03
   3.8393333e+02  -1.4219202e+03
   3.8395833e+02  -1.4218803e+03
   3.8397917e+02  -1.4220155e+03
   3.8401250e+02  -1.4226115e+03
   3.8403750e+02  -1.4230529e+03
   3.8405833e+02  -1.4231999e+03
   3.8408333e+02  -1.4230307e+03
   3.8410417e+02  -1.4227246e+03
   3.8412500e+02  -1.4226571e+03
   3.8415000e+02  -1.4230073e+03
   3.8417083e+02  -1.4232954e+03
   3.8419583e+02  -1.4233821e+03
   3.8421667e+02  -1.4234886e+03
   3.8424167e+02  -1.4239437e+03
   3.8426250e+02  -1.4243956e+03
   3.8428750e+02  -1.4242077e+03
   3.8430833e+02  -1.4231235e+03
   3.8433333e+02  -1.4214766e+03
   3.8435417e+02  -1.4205930e+03
   3.8437917e+02  -1.4199395e+03
   3.8440000e+02  -1.4193208e+03
   3.8442083e+02  -1.4187292e+03
   3.8444583e+02  -1.4187889e+03
   3.8446667e+02  -1.4197407e+03
   3.8449167e+02  -1.4213303e+03
   3.8451250e+02  -1.4222285e+03
   3.8453750e+02  -1.4225850e+03
   3.8455833e+02  -1.4226892e+03
   3.8458333e+02  -1.4228908e+03
   3.8460417e+02  -1.4229767e+03
   3.8462917e+02  -1.4227035e+03
   3.8465000e+02  -1.4223211e+03
   3.8467083e+02  -1.4223509e+03
   3.8469583e+02  -1.4232975e+03
   3.8471667e+02  -1.4244058e+03
   3.8474167e+02  -1.4254460e+03
   3.8476250e+02  -1.4259560e+03
   3.8478750e+02  -1.4261906e+03
   3.8480833e+02  -1.4261277e+03
   3.8483333e+02  -1.4257872e+03
   3.8485417e+02  -1.4252218e+03
   3.8487917e+02  -1.4243644e+03
   3.8490000e+02  -1.4239552e+03
   3.8492083e+02  -1.4240405e+03
   3.8494583e+02  -1.4245417e+03
   3.8496667e+02  -1.4251098e+03
   3.8499167e+02  -1.4258625e+03
   3.8502500e+02  -1.4266999e+03
   3.8504583e+02  -1.4272921e+03
   3.8507083e+02  -1.4279567e+03
   3.8509167e+02  -1.4283729e+03
   3.8511667e+02  -1.4289532e+03
   3.8513750e+02  -1.4296817e+03
   3.8516250e+02  -1.4307638e+03
   3.8518333e+02  -1.4314673e+03
   3.8520833e+02  -1.4317481e+03
   3.8522917e+02  -1.4316553e+03
   3.8525000e+02  -1.4315729e+03
   3.8527500e+02  -1.4311565e+03
   3.8529583e+02  -1.4301503e+03
   3.8532083e+02  -1.4286692e+03
   3.8534167e+02  -1.4278230e+03
   3.8536667e+02  -1.4273926e+03
   3.8538750e+02  -1.4272414e+03
   3.8541250e+02  -1.4269438e+03
   3.8543333e+02  -1.4266446e+03
   3.8545833e+02  -1.4266563e+03
   3.8547917e+02  -1.4270370e+03
   3.8550417e+02  -1.4271478e+03
   3.8552500e+02  -1.4267110e+03
   3.8554583e+02  -1.4262833e+03
   3.8557083e+02  -1.4262883e+03
   3.8559167e+02  -1.4266874e+03
   3.8561667e+02  -1.4273076e+03
   3.8563750e+02  -1.4277092e+03
   3.8566250e+02  -1.4280209e+03
   3.8568333e+02  -1.4283747e+03
   3.8570833e+02  -1.4289890e+03
   3.8572917e+02  -1.4291909e+03
   3.8575417e+02  -1.4288824e+03
   3.8577500e+02  -1.4285469e+03
   3.8579583e+02  -1.4284088e+03
   3.8582083e+02  -1.4285758e+03
   3.8584167e+02  -1.4289229e+03
   3.8586667e+02  -1.4293984e+03
   3.8588750e+02  -1.4297560e+03
   3.8591250e+02  -1.4301825e+03
   3.8593333e+02  -1.4305098e+03
   3.8595833e+02  -1.4305858e+03
   3.8597917e+02  -1.4304026e+03
   3.8601250e+02  -1.4300643e+03
   3.8603750e+02  -1.4302735e+03
   3.8605833e+02  -1.4308922e+03
   3.8608333e+02  -1.4318840e+03
   3.8610417e+02  -1.4327278e+03
   3.8612500e+02  -1.4337074e+03
   3.8615000e+02  -1.4351421e+03
   3.8617083e+02  -1.4361932e+03
   3.8619583e+02  -1.4367662e+03
   3.8621667e+02  -1.4368750e+03
   3.8624167e+02  -1.4370952e+03
   3.8626250e+02  -1.4376007e+03
   3.8628750e+02  -1.4378566e+03
   3.8630833e+02  -1.4375926e+03
   3.8633333e+02  -1.4371228e+03
   3.8635417e+02  -1.4369667e+03
   3.8637917e+02  -1.4368515e+03
   3.8640000e+02  -1.4364009e+03
   3.8642083e+02  -1.4356308e+03
   3.8644583e+02  -1.4350847e+03
   3.8646667e+02  -1.4353250e+03
   3.8649167e+02  -1.4360210e+03
   3.8651250e+02  -1.4363895e+03
   3.8653750e+02  -1.4365421e+03
   3.8655833e+02  -1.4366460e+03
   3.8658333e+02  -1.4366135e+03
   3.8660417e+02  -1.4363813e+03
   3.8662917e+02  -1.4358644e+03
   3.8665000e+02  -1.4353931e+03
   3.8667083e+02  -1.4351241e+03
   3.8669583e+02  -1.4352730e+03
   3.8671667e+02  -1.4356898e+03
   3.8674167e+02  -1.4361356e+03
   3.8676250e+02  -1.4363714e+03
   3.8678750e+02  -1.4363882e+03
   3.8680833e+02  -1.4359972e+03
   3.8683333e+02  -1.4351410e+03
   3.8685417e+02  -1.4344775e+03
   3.8687917e+02  -1.4340881e+03
   3.8690000e+02  -1.4341703e+03
   3.8692083e+02  -1.4346893e+03
   3.8694583e+02  -1.4357569e+03
   3.8696667e+02  -1.4368330e+03
   3.8699167e+02  -1.4381680e+03
   3.8702500e+02  -1.4393418e+03
   3.8704583e+02  -1.4400213e+03
   3.8707083e+02  -1.4406662e+03
   3.8709167e+02  -1.4411856e+03
   3.8711667e+02  -1.4422039e+03
   3.8713750e+02  -1.4435876e+03
   3.8716250e+02  -1.4457689e+03
   3.8718333e+02  -1.4477867e+03
   3.8720833e+02  -1.4501900e+03
   3.8722917e+02  -1.4519886e+03
   3.8725000e+02  -1.4538353e+03
   3.8727500e+02  -1.4556690e+03
   3.8729583e+02  -1.4562064e+03
   3.8732083e+02  -1.4558278e+03
   3.8734167e+02  -1.4552161e+03
   3.8736667e+02  -1.4544724e+03
   3.8738750e+02  -1.4539770e+03
   3.8741250e+02  -1.4535066e+03
   3.8743333e+02  -1.4534212e+03
   3.8745833e+02  -1.4542676e+03
   3.8747917e+02  -1.4557356e+03
   3.8750417e+02  -1.4576695e+03
   3.8752500e+02  -1.4588933e+03
   3.8754583e+02  -1.4596320e+03
   3.8757083e+02  -1.4596353e+03
   3.8759167e+02  -1.4589090e+03
   3.8761667e+02  -1.4577058e+03
   3.8763750e+02  -1.4566667e+03
   3.8766250e+02  -1.4553295e+03
   3.8768333e+02  -1.4543984e+03
   3.8770833e+02  -1.4539922e+03
   3.8772917e+02  -1.4542216e+03
   3.8775417e+02  -1.4548056e+03
   3.8777500e+02  -1.4552153e+03
   3.8779583e+02  -1.4551882e+03
   3.8782083e+02  -1.4544817e+03
   3.8784167e+02  -1.4537981e+03
   3.8786667e+02  -1.4531994e+03
   3.8788750e+02  -1.4526346e+03
   3.8791250e+02  -1.4519133e+03
   3.8793333e+02  -1.4516441e+03
   3.8795833e+02  -1.4520176e+03
   3.8797917e+02  -1.4528811e+03
   3.8801250e+02  -1.4545216e+03
   3.8803750e+02  -1.4548634e+03
   3.8805833e+02  -1.4544730e+03
   3.8808333e+02  -1.4538340e+03
   3.8810417e+02  -1.4533151e+03
   3.8812500e+02  -1.4525716e+03
   3.8815000e+02  -1.4513538e+03
   3.8817083e+02  -1.4506033e+03
   3.8819583e+02  -1.4507017e+03
   3.8821667e+02  -1.4517634e+03
   3.8824167e+02  -1.4535627e+03
   3.8826250e+02  -1.4548766e+03
   3.8828750e+02  -1.4559012e+03
   3.8830833e+02  -1.4564806e+03
   3.8833333e+02  -1.4567844e+03
   3.8835417e+02  -1.4563109e+03
   3.8837917e+02  -1.4548881e+03
   3.8840000e+02  -1.4535911e+03
   3.8842083e+02  -1.4527929e+03
   3.8844583e+02  -1.4528717e+03
   3.8846667e+02  -1.4535946e+03
   3.8849167e+02  -1.4546981e+03
   3.8851250e+02  -1.4556600e+03
   3.8853750e+02  -1.4568672e+03
   3.8855833e+02  -1.4575098e+03
   3.8858333e+02  -1.4572543e+03
   3.8860417e+02  -1.4562434e+03
   3.8862917e+02  -1.4547480e+03
   3.8865000e+02  -1.4537704e+03
   3.8867083e+02  -1.4532429e+03
   3.8869583e+02  -1.4531754e+03
   3.8871667e+02  -1.4534327e+03
   3.8874167e+02  -1.4541367e+03
   3.8876250e+02  -1.4549612e+03
   3.8878750e+02  -1.4556086e+03
   3.8880833e+02  -1.4553373e+03
   3.8883333e+02  -1.4541781e+03
   3.8885417e+02  -1.4530583e+03
   3.8887917e+02  -1.4520209e+03
   3.8890000e+02  -1.4515540e+03
   3.8892083e+02  -1.4514320e+03
   3.8894583e+02  -1.4517124e+03
   3.8896667e+02  -1.4523732e+03
   3.8899167e+02  -1.4536432e+03
   3.8902500e+02  -1.4547095e+03
   3.8904583e+02  -1.4541922e+03
   3.8907083e+02  -1.4527710e+03
   3.8909167e+02  -1.4514714e+03
   3.8911667e+02  -1.4501937e+03
   3.8913750e+02  -1.4495406e+03
   3.8916250e+02  -1.4492650e+03
   3.8918333e+02  -1.4494561e+03
   3.8920833e+02  -1.4504861e+03
   3.8922917e+02  -1.4519882e+03
   3.8925000e+02  -1.4534577e+03
   3.8927500e+02  -1.4542119e+03
   3.8929583e+02  -1.4539014e+03
   3.8932083e+02  -1.4528082e+03
   3.8934167e+02  -1.4516150e+03
   3.8936667e+02  -1.4502467e+03
   3.8938750e+02  -1.4492825e+03
   3.8941250e+02  -1.4484596e+03
   3.8943333e+02  -1.4484198e+03
   3.8945833e+02  -1.4494558e+03
   3.8947917e+02  -1.4507778e+03
   3.8950417e+02  -1.4520302e+03
   3.8952500e+02  -1.4525303e+03
   3.8954583e+02  -1.4525580e+03
   3.8957083e+02  -1.4520403e+03
   3.8959167e+02  -1.4513795e+03
   3.8961667e+02  -1.4505820e+03
   3.8963750e+02  -1.4500264e+03
   3.8966250e+02  -1.4497736e+03
   3.8968333e+02  -1.4501190e+03
   3.8970833e+02  -1.4511007e+03
   3.8972917e+02  -1.4520616e+03
   3.8975417e+02  -1.4529275e+03
   3.8977500e+02  -1.4530948e+03
   3.8979583e+02  -1.4526757e+03
   3.8982083e+02  -1.4518133e+03
   3.8984167e+02  -1.4512087e+03
   3.8986667e+02  -1.4507283e+03
   3.8988750e+02  -1.4505733e+03
   3.8991250e+02  -1.4509161e+03
   3.8993333e+02  -1.4518133e+03
   3.8995833e+02  -1.4533992e+03
   3.8997917e+02  -1.4545908e+03
   3.9001250e+02  -1.4553613e+03
   3.9003750e+02  -1.4542377e+03
   3.9005833e+02  -1.4521541e+03
   3.9008333e+02  -1.4487994e+03
   3.9010417e+02  -1.4458441e+03
   3.9012500e+02  -1.4431820e+03
   3.9015000e+02  -1.4408651e+03
   3.9017083e+02  -1.4398208e+03
   3.9019583e+02  -1.4395438e+03
   3.9021667e+02  -1.4399903e+03
   3.9024167e+02  -1.4408568e+03
   3.9026250e+02  -1.4409785e+03
   3.9028750e+02  -1.4400371e+03
   3.9030833e+02  -1.4385132e+03
   3.9033333e+02  -1.4363310e+03
   3.9035417e+02  -1.4346628e+03
   3.9037917e+02  -1.4333032e+03
   3.9040000e+02  -1.4328758e+03
   3.9042083e+02  -1.4331614e+03
   3.9044583e+02  -1.4343721e+03
   3.9046667e+02  -1.4358771e+03
   3.9049167e+02  -1.4375104e+03
   3.9051250e+02  -1.4382615e+03
   3.9053750e+02  -1.4383674e+03
   3.9055833e+02  -1.4378244e+03
   3.9058333e+02  -1.4366532e+03
   3.9060417e+02  -1.4356828e+03
   3.9062917e+02  -1.4349412e+03
   3.9065000e+02  -1.4346226e+03
   3.9067083e+02  -1.4346197e+03
   3.9069583e+02  -1.4352634e+03
   3.9071667e+02  -1.4362333e+03
   3.9074167e+02  -1.4374713e+03
   3.9076250e+02  -1.4381175e+03
   3.9078750e+02  -1.4380224e+03
   3.9080833e+02  -1.4373301e+03
   3.9083333e+02  -1.4365160e+03
   3.9085417e+02  -1.4361208e+03
   3.9087917e+02  -1.4356222e+03
   3.9090000e+02  -1.4352440e+03
   3.9092083e+02  -1.4352867e+03
   3.9094583e+02  -1.4362106e+03
   3.9096667e+02  -1.4373474e+03
   3.9099167e+02  -1.4384830e+03
   3.9102500e+02  -1.4390380e+03
   3.9104583e+02  -1.4389063e+03
   3.9107083e+02  -1.4384732e+03
   3.9109167e+02  -1.4377976e+03
   3.9111667e+02  -1.4365101e+03
   3.9113750e+02  -1.4352992e+03
   3.9116250e+02  -1.4343924e+03
   3.9118333e+02  -1.4342389e+03
   3.9120833e+02  -1.4344310e+03
   3.9122917e+02  -1.4346537e+03
   3.9125000e+02  -1.4348135e+03
   3.9127500e+02  -1.4348369e+03
   3.9129583e+02  -1.4347729e+03
   3.9132083e+02  -1.4347266e+03
   3.9134167e+02  -1.4344638e+03
   3.9136667e+02  -1.4337799e+03
   3.9138750e+02  -1.4333499e+03
   3.9141250e+02  -1.4333544e+03
   3.9143333e+02  -1.4336427e+03
   3.9145833e+02  -1.4342505e+03
   3.9147917e+02  -1.4348975e+03
   3.9150417e+02  -1.4357341e+03
   3.9152500e+02  -1.4365810e+03
   3.9154583e+02  -1.4374680e+03
   3.9157083e+02  -1.4379010e+03
   3.9159167e+02  -1.4375195e+03
   3.9161667e+02  -1.4368529e+03
   3.9163750e+02  -1.4364235e+03
   3.9166250e+02  -1.4355951e+03
   3.9168333e+02  -1.4345727e+03
   3.9170833e+02  -1.4334341e+03
   3.9172917e+02  -1.4330052e+03
   3.9175417e+02  -1.4332251e+03
   3.9177500e+02  -1.4336365e+03
   3.9179583e+02  -1.4338624e+03
   3.9182083e+02  -1.4339550e+03
   3.9184167e+02  -1.4343033e+03
   3.9186667e+02  -1.4348981e+03
   3.9188750e+02  -1.4349545e+03
   3.9191250e+02  -1.4344082e+03
   3.9193333e+02  -1.4339676e+03
   3.9195833e+02  -1.4339254e+03
   3.9197917e+02  -1.4341980e+03
   3.9201250e+02  -1.4346202e+03
   3.9203750e+02  -1.4354812e+03
   3.9205833e+02  -1.4368616e+03
   3.9208333e+02  -1.4388101e+03
   3.9210417e+02  -1.4401372e+03
   3.9212500e+02  -1.4409043e+03
   3.9215000e+02  -1.4413248e+03
   3.9217083e+02  -1.4416780e+03
   3.9219583e+02  -1.4420365e+03
   3.9221667e+02  -1.4421624e+03
   3.9224167e+02  -1.4423115e+03
   3.9226250e+02  -1.4430663e+03
   3.9228750e+02  -1.4443507e+03
   3.9230833e+02  -1.4454353e+03
   3.9233333e+02  -1.4464464e+03
   3.9235417e+02  -1.4467777e+03
   3.9237917e+02  -1.4466359e+03
   3.9240000e+02  -1.4462933e+03
   3.9242083e+02  -1.4457774e+03
   3.9244583e+02  -1.4451370e+03
   3.9246667e+02  -1.4449093e+03
   3.9249167e+02  -1.4452183e+03
   3.9251250e+02  -1.4459774e+03
   3.9253750e+02  -1.4473262e+03
   3.9255833e+02  -1.4482273e+03
   3.9258333e+02  -1.4484058e+03
   3.9260417e+02  -1.4480657e+03
   3.9262917e+02  -1.4477361e+03
   3.9265000e+02  -1.4474108e+03
   3.9267083e+02  -1.4468008e+03
   3.9269583e+02  -1.4459756e+03
   3.9271667e+02  -1.4456752e+03
   3.9274167e+02  -1.4461251e+03
   3.9276250e+02  -1.4468037e+03
   3.9278750e+02  -1.4471060e+03
   3.9280833e+02  -1.4467742e+03
   3.9283333e+02  -1.4463103e+03
   3.9285417e+02  -1.4462253e+03
   3.9287917e+02  -1.4461238e+03
   3.9290000e+02  -1.4457221e+03
   3.9292083e+02  -1.4451671e+03
   3.9294583e+02  -1.4449379e+03
   3.9296667e+02  -1.4454072e+03
   3.9299167e+02  -1.4462806e+03
   3.9302500e+02  -1.4464168e+03
   3.9304583e+02  -1.4458096e+03
   3.9307083e+02  -1.4448957e+03
   3.9309167e+02  -1.4442237e+03
   3.9311667e+02  -1.4433449e+03
   3.9313750e+02  -1.4423121e+03
   3.9316250e+02  -1.4410648e+03
   3.9318333e+02  -1.4406906e+03
   3.9320833e+02  -1.4411711e+03
   3.9322917e+02  -1.4418463e+03
   3.9325000e+02  -1.4423746e+03
   3.9327500e+02  -1.4427034e+03
   3.9329583e+02  -1.4428960e+03
   3.9332083e+02  -1.4433164e+03
   3.9334167e+02  -1.4435659e+03
   3.9336667e+02  -1.4432717e+03
   3.9338750e+02  -1.4427118e+03
   3.9341250e+02  -1.4422700e+03
   3.9343333e+02  -1.4423279e+03
   3.9345833e+02  -1.4426942e+03
   3.9347917e+02  -1.4429295e+03
   3.9350417e+02  -1.4429853e+03
   3.9352500e+02  -1.4431222e+03
   3.9354583e+02  -1.4435238e+03
   3.9357083e+02  -1.4438929e+03
   3.9359167e+02  -1.4437799e+03
   3.9361667e+02  -1.4433363e+03
   3.9363750e+02  -1.4430302e+03
   3.9366250e+02  -1.4428089e+03
   3.9368333e+02  -1.4425836e+03
   3.9370833e+02  -1.4421508e+03
   3.9372917e+02  -1.4418408e+03
   3.9375417e+02  -1.4417722e+03
   3.9377500e+02  -1.4418606e+03
   3.9379583e+02  -1.4417441e+03
   3.9382083e+02  -1.4413277e+03
   3.9384167e+02  -1.4411069e+03
   3.9386667e+02  -1.4411709e+03
   3.9388750e+02  -1.4412689e+03
   3.9391250e+02  -1.4410792e+03
   3.9393333e+02  -1.4407755e+03
   3.9395833e+02  -1.4406962e+03
   3.9397917e+02  -1.4409511e+03
   3.9401250e+02  -1.4410974e+03
   3.9403750e+02  -1.4406197e+03
   3.9405833e+02  -1.4401240e+03
   3.9408333e+02  -1.4397491e+03
   3.9410417e+02  -1.4395467e+03
   3.9412500e+02  -1.4389598e+03
   3.9415000e+02  -1.4376208e+03
   3.9417083e+02  -1.4367005e+03
   3.9419583e+02  -1.4364606e+03
   3.9421667e+02  -1.4367040e+03
   3.9424167e+02  -1.4370225e+03
   3.9426250e+02  -1.4372276e+03
   3.9428750e+02  -1.4376227e+03
   3.9430833e+02  -1.4384298e+03
   3.9433333e+02  -1.4396066e+03
   3.9435417e+02  -1.4398778e+03
   3.9437917e+02  -1.4393710e+03
   3.9440000e+02  -1.4389963e+03
   3.9442083e+02  -1.4389170e+03
   3.9444583e+02  -1.4388757e+03
   3.9446667e+02  -1.4387153e+03
   3.9449167e+02  -1.4385204e+03
   3.9451250e+02  -1.4386848e+03
   3.9453750e+02  -1.4394598e+03
   3.9455833e+02  -1.4400476e+03
   3.9458333e+02  -1.4400632e+03
   3.9460417e+02  -1.4398337e+03
   3.9462917e+02  -1.4398008e+03
   3.9465000e+02  -1.4398373e+03
   3.9467083e+02  -1.4395852e+03
   3.9469583e+02  -1.4389466e+03
   3.9471667e+02  -1.4385753e+03
   3.9474167e+02  -1.4386582e+03
   3.9476250e+02  -1.4388869e+03
   3.9478750e+02  -1.4386105e+03
   3.9480833e+02  -1.4379443e+03
   3.9483333e+02  -1.4375129e+03
   3.9485417e+02  -1.4376181e+03
   3.9487917e+02  -1.4375733e+03
   3.9490000e+02  -1.4370305e+03
   3.9492083e+02  -1.4363708e+03
   3.9494583e+02  -1.4361056e+03
   3.9496667e+02  -1.4363256e+03
   3.9499167e+02  -1.4363926e+03
   3.9502500e+02  -1.4351691e+03
   3.9504583e+02  -1.4338766e+03
   3.9507083e+02  -1.4324497e+03
   3.9509167e+02  -1.4311736e+03
   3.9511667e+02  -1.4293044e+03
   3.9513750e+02  -1.4276668e+03
   3.9516250e+02  -1.4261924e+03
   3.9518333e+02  -1.4256732e+03
   3.9520833e+02  -1.4256160e+03
   3.9522917e+02  -1.4257567e+03
   3.9525000e+02  -1.4257262e+03
   3.9527500e+02  -1.4254984e+03
   3.9529583e+02  -1.4253490e+03
   3.9532083e+02  -1.4251980e+03
   3.9534167e+02  -1.4249018e+03
   3.9536667e+02  -1.4243632e+03
   3.9538750e+02  -1.4241011e+03
   3.9541250e+02  -1.4241920e+03
   3.9543333e+02  -1.4244464e+03
   3.9545833e+02  -1.4246469e+03
   3.9547917e+02  -1.4247026e+03
   3.9550417e+02  -1.4247608e+03
   3.9552500e+02  -1.4248894e+03
   3.9554583e+02  -1.4249230e+03
   3.9557083e+02  -1.4246222e+03
   3.9559167e+02  -1.4244106e+03
   3.9561667e+02  -1.4245316e+03
   3.9563750e+02  -1.4247081e+03
   3.9566250e+02  -1.4245890e+03
   3.9568333e+02  -1.4242327e+03
   3.9570833e+02  -1.4238452e+03
   3.9572917e+02  -1.4236885e+03
   3.9575417e+02  -1.4234219e+03
   3.9577500e+02  -1.4227702e+03
   3.9579583e+02  -1.4217909e+03
   3.9582083e+02  -1.4209666e+03
   3.9584167e+02  -1.4209704e+03
   3.9586667e+02  -1.4213396e+03
   3.9588750e+02  -1.4215566e+03
   3.9591250e+02  -1.4218152e+03
   3.9593333e+02  -1.4223091e+03
   3.9595833e+02  -1.4232250e+03
   3.9597917e+02  -1.4238665e+03
   3.9601250e+02  -1.4237363e+03
   3.9603750e+02  -1.4227381e+03
   3.9605833e+02  -1.4217357e+03
   3.9608333e+02  -1.4203659e+03
   3.9610417e+02  -1.4190200e+03
   3.9612500e+02  -1.4177547e+03
   3.9615000e+02  -1.4167797e+03
   3.9617083e+02  -1.4166341e+03
   3.9619583e+02  -1.4171408e+03
   3.9621667e+02  -1.4178126e+03
   3.9624167e+02  -1.4185110e+03
   3.9626250e+02  -1.4187882e+03
   3.9628750e+02  -1.4186578e+03
   3.9630833e+02  -1.4181157e+03
   3.9633333e+02  -1.4170212e+03
   3.9635417e+02  -1.4160440e+03
   3.9637917e+02  -1.4152657e+03
   3.9640000e+02  -1.4150862e+03
   3.9642083e+02  -1.4152804e+03
   3.9644583e+02  -1.4158837e+03
   3.9646667e+02  -1.4166648e+03
   3.9649167e+02  -1.4177087e+03
   3.9651250e+02  -1.4184188e+03
   3.9653750e+02  -1.4187372e+03
   3.9655833e+02  -1.4183778e+03
   3.9658333e+02  -1.4174947e+03
   3.9660417e+02  -1.4168439e+03
   3.9662917e+02  -1.4163629e+03
   3.9665000e+02  -1.4160555e+03
   3.9667083e+02  -1.4158786e+03
   3.9669583e+02  -1.4160151e+03
   3.9671667e+02  -1.4163822e+03
   3.9674167e+02  -1.4169669e+03
   3.9676250e+02  -1.4171875e+03
   3.9678750e+02  -1.4166902e+03
   3.9680833e+02  -1.4157530e+03
   3.9683333e+02  -1.4147406e+03
   3.9685417e+02  -1.4141983e+03
   3.9687917e+02  -1.4136584e+03
   3.9690000e+02  -1.4133499e+03
   3.9692083e+02  -1.4133267e+03
   3.9694583e+02  -1.4138756e+03
   3.9696667e+02  -1.4147501e+03
   3.9699167e+02  -1.4157189e+03
   3.9702500e+02  -1.4156408e+03
   3.9704583e+02  -1.4147397e+03
   3.9707083e+02  -1.4134289e+03
   3.9709167e+02  -1.4121316e+03
   3.9711667e+02  -1.4103548e+03
   3.9713750e+02  -1.4091115e+03
   3.9716250e+02  -1.4082859e+03
   3.9718333e+02  -1.4082122e+03
   3.9720833e+02  -1.4086457e+03
   3.9722917e+02  -1.4091968e+03
   3.9725000e+02  -1.4095208e+03
   3.9727500e+02  -1.4093451e+03
   3.9729583e+02  -1.4088044e+03
   3.9732083e+02  -1.4076699e+03
   3.9734167e+02  -1.4065341e+03
   3.9736667e+02  -1.4053903e+03
   3.9738750e+02  -1.4047240e+03
   3.9741250e+02  -1.4044283e+03
   3.9743333e+02  -1.4046171e+03
   3.9745833e+02  -1.4051198e+03
   3.9747917e+02  -1.4055409e+03
   3.9750417e+02  -1.4060777e+03
   3.9752500e+02  -1.4065256e+03
   3.9754583e+02  -1.4067064e+03
   3.9757083e+02  -1.4065431e+03
   3.9759167e+02  -1.4063851e+03
   3.9761667e+02  -1.4064933e+03
   3.9763750e+02  -1.4068548e+03
   3.9766250e+02  -1.4074068e+03
   3.9768333e+02  -1.4077713e+03
   3.9770833e+02  -1.4081303e+03
   3.9772917e+02  -1.4085364e+03
   3.9775417e+02  -1.4089478e+03
   3.9777500e+02  -1.4087878e+03
   3.9779583e+02  -1.4081037e+03
   3.9782083e+02  -1.4071338e+03
   3.9784167e+02  -1.4065650e+03
   3.9786667e+02  -1.4061661e+03
   3.9788750e+02  -1.4059888e+03
   3.9791250e+02  -1.4057953e+03
   3.9793333e+02  -1.4057209e+03
   3.9795833e+02  -1.4060555e+03
   3.9797917e+02  -1.4065537e+03
   3.9801250e+02  -1.4066620e+03
   3.9803750e+02  -1.4054961e+03
   3.9805833e+02  -1.4039702e+03
   3.9808333e+02  -1.4020047e+03
   3.9810417e+02  -1.4002860e+03
   3.9812500e+02  -1.3985587e+03
   3.9815000e+02  -1.3967744e+03
   3.9817083e+02  -1.3957515e+03
   3.9819583e+02  -1.3951955e+03
   3.9821667e+02  -1.3951538e+03
   3.9824167e+02  -1.3952496e+03
   3.9826250e+02  -1.3947823e+03
   3.9828750e+02  -1.3935582e+03
   3.9830833e+02  -1.3922374e+03
   3.9833333e+02  -1.3907275e+03
   3.9835417e+02  -1.3898090e+03
   3.9837917e+02  -1.3890678e+03
   3.9840000e+02  -1.3888093e+03
   3.9842083e+02  -1.3891380e+03
   3.9844583e+02  -1.3902168e+03
   3.9846667e+02  -1.3912197e+03
   3.9849167e+02  -1.3920444e+03
   3.9851250e+02  -1.3923617e+03
   3.9853750e+02  -1.3923901e+03
   3.9855833e+02  -1.3922129e+03
   3.9858333e+02  -1.3918849e+03
   3.9860417e+02  -1.3916471e+03
   3.9862917e+02  -1.3916856e+03
   3.9865000e+02  -1.3921864e+03
   3.9867083e+02  -1.3929575e+03
   3.9869583e+02  -1.3938788e+03
   3.9871667e+02  -1.3945955e+03
   3.9874167e+02  -1.3953111e+03
   3.9876250e+02  -1.3954098e+03
   3.9878750e+02  -1.3946831e+03
   3.9880833e+02  -1.3937697e+03
   3.9883333e+02  -1.3927463e+03
   3.9885417e+02  -1.3920688e+03
   3.9887917e+02  -1.3916091e+03
   3.9890000e+02  -1.3915571e+03
   3.9892083e+02  -1.3917203e+03
   3.9894583e+02  -1.3922460e+03
   3.9896667e+02  -1.3928660e+03
   3.9899167e+02  -1.3932949e+03
   3.9902500e+02  -1.3930917e+03
   3.9904583e+02  -1.3935760e+03
   3.9907083e+02  -1.3947665e+03
   3.9909167e+02  -1.3961545e+03
   3.9911667e+02  -1.3983795e+03
   3.9913750e+02  -1.4004720e+03
   3.9916250e+02  -1.4028232e+03
   3.9918333e+02  -1.4045623e+03
   3.9920833e+02  -1.4061131e+03
   3.9922917e+02  -1.4066718e+03
   3.9925000e+02  -1.4070733e+03
   3.9927500e+02  -1.4075062e+03
   3.9929583e+02  -1.4075631e+03
   3.9932083e+02  -1.4075187e+03
   3.9934167e+02  -1.4077078e+03
   3.9936667e+02  -1.4078705e+03
   3.9938750e+02  -1.4078021e+03
   3.9941250e+02  -1.4078155e+03
   3.9943333e+02  -1.4080170e+03
   3.9945833e+02  -1.4083835e+03
   3.9947917e+02  -1.4086622e+03
   3.9950417e+02  -1.4088717e+03
   3.9952500e+02  -1.4088136e+03
   3.9954583e+02  -1.4085685e+03
   3.9957083e+02  -1.4080838e+03
   3.9959167e+02  -1.4076371e+03
   3.9961667e+02  -1.4074359e+03
   3.9963750e+02  -1.4076515e+03
   3.9966250e+02  -1.4080732e+03
   3.9968333e+02  -1.4084304e+03
   3.9970833e+02  -1.4091458e+03
   3.9972917e+02  -1.4099959e+03
   3.9975417e+02  -1.4106872e+03
   3.9977500e+02  -1.4105293e+03
   3.9979583e+02  -1.4098597e+03
   3.9982083e+02  -1.4090939e+03
   3.9984167e+02  -1.4087371e+03
   3.9986667e+02  -1.4083841e+03
   3.9988750e+02  -1.4080113e+03
   3.9991250e+02  -1.4076487e+03
   3.9993333e+02  -1.4076902e+03
   3.9995833e+02  -1.4081821e+03
   3.9997917e+02  -1.4084978e+03
   4.0001250e+02  -1.4080685e+03
   4.0003750e+02  -1.4076668e+03
   4.0005833e+02  -1.4077110e+03
   4.0008333e+02  -1.4081020e+03
   4.0010417e+02  -1.4086376e+03
   4.0012500e+02  -1.4091706e+03
   4.0015000e+02  -1.4095736e+03
   4.0017083e+02  -1.4099340e+03
   4.0019583e+02  -1.4106536e+03
   4.0021667e+02  -1.4111419e+03
   4.0024167e+02  -1.4113149e+03
   4.0026250e+02  -1.4114005e+03
   4.0028750e+02  -1.4116585e+03
   4.0030833e+02  -1.4121140e+03
   4.0033333e+02  -1.4128914e+03
   4.0035417e+02  -1.4132375e+03
   4.0037917e+02  -1.4129960e+03
   4.0040000e+02  -1.4127360e+03
   4.0042083e+02  -1.4127529e+03
   4.0044583e+02  -1.4129240e+03
   4.0046667e+02  -1.4130040e+03
   4.0049167e+02  -1.4131143e+03
   4.0051250e+02  -1.4132770e+03
   4.0053750e+02  -1.4135566e+03
   4.0055833e+02  -1.4137814e+03
   4.0058333e+02  -1.4136778e+03
   4.0060417e+02  -1.4132481e+03
   4.0062917e+02  -1.4126515e+03
   4.0065000e+02  -1.4122481e+03
   4.0067083e+02  -1.4119157e+03
   4.0069583e+02  -1.4117279e+03
   4.0071667e+02  -1.4118553e+03
   4.0074167e+02  -1.4122285e+03
   4.0076250e+02  -1.4125861e+03
   4.0078750e+02  -1.4128844e+03
   4.0080833e+02  -1.4128711e+03
   4.0083333e+02  -1.4125214e+03
   4.0085417e+02  -1.4120054e+03
   4.0087917e+02  -1.4112300e+03
   4.0090000e+02  -1.4106026e+03
   4.0092083e+02  -1.4102376e+03
   4.0094583e+02  -1.4104243e+03
   4.0096667e+02  -1.4109420e+03
   4.0099167e+02  -1.4116547e+03
   4.0102500e+02  -1.4121879e+03
   4.0104583e+02  -1.4115150e+03
   4.0107083e+02  -1.4100570e+03
   4.0109167e+02  -1.4084514e+03
   4.0111667e+02  -1.4059901e+03
   4.0113750e+02  -1.4035600e+03
   4.0116250e+02  -1.4008706e+03
   4.0118333e+02  -1.3993081e+03
   4.0120833e+02  -1.3984699e+03
   4.0122917e+02  -1.3986125e+03
   4.0125000e+02  -1.3988243e+03
   4.0127500e+02  -1.3987103e+03
   4.0129583e+02  -1.3986116e+03
   4.0132083e+02  -1.3985684e+03
   4.0134167e+02  -1.3982352e+03
   4.0136667e+02  -1.3972316e+03
   4.0138750e+02  -1.3962796e+03
   4.0141250e+02  -1.3956905e+03
   4.0143333e+02  -1.3958346e+03
   4.0145833e+02  -1.3964997e+03
   4.0147917e+02  -1.3970495e+03
   4.0150417e+02  -1.3973834e+03
   4.0152500e+02  -1.3975267e+03
   4.0154583e+02  -1.3976316e+03
   4.0157083e+02  -1.3973050e+03
   4.0159167e+02  -1.3965052e+03
   4.0161667e+02  -1.3952779e+03
   4.0163750e+02  -1.3943972e+03
   4.0166250e+02  -1.3938365e+03
   4.0168333e+02  -1.3938685e+03
   4.0170833e+02  -1.3943322e+03
   4.0172917e+02  -1.3947763e+03
   4.0175417e+02  -1.3952907e+03
   4.0177500e+02  -1.3955306e+03
   4.0179583e+02  -1.3953083e+03
   4.0182083e+02  -1.3944970e+03
   4.0184167e+02  -1.3936416e+03
   4.0186667e+02  -1.3924887e+03
   4.0188750e+02  -1.3914825e+03
   4.0191250e+02  -1.3907393e+03
   4.0193333e+02  -1.3908695e+03
   4.0195833e+02  -1.3917657e+03
   4.0197917e+02  -1.3928003e+03
   4.0201250e+02  -1.3944166e+03
   4.0203750e+02  -1.3954353e+03
   4.0205833e+02  -1.3962398e+03
   4.0208333e+02  -1.3969899e+03
   4.0210417e+02  -1.3972123e+03
   4.0212500e+02  -1.3971263e+03
   4.0215000e+02  -1.3970242e+03
   4.0217083e+02  -1.3970271e+03
   4.0219583e+02  -1.3971982e+03
   4.0221667e+02  -1.3975928e+03
   4.0224167e+02  -1.3983606e+03
   4.0226250e+02  -1.3991151e+03
   4.0228750e+02  -1.3999908e+03
   4.0230833e+02  -1.4006791e+03
   4.0233333e+02  -1.4011917e+03
   4.0235417e+02  -1.4010423e+03
   4.0237917e+02  -1.4002874e+03
   4.0240000e+02  -1.3995443e+03
   4.0242083e+02  -1.3990741e+03
   4.0244583e+02  -1.3989614e+03
   4.0246667e+02  -1.3989968e+03
   4.0249167e+02  -1.3989790e+03
   4.0251250e+02  -1.3989919e+03
   4.0253750e+02  -1.3990830e+03
   4.0255833e+02  -1.3988985e+03
   4.0258333e+02  -1.3981318e+03
   4.0260417e+02  -1.3973326e+03
   4.0262917e+02  -1.3965447e+03
   4.0265000e+02  -1.3961766e+03
   4.0267083e+02  -1.3960827e+03
   4.0269583e+02  -1.3963678e+03
   4.0271667e+02  -1.3968774e+03
   4.0274167e+02  -1.3975721e+03
   4.0276250e+02  -1.3979499e+03
   4.0278750e+02  -1.3978175e+03
   4.0280833e+02  -1.3972674e+03
   4.0283333e+02  -1.3963924e+03
   4.0285417e+02  -1.3956139e+03
   4.0287917e+02  -1.3948188e+03
   4.0290000e+02  -1.3945397e+03
   4.0292083e+02  -1.3947861e+03
   4.0294583e+02  -1.3956441e+03
   4.0296667e+02  -1.3965414e+03
   4.0299167e+02  -1.3976016e+03
   4.0302500e+02  -1.3985210e+03
   4.0304583e+02  -1.3989614e+03
   4.0307083e+02  -1.3994377e+03
   4.0309167e+02  -1.3999047e+03
   4.0311667e+02  -1.4007167e+03
   4.0313750e+02  -1.4016988e+03
   4.0316250e+02  -1.4031659e+03
   4.0318333e+02  -1.4045024e+03
   4.0320833e+02  -1.4061536e+03
   4.0322917e+02  -1.4072952e+03
   4.0325000e+02  -1.4081931e+03
   4.0327500e+02  -1.4089794e+03
   4.0329583e+02  -1.4094323e+03
   4.0332083e+02  -1.4097185e+03
   4.0334167e+02  -1.4097037e+03
   4.0336667e+02  -1.4094996e+03
   4.0338750e+02  -1.4094093e+03
   4.0341250e+02  -1.4095176e+03
   4.0343333e+02  -1.4096313e+03
   4.0345833e+02  -1.4095636e+03
   4.0347917e+02  -1.4093613e+03
   4.0350417e+02  -1.4091357e+03
   4.0352500e+02  -1.4088745e+03
   4.0354583e+02  -1.4083789e+03
   4.0357083e+02  -1.4075544e+03
   4.0359167e+02  -1.4069859e+03
   4.0361667e+02  -1.4067268e+03
   4.0363750e+02  -1.4068175e+03
   4.0366250e+02  -1.4070080e+03
   4.0368333e+02  -1.4070416e+03
   4.0370833e+02  -1.4070043e+03
   4.0372917e+02  -1.4069793e+03
   4.0375417e+02  -1.4067909e+03
   4.0377500e+02  -1.4063868e+03
   4.0379583e+02  -1.4057965e+03
   4.0382083e+02  -1.4051193e+03
   4.0384167e+02  -1.4048800e+03
   4.0386667e+02  -1.4051677e+03
   4.0388750e+02  -1.4055884e+03
   4.0391250e+02  -1.4059144e+03
   4.0393333e+02  -1.4061631e+03
   4.0395833e+02  -1.4065849e+03
   4.0397917e+02  -1.4068422e+03
   4.0401250e+02  -1.4064884e+03
   4.0403750e+02  -1.4051658e+03
   4.0405833e+02  -1.4035787e+03
   4.0408333e+02  -1.4016194e+03
   4.0410417e+02  -1.4000200e+03
   4.0412500e+02  -1.3984008e+03
   4.0415000e+02  -1.3967405e+03
   4.0417083e+02  -1.3958479e+03
   4.0419583e+02  -1.3953090e+03
   4.0421667e+02  -1.3951256e+03
   4.0424167e+02  -1.3948959e+03
   4.0426250e+02  -1.3943189e+03
   4.0428750e+02  -1.3934987e+03
   4.0430833e+02  -1.3928737e+03
   4.0433333e+02  -1.3921712e+03
   4.0435417e+02  -1.3917484e+03
   4.0437917e+02  -1.3917714e+03
   4.0440000e+02  -1.3923117e+03
   4.0442083e+02  -1.3930848e+03
   4.0444583e+02  -1.3938717e+03
   4.0446667e+02  -1.3942662e+03
   4.0449167e+02  -1.3944645e+03
   4.0451250e+02  -1.3945345e+03
   4.0453750e+02  -1.3945091e+03
   4.0455833e+02  -1.3943001e+03
   4.0458333e+02  -1.3939053e+03
   4.0460417e+02  -1.3937363e+03
   4.0462917e+02  -1.3939785e+03
   4.0465000e+02  -1.3942946e+03
   4.0467083e+02  -1.3944338e+03
   4.0469583e+02  -1.3943796e+03
   4.0471667e+02  -1.3942929e+03
   4.0474167e+02  -1.3943268e+03
   4.0476250e+02  -1.3943085e+03
   4.0478750e+02  -1.3939020e+03
   4.0480833e+02  -1.3933525e+03
   4.0483333e+02  -1.3929975e+03
   4.0485417e+02  -1.3931469e+03
   4.0487917e+02  -1.3933847e+03
   4.0490000e+02  -1.3933128e+03
   4.0492083e+02  -1.3931323e+03
   4.0494583e+02  -1.3931280e+03
   4.0496667e+02  -1.3932834e+03
   4.0499167e+02  -1.3932879e+03
   4.0502500e+02  -1.3926709e+03
   4.0504583e+02  -1.3926513e+03
   4.0507083e+02  -1.3932345e+03
   4.0509167e+02  -1.3938660e+03
   4.0511667e+02  -1.3944244e+03
   4.0513750e+02  -1.3949358e+03
   4.0516250e+02  -1.3958504e+03
   4.0518333e+02  -1.3966678e+03
   4.0520833e+02  -1.3972215e+03
   4.0522917e+02  -1.3971300e+03
   4.0525000e+02  -1.3968876e+03
   4.0527500e+02  -1.3969133e+03
   4.0529583e+02  -1.3971349e+03
   4.0532083e+02  -1.3971380e+03
   4.0534167e+02  -1.3969346e+03
   4.0536667e+02  -1.3968321e+03
   4.0538750e+02  -1.3970445e+03
   4.0541250e+02  -1.3974236e+03
   4.0543333e+02  -1.3974842e+03
   4.0545833e+02  -1.3972797e+03
   4.0547917e+02  -1.3971535e+03
   4.0550417e+02  -1.3973573e+03
   4.0552500e+02  -1.3976168e+03
   4.0554583e+02  -1.3976642e+03
   4.0557083e+02  -1.3975127e+03
   4.0559167e+02  -1.3975356e+03
   4.0561667e+02  -1.3980502e+03
   4.0563750e+02  -1.3985880e+03
   4.0566250e+02  -1.3988354e+03
   4.0568333e+02  -1.3987322e+03
   4.0570833e+02  -1.3985520e+03
   4.0572917e+02  -1.3984822e+03
