   3.5975625e+02  -1.4954983e+03
   3.5977500e+02  -1.4957918e+03
   3.5980000e+02  -1.4965705e+03
   3.5981875e+02  -1.4971118e+03
   3.5984375e+02  -1.4974611e+03
   3.5986875e+02  -1.4974872e+03
   3.5988750e+02  -1.4974158e+03
   3.5991250e+02  -1.4971855e+03
   3.5993750e+02  -1.4966078e+03
   3.5995625e+02  -1.4960426e+03
   3.5998125e+02  -1.4957082e+03
   3.6001250e+02  -1.4964498e+03
   3.6003750e+02  -1.4964270e+03
   3.6006250e+02  -1.4950548e+03
   3.6008125e+02  -1.4934888e+03
   3.6010625e+02  -1.4909953e+03
   3.6012500e+02  -1.4889684e+03
   3.6015000e+02  -1.4860997e+03
   3.6017500e+02  -1.4831884e+03
   3.6019375e+02  -1.4813001e+03
   3.6021875e+02  -1.4799002e+03
   3.6024375e+02  -1.4795451e+03
   3.6026250e+02  -1.4789083e+03
   3.6028750e+02  -1.4774317e+03
   3.6031250e+02  -1.4757599e+03
   3.6033125e+02  -1.4747092e+03
   3.6035625e+02  -1.4736394e+03
   3.6037500e+02  -1.4729753e+03
   3.6040000e+02  -1.4719618e+03
   3.6042500e+02  -1.4711445e+03
   3.6044375e+02  -1.4711660e+03
   3.6046875e+02  -1.4718155e+03
   3.6049375e+02  -1.4720909e+03
   3.6051250e+02  -1.4717933e+03
   3.6053750e+02  -1.4714266e+03
   3.6056250e+02  -1.4717589e+03
   3.6058125e+02  -1.4721999e+03
   3.6060625e+02  -1.4723227e+03
   3.6063125e+02  -1.4717783e+03
   3.6065000e+02  -1.4714442e+03
   3.6067500e+02  -1.4716282e+03
   3.6069375e+02  -1.4719340e+03
   3.6071875e+02  -1.4718411e+03
   3.6074375e+02  -1.4713639e+03
   3.6076250e+02  -1.4713271e+03
   3.6078750e+02  -1.4720357e+03
   3.6081250e+02  -1.4728486e+03
   3.6083125e+02  -1.4730273e+03
   3.6085625e+02  -1.4727338e+03
   3.6088125e+02  -1.4724604e+03
   3.6090000e+02  -1.4724205e+03
   3.6092500e+02  -1.4721899e+03
   3.6094375e+02  -1.4716368e+03
   3.6096875e+02  -1.4707278e+03
   3.6099375e+02  -1.4704569e+03
   3.6102500e+02  -1.4710191e+03
   3.6105000e+02  -1.4708796e+03
   3.6106875e+02  -1.4703569e+03
   3.6109375e+02  -1.4696483e+03
   3.6111875e+02  -1.4692528e+03
   3.6113750e+02  -1.4689321e+03
   3.6116250e+02  -1.4679722e+03
   3.6118750e+02  -1.4665298e+03
   3.6120625e+02  -1.4657292e+03
   3.6123125e+02  -1.4656156e+03
   3.6125625e+02  -1.4656264e+03
   3.6127500e+02  -1.4650843e+03
   3.6130000e+02  -1.4638877e+03
   3.6131875e+02  -1.4631970e+03
   3.6134375e+02  -1.4629246e+03
   3.6136875e+02  -1.4627602e+03
   3.6138750e+02  -1.4621381e+03
   3.6141250e+02  -1.4607308e+03
   3.6143750e+02  -1.4598538e+03
   3.6145625e+02  -1.4598782e+03
   3.6148125e+02  -1.4598556e+03
   3.6150000e+02  -1.4592161e+03
   3.6152500e+02  -1.4580792e+03
   3.6155000e+02  -1.4578531e+03
   3.6156875e+02  -1.4584126e+03
   3.6159375e+02  -1.4591807e+03
   3.6161875e+02  -1.4591713e+03
   3.6163750e+02  -1.4588644e+03
   3.6166250e+02  -1.4588609e+03
   3.6168750e+02  -1.4592526e+03
   3.6170625e+02  -1.4591868e+03
   3.6173125e+02  -1.4583350e+03
   3.6175625e+02  -1.4574525e+03
   3.6177500e+02  -1.4574393e+03
   3.6180000e+02  -1.4580990e+03
   3.6181875e+02  -1.4586291e+03
   3.6184375e+02  -1.4591142e+03
   3.6186875e+02  -1.4595737e+03
   3.6188750e+02  -1.4600881e+03
   3.6191250e+02  -1.4607973e+03
   3.6193750e+02  -1.4609664e+03
   3.6195625e+02  -1.4605585e+03
   3.6198125e+02  -1.4597422e+03
   3.6201250e+02  -1.4592524e+03
   3.6203750e+02  -1.4586176e+03
   3.6206250e+02  -1.4572764e+03
   3.6208125e+02  -1.4561189e+03
   3.6210625e+02  -1.4548925e+03
   3.6212500e+02  -1.4542363e+03
   3.6215000e+02  -1.4534267e+03
   3.6217500e+02  -1.4523533e+03
   3.6219375e+02  -1.4514123e+03
   3.6221875e+02  -1.4505663e+03
   3.6224375e+02  -1.4501244e+03
   3.6226250e+02  -1.4494050e+03
   3.6228750e+02  -1.4478993e+03
   3.6231250e+02  -1.4464350e+03
   3.6233125e+02  -1.4458259e+03
   3.6235625e+02  -1.4456615e+03
   3.6237500e+02  -1.4457690e+03
   3.6240000e+02  -1.4457631e+03
   3.6242500e+02  -1.4456965e+03
   3.6244375e+02  -1.4458709e+03
   3.6246875e+02  -1.4461424e+03
   3.6249375e+02  -1.4457943e+03
   3.6251250e+02  -1.4450902e+03
   3.6253750e+02  -1.4442164e+03
   3.6256250e+02  -1.4440243e+03
   3.6258125e+02  -1.4442512e+03
   3.6260625e+02  -1.4445884e+03
   3.6263125e+02  -1.4448260e+03
   3.6265000e+02  -1.4451939e+03
   3.6267500e+02  -1.4459710e+03
   3.6269375e+02  -1.4464624e+03
   3.6271875e+02  -1.4466226e+03
   3.6274375e+02  -1.4464970e+03
   3.6276250e+02  -1.4465556e+03
   3.6278750e+02  -1.4468043e+03
   3.6281250e+02  -1.4469268e+03
   3.6283125e+02  -1.4468903e+03
   3.6285625e+02  -1.4468330e+03
   3.6288125e+02  -1.4468430e+03
   3.6290000e+02  -1.4468196e+03
   3.6292500e+02  -1.4466016e+03
   3.6294375e+02  -1.4463057e+03
   3.6296875e+02  -1.4460300e+03
   3.6299375e+02  -1.4461282e+03
   3.6302500e+02  -1.4463349e+03
   3.6305000e+02  -1.4462000e+03
   3.6306875e+02  -1.4461723e+03
   3.6309375e+02  -1.4463280e+03
   3.6311875e+02  -1.4462875e+03
   3.6313750e+02  -1.4458862e+03
   3.6316250e+02  -1.4449970e+03
   3.6318750e+02  -1.4442738e+03
   3.6320625e+02  -1.4441261e+03
   3.6323125e+02  -1.4443047e+03
   3.6325625e+02  -1.4443342e+03
   3.6327500e+02  -1.4442460e+03
   3.6330000e+02  -1.4445060e+03
   3.6331875e+02  -1.4449936e+03
   3.6334375e+02  -1.4455638e+03
   3.6336875e+02  -1.4455174e+03
   3.6338750e+02  -1.4450451e+03
   3.6341250e+02  -1.4442873e+03
   3.6343750e+02  -1.4438918e+03
   3.6345625e+02  -1.4437964e+03
   3.6348125e+02  -1.4434482e+03
   3.6350000e+02  -1.4429981e+03
   3.6352500e+02  -1.4425968e+03
   3.6355000e+02  -1.4427227e+03
   3.6356875e+02  -1.4430049e+03
   3.6359375e+02  -1.4431207e+03
   3.6361875e+02  -1.4428377e+03
   3.6363750e+02  -1.4426670e+03
   3.6366250e+02  -1.4428875e+03
   3.6368750e+02  -1.4433108e+03
   3.6370625e+02  -1.4434406e+03
   3.6373125e+02  -1.4434619e+03
   3.6375625e+02  -1.4436690e+03
   3.6377500e+02  -1.4440464e+03
   3.6380000e+02  -1.4445687e+03
   3.6381875e+02  -1.4447489e+03
   3.6384375e+02  -1.4446647e+03
   3.6386875e+02  -1.4444717e+03
   3.6388750e+02  -1.4444568e+03
   3.6391250e+02  -1.4444558e+03
   3.6393750e+02  -1.4443403e+03
   3.6395625e+02  -1.4442727e+03
   3.6398125e+02  -1.4444656e+03
   3.6401250e+02  -1.4451234e+03
   3.6403750e+02  -1.4454477e+03
   3.6406250e+02  -1.4455045e+03
   3.6408125e+02  -1.4455384e+03
   3.6410625e+02  -1.4457683e+03
   3.6412500e+02  -1.4459436e+03
   3.6415000e+02  -1.4458456e+03
   3.6417500e+02  -1.4453481e+03
   3.6419375e+02  -1.4451050e+03
   3.6421875e+02  -1.4452679e+03
   3.6424375e+02  -1.4456499e+03
   3.6426250e+02  -1.4457515e+03
   3.6428750e+02  -1.4457039e+03
   3.6431250e+02  -1.4456105e+03
   3.6433125e+02  -1.4454536e+03
   3.6435625e+02  -1.4449899e+03
   3.6437500e+02  -1.4442937e+03
   3.6440000e+02  -1.4429470e+03
   3.6442500e+02  -1.4417684e+03
   3.6444375e+02  -1.4413406e+03
   3.6446875e+02  -1.4412200e+03
   3.6449375e+02  -1.4411582e+03
   3.6451250e+02  -1.4411498e+03
   3.6453750e+02  -1.4413211e+03
   3.6456250e+02  -1.4417845e+03
   3.6458125e+02  -1.4421328e+03
   3.6460625e+02  -1.4421343e+03
   3.6463125e+02  -1.4415812e+03
   3.6465000e+02  -1.4411030e+03
   3.6467500e+02  -1.4406762e+03
   3.6469375e+02  -1.4404508e+03
   3.6471875e+02  -1.4402259e+03
   3.6474375e+02  -1.4401668e+03
   3.6476250e+02  -1.4402997e+03
   3.6478750e+02  -1.4408069e+03
   3.6481250e+02  -1.4414849e+03
   3.6483125e+02  -1.4418575e+03
   3.6485625e+02  -1.4421076e+03
   3.6488125e+02  -1.4422583e+03
   3.6490000e+02  -1.4423237e+03
   3.6492500e+02  -1.4423086e+03
   3.6494375e+02  -1.4422455e+03
   3.6496875e+02  -1.4421435e+03
   3.6499375e+02  -1.4422386e+03
   3.6502500e+02  -1.4424784e+03
   3.6505000e+02  -1.4415665e+03
   3.6506875e+02  -1.4402511e+03
   3.6509375e+02  -1.4381480e+03
   3.6511875e+02  -1.4360437e+03
   3.6513750e+02  -1.4344481e+03
   3.6516250e+02  -1.4322416e+03
   3.6518750e+02  -1.4302485e+03
   3.6520625e+02  -1.4291869e+03
   3.6523125e+02  -1.4284429e+03
   3.6525625e+02  -1.4276197e+03
   3.6527500e+02  -1.4266941e+03
   3.6530000e+02  -1.4252732e+03
   3.6531875e+02  -1.4242591e+03
   3.6534375e+02  -1.4233156e+03
   3.6536875e+02  -1.4229257e+03
   3.6538750e+02  -1.4228320e+03
   3.6541250e+02  -1.4228909e+03
   3.6543750e+02  -1.4233714e+03
   3.6545625e+02  -1.4239563e+03
   3.6548125e+02  -1.4246791e+03
   3.6550000e+02  -1.4249660e+03
   3.6552500e+02  -1.4250560e+03
   3.6555000e+02  -1.4250844e+03
   3.6556875e+02  -1.4251999e+03
   3.6559375e+02  -1.4253355e+03
   3.6561875e+02  -1.4252101e+03
   3.6563750e+02  -1.4250913e+03
   3.6566250e+02  -1.4250956e+03
   3.6568750e+02  -1.4251730e+03
   3.6570625e+02  -1.4252423e+03
   3.6573125e+02  -1.4254093e+03
   3.6575625e+02  -1.4256992e+03
   3.6577500e+02  -1.4259479e+03
   3.6580000e+02  -1.4262270e+03
   3.6581875e+02  -1.4262772e+03
   3.6584375e+02  -1.4259686e+03
   3.6586875e+02  -1.4253523e+03
   3.6588750e+02  -1.4248125e+03
   3.6591250e+02  -1.4240078e+03
   3.6593750e+02  -1.4232386e+03
   3.6595625e+02  -1.4229180e+03
   3.6598125e+02  -1.4230357e+03
   3.6601250e+02  -1.4240201e+03
   3.6603750e+02  -1.4243329e+03
   3.6606250e+02  -1.4234570e+03
   3.6608125e+02  -1.4222146e+03
   3.6610625e+02  -1.4201279e+03
   3.6612500e+02  -1.4183935e+03
   3.6615000e+02  -1.4158813e+03
   3.6617500e+02  -1.4134525e+03
   3.6619375e+02  -1.4120038e+03
   3.6621875e+02  -1.4108294e+03
   3.6624375e+02  -1.4104309e+03
   3.6626250e+02  -1.4100231e+03
   3.6628750e+02  -1.4091288e+03
   3.6631250e+02  -1.4077669e+03
   3.6633125e+02  -1.4066932e+03
   3.6635625e+02  -1.4056216e+03
   3.6637500e+02  -1.4051319e+03
   3.6640000e+02  -1.4046495e+03
   3.6642500e+02  -1.4043492e+03
   3.6644375e+02  -1.4043793e+03
   3.6646875e+02  -1.4048673e+03
   3.6649375e+02  -1.4056133e+03
   3.6651250e+02  -1.4060103e+03
   3.6653750e+02  -1.4061503e+03
   3.6656250e+02  -1.4062486e+03
   3.6658125e+02  -1.4065377e+03
   3.6660625e+02  -1.4070528e+03
   3.6663125e+02  -1.4075308e+03
   3.6665000e+02  -1.4078311e+03
   3.6667500e+02  -1.4080549e+03
   3.6669375e+02  -1.4081611e+03
   3.6671875e+02  -1.4084495e+03
   3.6674375e+02  -1.4087574e+03
   3.6676250e+02  -1.4088287e+03
   3.6678750e+02  -1.4087538e+03
   3.6681250e+02  -1.4085596e+03
   3.6683125e+02  -1.4082916e+03
   3.6685625e+02  -1.4079223e+03
   3.6688125e+02  -1.4075898e+03
   3.6690000e+02  -1.4071569e+03
   3.6692500e+02  -1.4062588e+03
   3.6694375e+02  -1.4056437e+03
   3.6696875e+02  -1.4053534e+03
   3.6699375e+02  -1.4055756e+03
   3.6702500e+02  -1.4059134e+03
   3.6705000e+02  -1.4054958e+03
   3.6706875e+02  -1.4049679e+03
   3.6709375e+02  -1.4042472e+03
   3.6711875e+02  -1.4031477e+03
   3.6713750e+02  -1.4018394e+03
   3.6716250e+02  -1.3998006e+03
   3.6718750e+02  -1.3982853e+03
   3.6720625e+02  -1.3977027e+03
   3.6723125e+02  -1.3974932e+03
   3.6725625e+02  -1.3973593e+03
   3.6727500e+02  -1.3971364e+03
   3.6730000e+02  -1.3968706e+03
   3.6731875e+02  -1.3968123e+03
   3.6734375e+02  -1.3967631e+03
   3.6736875e+02  -1.3963537e+03
   3.6738750e+02  -1.3957919e+03
   3.6741250e+02  -1.3949360e+03
   3.6743750e+02  -1.3942732e+03
   3.6745625e+02  -1.3939871e+03
   3.6748125e+02  -1.3938652e+03
   3.6750000e+02  -1.3939202e+03
   3.6752500e+02  -1.3943071e+03
   3.6755000e+02  -1.3952325e+03
   3.6756875e+02  -1.3961193e+03
   3.6759375e+02  -1.3970540e+03
   3.6761875e+02  -1.3974937e+03
   3.6763750e+02  -1.3976863e+03
   3.6766250e+02  -1.3978534e+03
   3.6768750e+02  -1.3977477e+03
   3.6770625e+02  -1.3974978e+03
   3.6773125e+02  -1.3972319e+03
   3.6775625e+02  -1.3973865e+03
   3.6777500e+02  -1.3977900e+03
   3.6780000e+02  -1.3984811e+03
   3.6781875e+02  -1.3988310e+03
   3.6784375e+02  -1.3990049e+03
   3.6786875e+02  -1.3991088e+03
   3.6788750e+02  -1.3991515e+03
   3.6791250e+02  -1.3987971e+03
   3.6793750e+02  -1.3979804e+03
   3.6795625e+02  -1.3974235e+03
   3.6798125e+02  -1.3970647e+03
   3.6801250e+02  -1.3970049e+03
   3.6803750e+02  -1.3971295e+03
   3.6806250e+02  -1.3973118e+03
   3.6808125e+02  -1.3976712e+03
   3.6810625e+02  -1.3986318e+03
   3.6812500e+02  -1.3993761e+03
   3.6815000e+02  -1.3998438e+03
   3.6817500e+02  -1.3999204e+03
   3.6819375e+02  -1.4000284e+03
   3.6821875e+02  -1.4002171e+03
   3.6824375e+02  -1.4001358e+03
   3.6826250e+02  -1.3998621e+03
   3.6828750e+02  -1.3992632e+03
   3.6831250e+02  -1.3989884e+03
   3.6833125e+02  -1.3992574e+03
   3.6835625e+02  -1.3997266e+03
   3.6837500e+02  -1.3999384e+03
   3.6840000e+02  -1.4001743e+03
   3.6842500e+02  -1.4006139e+03
   3.6844375e+02  -1.4010179e+03
   3.6846875e+02  -1.4012552e+03
   3.6849375e+02  -1.4008127e+03
   3.6851250e+02  -1.4001525e+03
   3.6853750e+02  -1.3995199e+03
   3.6856250e+02  -1.3993885e+03
   3.6858125e+02  -1.3992845e+03
   3.6860625e+02  -1.3989710e+03
   3.6863125e+02  -1.3990568e+03
   3.6865000e+02  -1.3995908e+03
   3.6867500e+02  -1.4004115e+03
   3.6869375e+02  -1.4007022e+03
   3.6871875e+02  -1.4006242e+03
   3.6874375e+02  -1.4004488e+03
   3.6876250e+02  -1.4004493e+03
   3.6878750e+02  -1.4004680e+03
   3.6881250e+02  -1.4002726e+03
   3.6883125e+02  -1.4001355e+03
   3.6885625e+02  -1.4004274e+03
   3.6888125e+02  -1.4012275e+03
   3.6890000e+02  -1.4017799e+03
   3.6892500e+02  -1.4020830e+03
   3.6894375e+02  -1.4020610e+03
   3.6896875e+02  -1.4019733e+03
   3.6899375e+02  -1.4018665e+03
   3.6902500e+02  -1.4015582e+03
   3.6905000e+02  -1.4015199e+03
   3.6906875e+02  -1.4018078e+03
   3.6909375e+02  -1.4027922e+03
   3.6911875e+02  -1.4042051e+03
   3.6913750e+02  -1.4050704e+03
   3.6916250e+02  -1.4056135e+03
   3.6918750e+02  -1.4057913e+03
   3.6920625e+02  -1.4059807e+03
   3.6923125e+02  -1.4062113e+03
   3.6925625e+02  -1.4062247e+03
   3.6927500e+02  -1.4061790e+03
   3.6930000e+02  -1.4065932e+03
   3.6931875e+02  -1.4074155e+03
   3.6934375e+02  -1.4086668e+03
   3.6936875e+02  -1.4092939e+03
   3.6938750e+02  -1.4091693e+03
   3.6941250e+02  -1.4086880e+03
   3.6943750e+02  -1.4083484e+03
   3.6945625e+02  -1.4080467e+03
   3.6948125e+02  -1.4070576e+03
   3.6950000e+02  -1.4060424e+03
   3.6952500e+02  -1.4051602e+03
   3.6955000e+02  -1.4051718e+03
   3.6956875e+02  -1.4054247e+03
   3.6959375e+02  -1.4055481e+03
   3.6961875e+02  -1.4055035e+03
   3.6963750e+02  -1.4056211e+03
   3.6966250e+02  -1.4061961e+03
   3.6968750e+02  -1.4066558e+03
   3.6970625e+02  -1.4065383e+03
   3.6973125e+02  -1.4061002e+03
   3.6975625e+02  -1.4059945e+03
   3.6977500e+02  -1.4061124e+03
   3.6980000e+02  -1.4061239e+03
   3.6981875e+02  -1.4059191e+03
   3.6984375e+02  -1.4056435e+03
   3.6986875e+02  -1.4057064e+03
   3.6988750e+02  -1.4060419e+03
   3.6991250e+02  -1.4065608e+03
   3.6993750e+02  -1.4068054e+03
   3.6995625e+02  -1.4068742e+03
   3.6998125e+02  -1.4070858e+03
   3.7001250e+02  -1.4072552e+03
   3.7003750e+02  -1.4063296e+03
   3.7006250e+02  -1.4044469e+03
   3.7008125e+02  -1.4029415e+03
   3.7010625e+02  -1.4010560e+03
   3.7012500e+02  -1.3997306e+03
   3.7015000e+02  -1.3979727e+03
   3.7017500e+02  -1.3964082e+03
   3.7019375e+02  -1.3957889e+03
   3.7021875e+02  -1.3959934e+03
   3.7024375e+02  -1.3967179e+03
   3.7026250e+02  -1.3967782e+03
   3.7028750e+02  -1.3965349e+03
   3.7031250e+02  -1.3966153e+03
   3.7033125e+02  -1.3967797e+03
   3.7035625e+02  -1.3967049e+03
   3.7037500e+02  -1.3962476e+03
   3.7040000e+02  -1.3954095e+03
   3.7042500e+02  -1.3950462e+03
   3.7044375e+02  -1.3951993e+03
   3.7046875e+02  -1.3953112e+03
   3.7049375e+02  -1.3948230e+03
   3.7051250e+02  -1.3944337e+03
   3.7053750e+02  -1.3943080e+03
   3.7056250e+02  -1.3944827e+03
   3.7058125e+02  -1.3945850e+03
   3.7060625e+02  -1.3945431e+03
   3.7063125e+02  -1.3945133e+03
   3.7065000e+02  -1.3947027e+03
   3.7067500e+02  -1.3951690e+03
   3.7069375e+02  -1.3953355e+03
   3.7071875e+02  -1.3951503e+03
   3.7074375e+02  -1.3948391e+03
   3.7076250e+02  -1.3946323e+03
   3.7078750e+02  -1.3943432e+03
   3.7081250e+02  -1.3940051e+03
   3.7083125e+02  -1.3937687e+03
   3.7085625e+02  -1.3936401e+03
   3.7088125e+02  -1.3938968e+03
   3.7090000e+02  -1.3942466e+03
   3.7092500e+02  -1.3946026e+03
   3.7094375e+02  -1.3947725e+03
   3.7096875e+02  -1.3949399e+03
   3.7099375e+02  -1.3949022e+03
   3.7102500e+02  -1.3942376e+03
   3.7105000e+02  -1.3934565e+03
   3.7106875e+02  -1.3929192e+03
   3.7109375e+02  -1.3922203e+03
   3.7111875e+02  -1.3914513e+03
   3.7113750e+02  -1.3909414e+03
   3.7116250e+02  -1.3906311e+03
   3.7118750e+02  -1.3909339e+03
   3.7120625e+02  -1.3914948e+03
   3.7123125e+02  -1.3923321e+03
   3.7125625e+02  -1.3929979e+03
   3.7127500e+02  -1.3934439e+03
   3.7130000e+02  -1.3941052e+03
   3.7131875e+02  -1.3944003e+03
   3.7134375e+02  -1.3944498e+03
   3.7136875e+02  -1.3944395e+03
   3.7138750e+02  -1.3945709e+03
   3.7141250e+02  -1.3951197e+03
   3.7143750e+02  -1.3961979e+03
   3.7145625e+02  -1.3972609e+03
   3.7148125e+02  -1.3986761e+03
   3.7150000e+02  -1.3996185e+03
   3.7152500e+02  -1.4006069e+03
   3.7155000e+02  -1.4008254e+03
   3.7156875e+02  -1.4003893e+03
   3.7159375e+02  -1.3992731e+03
   3.7161875e+02  -1.3979355e+03
   3.7163750e+02  -1.3971098e+03
   3.7166250e+02  -1.3966783e+03
   3.7168750e+02  -1.3969868e+03
   3.7170625e+02  -1.3974997e+03
   3.7173125e+02  -1.3984730e+03
   3.7175625e+02  -1.3994536e+03
   3.7177500e+02  -1.3998541e+03
   3.7180000e+02  -1.3996800e+03
   3.7181875e+02  -1.3991168e+03
   3.7184375e+02  -1.3981536e+03
   3.7186875e+02  -1.3974248e+03
   3.7188750e+02  -1.3972496e+03
   3.7191250e+02  -1.3974254e+03
   3.7193750e+02  -1.3980878e+03
   3.7195625e+02  -1.3989616e+03
   3.7198125e+02  -1.4002674e+03
   3.7201250e+02  -1.4009247e+03
   3.7203750e+02  -1.3988440e+03
   3.7206250e+02  -1.3946520e+03
   3.7208125e+02  -1.3910152e+03
   3.7210625e+02  -1.3860658e+03
   3.7212500e+02  -1.3826585e+03
   3.7215000e+02  -1.3789587e+03
   3.7217500e+02  -1.3763908e+03
   3.7219375e+02  -1.3754651e+03
   3.7221875e+02  -1.3755721e+03
   3.7224375e+02  -1.3758391e+03
   3.7226250e+02  -1.3747253e+03
   3.7228750e+02  -1.3722340e+03
   3.7231250e+02  -1.3694971e+03
   3.7233125e+02  -1.3675122e+03
   3.7235625e+02  -1.3653908e+03
   3.7237500e+02  -1.3644229e+03
   3.7240000e+02  -1.3639360e+03
   3.7242500e+02  -1.3647249e+03
   3.7244375e+02  -1.3660949e+03
   3.7246875e+02  -1.3676560e+03
   3.7249375e+02  -1.3676882e+03
   3.7251250e+02  -1.3668703e+03
   3.7253750e+02  -1.3653002e+03
   3.7256250e+02  -1.3637043e+03
   3.7258125e+02  -1.3628275e+03
   3.7260625e+02  -1.3622008e+03
   3.7263125e+02  -1.3621954e+03
   3.7265000e+02  -1.3628438e+03
   3.7267500e+02  -1.3647319e+03
   3.7269375e+02  -1.3663041e+03
   3.7271875e+02  -1.3675936e+03
   3.7274375e+02  -1.3679136e+03
   3.7276250e+02  -1.3677626e+03
   3.7278750e+02  -1.3672691e+03
   3.7281250e+02  -1.3665761e+03
   3.7283125e+02  -1.3660466e+03
   3.7285625e+02  -1.3655803e+03
   3.7288125e+02  -1.3658353e+03
   3.7290000e+02  -1.3666074e+03
   3.7292500e+02  -1.3679410e+03
   3.7294375e+02  -1.3687321e+03
   3.7296875e+02  -1.3693647e+03
   3.7299375e+02  -1.3696290e+03
   3.7302500e+02  -1.3690081e+03
   3.7305000e+02  -1.3669189e+03
   3.7306875e+02  -1.3648492e+03
   3.7309375e+02  -1.3618188e+03
   3.7311875e+02  -1.3589072e+03
   3.7313750e+02  -1.3571917e+03
   3.7316250e+02  -1.3553532e+03
   3.7318750e+02  -1.3538672e+03
   3.7320625e+02  -1.3532981e+03
   3.7323125e+02  -1.3534558e+03
   3.7325625e+02  -1.3533376e+03
   3.7327500e+02  -1.3525852e+03
   3.7330000e+02  -1.3510862e+03
   3.7331875e+02  -1.3498451e+03
   3.7334375e+02  -1.3483822e+03
   3.7336875e+02  -1.3474083e+03
   3.7338750e+02  -1.3468109e+03
   3.7341250e+02  -1.3461274e+03
   3.7343750e+02  -1.3461535e+03
   3.7345625e+02  -1.3467006e+03
   3.7348125e+02  -1.3474011e+03
   3.7350000e+02  -1.3475532e+03
   3.7352500e+02  -1.3474685e+03
   3.7355000e+02  -1.3473550e+03
   3.7356875e+02  -1.3473626e+03
   3.7359375e+02  -1.3474989e+03
   3.7361875e+02  -1.3476342e+03
   3.7363750e+02  -1.3477125e+03
   3.7366250e+02  -1.3480537e+03
   3.7368750e+02  -1.3488241e+03
   3.7370625e+02  -1.3493978e+03
   3.7373125e+02  -1.3498310e+03
   3.7375625e+02  -1.3497939e+03
   3.7377500e+02  -1.3496174e+03
   3.7380000e+02  -1.3494112e+03
   3.7381875e+02  -1.3493431e+03
   3.7384375e+02  -1.3494072e+03
   3.7386875e+02  -1.3495852e+03
   3.7388750e+02  -1.3499007e+03
   3.7391250e+02  -1.3505762e+03
   3.7393750e+02  -1.3513191e+03
   3.7395625e+02  -1.3516595e+03
   3.7398125e+02  -1.3517455e+03
   3.7401250e+02  -1.3512380e+03
   3.7403750e+02  -1.3511971e+03
   3.7406250e+02  -1.3520412e+03
   3.7408125e+02  -1.3531295e+03
   3.7410625e+02  -1.3551297e+03
   3.7412500e+02  -1.3570909e+03
   3.7415000e+02  -1.3600410e+03
   3.7417500e+02  -1.3627254e+03
   3.7419375e+02  -1.3643594e+03
   3.7421875e+02  -1.3659128e+03
   3.7424375e+02  -1.3665378e+03
   3.7426250e+02  -1.3667220e+03
   3.7428750e+02  -1.3667737e+03
   3.7431250e+02  -1.3668251e+03
   3.7433125e+02  -1.3669274e+03
   3.7435625e+02  -1.3672033e+03
   3.7437500e+02  -1.3674414e+03
   3.7440000e+02  -1.3676323e+03
   3.7442500e+02  -1.3677927e+03
   3.7444375e+02  -1.3680751e+03
   3.7446875e+02  -1.3684358e+03
   3.7449375e+02  -1.3683823e+03
   3.7451250e+02  -1.3681178e+03
   3.7453750e+02  -1.3678399e+03
   3.7456250e+02  -1.3676692e+03
   3.7458125e+02  -1.3675062e+03
   3.7460625e+02  -1.3672686e+03
   3.7463125e+02  -1.3670828e+03
   3.7465000e+02  -1.3670964e+03
   3.7467500e+02  -1.3674025e+03
   3.7469375e+02  -1.3676772e+03
   3.7471875e+02  -1.3677291e+03
   3.7474375e+02  -1.3675306e+03
   3.7476250e+02  -1.3674334e+03
   3.7478750e+02  -1.3673946e+03
   3.7481250e+02  -1.3673065e+03
   3.7483125e+02  -1.3672403e+03
   3.7485625e+02  -1.3672789e+03
   3.7488125e+02  -1.3676705e+03
   3.7490000e+02  -1.3682374e+03
   3.7492500e+02  -1.3690041e+03
   3.7494375e+02  -1.3692627e+03
   3.7496875e+02  -1.3692159e+03
   3.7499375e+02  -1.3691965e+03
   3.7502500e+02  -1.3693989e+03
   3.7505000e+02  -1.3704379e+03
   3.7506875e+02  -1.3717849e+03
   3.7509375e+02  -1.3743754e+03
   3.7511875e+02  -1.3777947e+03
   3.7513750e+02  -1.3804341e+03
   3.7516250e+02  -1.3832448e+03
   3.7518750e+02  -1.3851424e+03
   3.7520625e+02  -1.3863045e+03
   3.7523125e+02  -1.3874352e+03
   3.7525625e+02  -1.3881055e+03
   3.7527500e+02  -1.3884879e+03
   3.7530000e+02  -1.3893195e+03
   3.7531875e+02  -1.3902332e+03
   3.7534375e+02  -1.3914154e+03
   3.7536875e+02  -1.3919335e+03
   3.7538750e+02  -1.3916599e+03
   3.7541250e+02  -1.3907835e+03
   3.7543750e+02  -1.3899685e+03
   3.7545625e+02  -1.3894983e+03
   3.7548125e+02  -1.3885462e+03
   3.7550000e+02  -1.3876634e+03
   3.7552500e+02  -1.3869642e+03
   3.7555000e+02  -1.3870388e+03
   3.7556875e+02  -1.3872386e+03
   3.7559375e+02  -1.3873739e+03
   3.7561875e+02  -1.3875336e+03
   3.7563750e+02  -1.3877302e+03
   3.7566250e+02  -1.3882896e+03
   3.7568750e+02  -1.3889887e+03
   3.7570625e+02  -1.3891502e+03
   3.7573125e+02  -1.3888806e+03
   3.7575625e+02  -1.3887726e+03
   3.7577500e+02  -1.3889063e+03
   3.7580000e+02  -1.3888083e+03
   3.7581875e+02  -1.3884354e+03
   3.7584375e+02  -1.3880221e+03
   3.7586875e+02  -1.3880645e+03
   3.7588750e+02  -1.3884425e+03
   3.7591250e+02  -1.3892198e+03
   3.7593750e+02  -1.3896681e+03
   3.7595625e+02  -1.3896976e+03
   3.7598125e+02  -1.3898939e+03
   3.7601250e+02  -1.3902256e+03
   3.7603750e+02  -1.3907909e+03
   3.7606250e+02  -1.3922071e+03
   3.7608125e+02  -1.3938675e+03
   3.7610625e+02  -1.3968229e+03
   3.7612500e+02  -1.3992746e+03
   3.7615000e+02  -1.4021892e+03
   3.7617500e+02  -1.4043650e+03
   3.7619375e+02  -1.4058506e+03
   3.7621875e+02  -1.4078236e+03
   3.7624375e+02  -1.4094612e+03
   3.7626250e+02  -1.4108132e+03
   3.7628750e+02  -1.4127663e+03
   3.7631250e+02  -1.4148801e+03
   3.7633125e+02  -1.4163326e+03
   3.7635625e+02  -1.4175681e+03
   3.7637500e+02  -1.4176956e+03
   3.7640000e+02  -1.4169586e+03
   3.7642500e+02  -1.4159643e+03
   3.7644375e+02  -1.4155242e+03
   3.7646875e+02  -1.4153930e+03
   3.7649375e+02  -1.4156183e+03
   3.7651250e+02  -1.4161173e+03
   3.7653750e+02  -1.4172526e+03
   3.7656250e+02  -1.4182941e+03
   3.7658125e+02  -1.4186207e+03
   3.7660625e+02  -1.4183418e+03
   3.7663125e+02  -1.4175741e+03
   3.7665000e+02  -1.4170392e+03
   3.7667500e+02  -1.4168061e+03
   3.7669375e+02  -1.4169968e+03
   3.7671875e+02  -1.4175477e+03
   3.7674375e+02  -1.4186678e+03
   3.7676250e+02  -1.4198468e+03
   3.7678750e+02  -1.4211688e+03
   3.7681250e+02  -1.4216188e+03
   3.7683125e+02  -1.4214970e+03
   3.7685625e+02  -1.4210005e+03
   3.7688125e+02  -1.4203389e+03
   3.7690000e+02  -1.4199295e+03
   3.7692500e+02  -1.4196564e+03
   3.7694375e+02  -1.4197950e+03
   3.7696875e+02  -1.4206555e+03
   3.7699375e+02  -1.4220542e+03
   3.7702500e+02  -1.4234705e+03
   3.7705000e+02  -1.4248901e+03
   3.7706875e+02  -1.4261800e+03
   3.7709375e+02  -1.4279216e+03
   3.7711875e+02  -1.4295234e+03
   3.7713750e+02  -1.4306149e+03
   3.7716250e+02  -1.4320397e+03
   3.7718750e+02  -1.4337235e+03
   3.7720625e+02  -1.4351297e+03
   3.7723125e+02  -1.4366694e+03
   3.7725625e+02  -1.4380269e+03
   3.7727500e+02  -1.4390400e+03
   3.7730000e+02  -1.4401536e+03
   3.7731875e+02  -1.4406723e+03
   3.7734375e+02  -1.4409026e+03
   3.7736875e+02  -1.4405783e+03
   3.7738750e+02  -1.4400886e+03
   3.7741250e+02  -1.4397493e+03
   3.7743750e+02  -1.4402908e+03
   3.7745625e+02  -1.4411960e+03
   3.7748125e+02  -1.4425577e+03
   3.7750000e+02  -1.4435309e+03
   3.7752500e+02  -1.4447066e+03
   3.7755000e+02  -1.4454968e+03
   3.7756875e+02  -1.4455927e+03
   3.7759375e+02  -1.4448668e+03
   3.7761875e+02  -1.4434031e+03
   3.7763750e+02  -1.4423644e+03
   3.7766250e+02  -1.4416993e+03
   3.7768750e+02  -1.4418084e+03
   3.7770625e+02  -1.4421529e+03
   3.7773125e+02  -1.4429908e+03
   3.7775625e+02  -1.4441903e+03
   3.7777500e+02  -1.4450124e+03
   3.7780000e+02  -1.4456349e+03
   3.7781875e+02  -1.4456543e+03
   3.7784375e+02  -1.4450864e+03
   3.7786875e+02  -1.4441482e+03
   3.7788750e+02  -1.4435428e+03
   3.7791250e+02  -1.4430190e+03
   3.7793750e+02  -1.4427860e+03
   3.7795625e+02  -1.4429235e+03
   3.7798125e+02  -1.4436121e+03
   3.7801250e+02  -1.4448200e+03
   3.7803750e+02  -1.4461746e+03
   3.7806250e+02  -1.4478091e+03
   3.7808125e+02  -1.4489359e+03
   3.7810625e+02  -1.4501704e+03
   3.7812500e+02  -1.4508567e+03
   3.7815000e+02  -1.4514195e+03
   3.7817500e+02  -1.4516938e+03
   3.7819375e+02  -1.4519561e+03
   3.7821875e+02  -1.4524064e+03
   3.7824375e+02  -1.4529848e+03
   3.7826250e+02  -1.4537986e+03
   3.7828750e+02  -1.4553423e+03
   3.7831250e+02  -1.4570377e+03
   3.7833125e+02  -1.4580673e+03
   3.7835625e+02  -1.4587565e+03
   3.7837500e+02  -1.4585928e+03
   3.7840000e+02  -1.4578375e+03
   3.7842500e+02  -1.4571281e+03
   3.7844375e+02  -1.4568768e+03
   3.7846875e+02  -1.4567776e+03
   3.7849375e+02  -1.4569154e+03
   3.7851250e+02  -1.4573631e+03
   3.7853750e+02  -1.4583135e+03
   3.7856250e+02  -1.4590732e+03
   3.7858125e+02  -1.4591611e+03
   3.7860625e+02  -1.4585667e+03
   3.7863125e+02  -1.4575581e+03
   3.7865000e+02  -1.4569165e+03
   3.7867500e+02  -1.4564634e+03
   3.7869375e+02  -1.4564288e+03
   3.7871875e+02  -1.4567015e+03
   3.7874375e+02  -1.4574977e+03
   3.7876250e+02  -1.4583663e+03
   3.7878750e+02  -1.4594354e+03
   3.7881250e+02  -1.4599187e+03
   3.7883125e+02  -1.4597811e+03
   3.7885625e+02  -1.4590812e+03
   3.7888125e+02  -1.4581967e+03
   3.7890000e+02  -1.4577440e+03
   3.7892500e+02  -1.4574722e+03
   3.7894375e+02  -1.4574933e+03
   3.7896875e+02  -1.4579359e+03
   3.7899375e+02  -1.4589308e+03
   3.7902500e+02  -1.4602154e+03
   3.7905000e+02  -1.4604318e+03
   3.7906875e+02  -1.4601606e+03
   3.7909375e+02  -1.4595201e+03
   3.7911875e+02  -1.4586698e+03
   3.7913750e+02  -1.4577873e+03
   3.7916250e+02  -1.4563019e+03
   3.7918750e+02  -1.4550908e+03
   3.7920625e+02  -1.4546917e+03
   3.7923125e+02  -1.4546417e+03
   3.7925625e+02  -1.4544167e+03
   3.7927500e+02  -1.4541032e+03
   3.7930000e+02  -1.4539729e+03
   3.7931875e+02  -1.4541501e+03
   3.7934375e+02  -1.4543585e+03
   3.7936875e+02  -1.4540398e+03
   3.7938750e+02  -1.4535580e+03
   3.7941250e+02  -1.4531035e+03
   3.7943750e+02  -1.4530801e+03
   3.7945625e+02  -1.4531029e+03
   3.7948125e+02  -1.4528083e+03
   3.7950000e+02  -1.4523452e+03
   3.7952500e+02  -1.4517104e+03
   3.7955000e+02  -1.4514054e+03
   3.7956875e+02  -1.4514228e+03
   3.7959375e+02  -1.4514908e+03
   3.7961875e+02  -1.4514456e+03
   3.7963750e+02  -1.4514252e+03
   3.7966250e+02  -1.4516147e+03
   3.7968750e+02  -1.4520209e+03
   3.7970625e+02  -1.4523121e+03
   3.7973125e+02  -1.4525087e+03
   3.7975625e+02  -1.4525239e+03
   3.7977500e+02  -1.4526206e+03
   3.7980000e+02  -1.4530321e+03
   3.7981875e+02  -1.4534145e+03
   3.7984375e+02  -1.4537266e+03
   3.7986875e+02  -1.4537326e+03
   3.7988750e+02  -1.4535898e+03
   3.7991250e+02  -1.4533129e+03
   3.7993750e+02  -1.4529507e+03
   3.7995625e+02  -1.4525773e+03
   3.7998125e+02  -1.4520440e+03
   3.8001250e+02  -1.4518241e+03
   3.8003750e+02  -1.4527117e+03
   3.8006250e+02  -1.4546377e+03
   3.8008125e+02  -1.4565306e+03
   3.8010625e+02  -1.4592161e+03
   3.8012500e+02  -1.4607324e+03
   3.8015000e+02  -1.4616842e+03
   3.8017500e+02  -1.4618469e+03
   3.8019375e+02  -1.4618387e+03
   3.8021875e+02  -1.4615536e+03
   3.8024375e+02  -1.4609362e+03
   3.8026250e+02  -1.4608255e+03
   3.8028750e+02  -1.4616526e+03
   3.8031250e+02  -1.4636144e+03
   3.8033125e+02  -1.4652885e+03
   3.8035625e+02  -1.4666755e+03
   3.8037500e+02  -1.4667408e+03
   3.8040000e+02  -1.4662858e+03
   3.8042500e+02  -1.4659436e+03
   3.8044375e+02  -1.4656427e+03
   3.8046875e+02  -1.4649132e+03
   3.8049375e+02  -1.4642405e+03
   3.8051250e+02  -1.4642407e+03
   3.8053750e+02  -1.4648762e+03
   3.8056250e+02  -1.4656075e+03
   3.8058125e+02  -1.4658359e+03
   3.8060625e+02  -1.4656575e+03
   3.8063125e+02  -1.4653192e+03
   3.8065000e+02  -1.4652136e+03
   3.8067500e+02  -1.4652260e+03
   3.8069375e+02  -1.4653053e+03
   3.8071875e+02  -1.4657272e+03
   3.8074375e+02  -1.4665877e+03
   3.8076250e+02  -1.4673064e+03
   3.8078750e+02  -1.4680914e+03
   3.8081250e+02  -1.4685733e+03
   3.8083125e+02  -1.4686548e+03
   3.8085625e+02  -1.4683711e+03
   3.8088125e+02  -1.4678302e+03
   3.8090000e+02  -1.4673743e+03
   3.8092500e+02  -1.4668511e+03
   3.8094375e+02  -1.4666901e+03
   3.8096875e+02  -1.4667237e+03
   3.8099375e+02  -1.4666358e+03
   3.8102500e+02  -1.4663118e+03
   3.8105000e+02  -1.4663958e+03
   3.8106875e+02  -1.4666557e+03
   3.8109375e+02  -1.4671524e+03
   3.8111875e+02  -1.4676734e+03
   3.8113750e+02  -1.4678354e+03
   3.8116250e+02  -1.4679353e+03
   3.8118750e+02  -1.4684417e+03
   3.8120625e+02  -1.4688865e+03
   3.8123125e+02  -1.4689394e+03
   3.8125625e+02  -1.4686265e+03
   3.8127500e+02  -1.4686386e+03
   3.8130000e+02  -1.4692954e+03
   3.8131875e+02  -1.4701506e+03
   3.8134375e+02  -1.4712229e+03
   3.8136875e+02  -1.4717248e+03
   3.8138750e+02  -1.4719482e+03
   3.8141250e+02  -1.4726372e+03
   3.8143750e+02  -1.4733280e+03
   3.8145625e+02  -1.4733069e+03
   3.8148125e+02  -1.4726747e+03
   3.8150000e+02  -1.4722537e+03
   3.8152500e+02  -1.4721201e+03
   3.8155000e+02  -1.4722811e+03
   3.8156875e+02  -1.4724127e+03
   3.8159375e+02  -1.4725126e+03
   3.8161875e+02  -1.4726845e+03
   3.8163750e+02  -1.4729364e+03
   3.8166250e+02  -1.4731717e+03
   3.8168750e+02  -1.4729197e+03
   3.8170625e+02  -1.4724664e+03
   3.8173125e+02  -1.4718321e+03
   3.8175625e+02  -1.4713840e+03
   3.8177500e+02  -1.4712103e+03
   3.8180000e+02  -1.4712624e+03
   3.8181875e+02  -1.4714861e+03
   3.8184375e+02  -1.4718559e+03
   3.8186875e+02  -1.4721641e+03
   3.8188750e+02  -1.4723311e+03
   3.8191250e+02  -1.4723726e+03
   3.8193750e+02  -1.4721136e+03
   3.8195625e+02  -1.4717837e+03
   3.8198125e+02  -1.4713987e+03
   3.8201250e+02  -1.4713823e+03
   3.8203750e+02  -1.4710836e+03
   3.8206250e+02  -1.4701749e+03
   3.8208125e+02  -1.4692592e+03
   3.8210625e+02  -1.4678145e+03
   3.8212500e+02  -1.4664156e+03
   3.8215000e+02  -1.4639913e+03
   3.8217500e+02  -1.4615300e+03
   3.8219375e+02  -1.4601516e+03
   3.8221875e+02  -1.4591566e+03
   3.8224375e+02  -1.4587842e+03
   3.8226250e+02  -1.4584515e+03
   3.8228750e+02  -1.4583893e+03
   3.8231250e+02  -1.4590576e+03
   3.8233125e+02  -1.4597761e+03
   3.8235625e+02  -1.4603350e+03
   3.8237500e+02  -1.4603107e+03
   3.8240000e+02  -1.4601479e+03
   3.8242500e+02  -1.4601747e+03
   3.8244375e+02  -1.4602764e+03
   3.8246875e+02  -1.4602030e+03
   3.8249375e+02  -1.4598816e+03
   3.8251250e+02  -1.4596696e+03
   3.8253750e+02  -1.4596946e+03
   3.8256250e+02  -1.4600135e+03
   3.8258125e+02  -1.4601470e+03
   3.8260625e+02  -1.4599847e+03
   3.8263125e+02  -1.4596404e+03
   3.8265000e+02  -1.4595202e+03
   3.8267500e+02  -1.4597239e+03
   3.8269375e+02  -1.4600279e+03
   3.8271875e+02  -1.4602678e+03
   3.8274375e+02  -1.4603277e+03
   3.8276250e+02  -1.4605085e+03
   3.8278750e+02  -1.4610535e+03
   3.8281250e+02  -1.4613204e+03
   3.8283125e+02  -1.4609252e+03
   3.8285625e+02  -1.4597108e+03
   3.8288125e+02  -1.4584453e+03
   3.8290000e+02  -1.4578845e+03
   3.8292500e+02  -1.4574500e+03
   3.8294375e+02  -1.4571140e+03
   3.8296875e+02  -1.4567791e+03
   3.8299375e+02  -1.4571319e+03
   3.8302500e+02  -1.4584519e+03
   3.8305000e+02  -1.4590900e+03
   3.8306875e+02  -1.4590330e+03
   3.8309375e+02  -1.4585244e+03
   3.8311875e+02  -1.4580012e+03
   3.8313750e+02  -1.4575726e+03
   3.8316250e+02  -1.4567493e+03
   3.8318750e+02  -1.4558227e+03
   3.8320625e+02  -1.4554175e+03
   3.8323125e+02  -1.4556271e+03
   3.8325625e+02  -1.4563448e+03
   3.8327500e+02  -1.4567219e+03
   3.8330000e+02  -1.4567528e+03
   3.8331875e+02  -1.4566742e+03
   3.8334375e+02  -1.4568615e+03
   3.8336875e+02  -1.4569782e+03
   3.8338750e+02  -1.4567578e+03
   3.8341250e+02  -1.4562508e+03
   3.8343750e+02  -1.4561062e+03
   3.8345625e+02  -1.4565394e+03
   3.8348125e+02  -1.4574738e+03
   3.8350000e+02  -1.4579304e+03
   3.8352500e+02  -1.4579947e+03
   3.8355000e+02  -1.4581592e+03
   3.8356875e+02  -1.4585457e+03
   3.8359375e+02  -1.4588395e+03
   3.8361875e+02  -1.4584920e+03
   3.8363750e+02  -1.4581071e+03
   3.8366250e+02  -1.4580441e+03
   3.8368750e+02  -1.4587192e+03
   3.8370625e+02  -1.4593450e+03
   3.8373125e+02  -1.4597550e+03
   3.8375625e+02  -1.4597575e+03
   3.8377500e+02  -1.4599101e+03
   3.8380000e+02  -1.4602675e+03
   3.8381875e+02  -1.4602265e+03
   3.8384375e+02  -1.4595614e+03
   3.8386875e+02  -1.4586809e+03
   3.8388750e+02  -1.4583042e+03
   3.8391250e+02  -1.4582556e+03
   3.8393750e+02  -1.4583673e+03
   3.8395625e+02  -1.4583793e+03
   3.8398125e+02  -1.4584902e+03
   3.8401250e+02  -1.4591761e+03
   3.8403750e+02  -1.4598061e+03
   3.8406250e+02  -1.4600344e+03
   3.8408125e+02  -1.4598325e+03
   3.8410625e+02  -1.4594119e+03
   3.8412500e+02  -1.4594587e+03
   3.8415000e+02  -1.4600633e+03
   3.8417500e+02  -1.4606089e+03
   3.8419375e+02  -1.4607362e+03
   3.8421875e+02  -1.4608801e+03
   3.8424375e+02  -1.4614090e+03
   3.8426250e+02  -1.4618961e+03
   3.8428750e+02  -1.4618331e+03
   3.8431250e+02  -1.4604601e+03
   3.8433125e+02  -1.4592189e+03
   3.8435625e+02  -1.4582877e+03
   3.8437500e+02  -1.4580540e+03
   3.8440000e+02  -1.4576288e+03
   3.8442500e+02  -1.4571763e+03
   3.8444375e+02  -1.4573470e+03
   3.8446875e+02  -1.4585454e+03
   3.8449375e+02  -1.4602266e+03
   3.8451250e+02  -1.4610935e+03
   3.8453750e+02  -1.4615433e+03
   3.8456250e+02  -1.4617859e+03
   3.8458125e+02  -1.4620566e+03
   3.8460625e+02  -1.4622387e+03
   3.8463125e+02  -1.4619786e+03
   3.8465000e+02  -1.4617594e+03
   3.8467500e+02  -1.4620100e+03
   3.8469375e+02  -1.4627182e+03
   3.8471875e+02  -1.4639050e+03
   3.8474375e+02  -1.4648552e+03
   3.8476250e+02  -1.4653278e+03
   3.8478750e+02  -1.4656895e+03
   3.8481250e+02  -1.4656768e+03
   3.8483125e+02  -1.4653937e+03
   3.8485625e+02  -1.4647458e+03
   3.8488125e+02  -1.4640793e+03
   3.8490000e+02  -1.4638304e+03
   3.8492500e+02  -1.4639900e+03
   3.8494375e+02  -1.4643984e+03
   3.8496875e+02  -1.4651342e+03
   3.8499375e+02  -1.4660117e+03
   3.8502500e+02  -1.4670391e+03
   3.8505000e+02  -1.4678237e+03
   3.8506875e+02  -1.4682732e+03
   3.8509375e+02  -1.4687168e+03
   3.8511875e+02  -1.4693766e+03
   3.8513750e+02  -1.4701300e+03
   3.8516250e+02  -1.4712897e+03
   3.8518750e+02  -1.4722325e+03
   3.8520625e+02  -1.4726415e+03
   3.8523125e+02  -1.4728797e+03
   3.8525625e+02  -1.4730654e+03
   3.8527500e+02  -1.4728913e+03
   3.8530000e+02  -1.4717878e+03
   3.8531875e+02  -1.4706611e+03
   3.8534375e+02  -1.4696707e+03
   3.8536875e+02  -1.4693555e+03
   3.8538750e+02  -1.4692469e+03
   3.8541250e+02  -1.4690007e+03
   3.8543750e+02  -1.4689059e+03
   3.8545625e+02  -1.4691753e+03
   3.8548125e+02  -1.4698508e+03
   3.8550000e+02  -1.4701142e+03
   3.8552500e+02  -1.4697450e+03
   3.8555000e+02  -1.4693247e+03
   3.8556875e+02  -1.4694244e+03
   3.8559375e+02  -1.4699215e+03
   3.8561875e+02  -1.4704294e+03
   3.8563750e+02  -1.4707750e+03
   3.8566250e+02  -1.4713579e+03
   3.8568750e+02  -1.4721757e+03
   3.8570625e+02  -1.4727257e+03
   3.8573125e+02  -1.4730104e+03
   3.8575625e+02  -1.4727331e+03
   3.8577500e+02  -1.4724547e+03
   3.8580000e+02  -1.4722640e+03
   3.8581875e+02  -1.4722477e+03
   3.8584375e+02  -1.4723925e+03
   3.8586875e+02  -1.4727112e+03
   3.8588750e+02  -1.4730587e+03
   3.8591250e+02  -1.4736344e+03
   3.8593750e+02  -1.4741428e+03
   3.8595625e+02  -1.4743171e+03
   3.8598125e+02  -1.4741920e+03
   3.8601250e+02  -1.4738807e+03
   3.8603750e+02  -1.4741337e+03
   3.8606250e+02  -1.4747666e+03
   3.8608125e+02  -1.4752330e+03
   3.8610625e+02  -1.4759598e+03
   3.8612500e+02  -1.4768527e+03
   3.8615000e+02  -1.4783783e+03
   3.8617500e+02  -1.4796651e+03
   3.8619375e+02  -1.4801911e+03
   3.8621875e+02  -1.4804550e+03
   3.8624375e+02  -1.4807608e+03
   3.8626250e+02  -1.4812185e+03
   3.8628750e+02  -1.4814434e+03
   3.8631250e+02  -1.4808286e+03
   3.8633125e+02  -1.4803356e+03
   3.8635625e+02  -1.4802274e+03
   3.8637500e+02  -1.4802853e+03
   3.8640000e+02  -1.4799753e+03
   3.8642500e+02  -1.4792760e+03
   3.8644375e+02  -1.4789559e+03
   3.8646875e+02  -1.4792324e+03
   3.8649375e+02  -1.4799327e+03
   3.8651250e+02  -1.4802227e+03
   3.8653750e+02  -1.4802439e+03
   3.8656250e+02  -1.4803367e+03
   3.8658125e+02  -1.4804614e+03
   3.8660625e+02  -1.4803201e+03
   3.8663125e+02  -1.4798930e+03
   3.8665000e+02  -1.4796402e+03
   3.8667500e+02  -1.4796206e+03
   3.8669375e+02  -1.4797878e+03
   3.8671875e+02  -1.4800495e+03
   3.8674375e+02  -1.4802822e+03
   3.8676250e+02  -1.4804426e+03
   3.8678750e+02  -1.4805424e+03
   3.8681250e+02  -1.4801834e+03
   3.8683125e+02  -1.4796323e+03
   3.8685625e+02  -1.4789087e+03
   3.8688125e+02  -1.4787243e+03
   3.8690000e+02  -1.4790317e+03
   3.8692500e+02  -1.4798705e+03
   3.8694375e+02  -1.4806914e+03
   3.8696875e+02  -1.4819166e+03
   3.8699375e+02  -1.4831622e+03
   3.8702500e+02  -1.4843039e+03
   3.8705000e+02  -1.4850367e+03
   3.8706875e+02  -1.4852519e+03
   3.8709375e+02  -1.4853738e+03
   3.8711875e+02  -1.4860200e+03
   3.8713750e+02  -1.4870115e+03
   3.8716250e+02  -1.4887937e+03
   3.8718750e+02  -1.4909388e+03
   3.8720625e+02  -1.4926129e+03
   3.8723125e+02  -1.4947650e+03
   3.8725625e+02  -1.4970304e+03
   3.8727500e+02  -1.4984036e+03
   3.8730000e+02  -1.4989239e+03
   3.8731875e+02  -1.4984393e+03
   3.8734375e+02  -1.4975531e+03
   3.8736875e+02  -1.4967764e+03
   3.8738750e+02  -1.4962798e+03
   3.8741250e+02  -1.4958401e+03
   3.8743750e+02  -1.4958673e+03
   3.8745625e+02  -1.4965127e+03
   3.8748125e+02  -1.4982709e+03
   3.8750000e+02  -1.4997925e+03
   3.8752500e+02  -1.5013008e+03
   3.8755000e+02  -1.5019948e+03
   3.8756875e+02  -1.5019815e+03
   3.8759375e+02  -1.5011533e+03
   3.8761875e+02  -1.4997207e+03
   3.8763750e+02  -1.4986923e+03
   3.8766250e+02  -1.4975689e+03
   3.8768750e+02  -1.4967372e+03
   3.8770625e+02  -1.4964608e+03
   3.8773125e+02  -1.4966392e+03
   3.8775625e+02  -1.4971842e+03
   3.8777500e+02  -1.4975607e+03
   3.8780000e+02  -1.4975949e+03
   3.8781875e+02  -1.4970550e+03
   3.8784375e+02  -1.4958931e+03
   3.8786875e+02  -1.4950294e+03
   3.8788750e+02  -1.4946837e+03
   3.8791250e+02  -1.4942913e+03
   3.8793750e+02  -1.4940868e+03
   3.8795625e+02  -1.4943885e+03
   3.8798125e+02  -1.4955328e+03
   3.8801250e+02  -1.4974141e+03
   3.8803750e+02  -1.4980926e+03
   3.8806250e+02  -1.4975138e+03
   3.8808125e+02  -1.4966864e+03
   3.8810625e+02  -1.4956806e+03
   3.8812500e+02  -1.4949568e+03
   3.8815000e+02  -1.4937476e+03
   3.8817500e+02  -1.4928177e+03
   3.8819375e+02  -1.4928397e+03
   3.8821875e+02  -1.4939941e+03
   3.8824375e+02  -1.4958933e+03
   3.8826250e+02  -1.4972438e+03
   3.8828750e+02  -1.4984076e+03
   3.8831250e+02  -1.4988454e+03
   3.8833125e+02  -1.4988462e+03
   3.8835625e+02  -1.4982574e+03
   3.8837500e+02  -1.4973299e+03
   3.8840000e+02  -1.4959174e+03
   3.8842500e+02  -1.4949692e+03
   3.8844375e+02  -1.4949058e+03
   3.8846875e+02  -1.4956466e+03
   3.8849375e+02  -1.4969005e+03
   3.8851250e+02  -1.4978347e+03
   3.8853750e+02  -1.4988781e+03
   3.8856250e+02  -1.4993940e+03
   3.8858125e+02  -1.4992232e+03
   3.8860625e+02  -1.4983260e+03
   3.8863125e+02  -1.4970886e+03
   3.8865000e+02  -1.4963095e+03
   3.8867500e+02  -1.4956997e+03
   3.8869375e+02  -1.4956477e+03
   3.8871875e+02  -1.4960109e+03
   3.8874375e+02  -1.4967655e+03
   3.8876250e+02  -1.4974161e+03
   3.8878750e+02  -1.4979279e+03
   3.8881250e+02  -1.4975541e+03
   3.8883125e+02  -1.4967474e+03
   3.8885625e+02  -1.4955110e+03
   3.8888125e+02  -1.4946291e+03
   3.8890000e+02  -1.4942606e+03
   3.8892500e+02  -1.4941449e+03
   3.8894375e+02  -1.4944277e+03
   3.8896875e+02  -1.4953398e+03
   3.8899375e+02  -1.4966341e+03
   3.8902500e+02  -1.4976363e+03
   3.8905000e+02  -1.4970232e+03
   3.8906875e+02  -1.4958463e+03
   3.8909375e+02  -1.4940168e+03
   3.8911875e+02  -1.4925176e+03
   3.8913750e+02  -1.4917442e+03
   3.8916250e+02  -1.4911447e+03
   3.8918750e+02  -1.4913281e+03
   3.8920625e+02  -1.4921418e+03
   3.8923125e+02  -1.4939555e+03
   3.8925625e+02  -1.4957348e+03
   3.8927500e+02  -1.4964436e+03
   3.8930000e+02  -1.4962896e+03
   3.8931875e+02  -1.4955026e+03
   3.8934375e+02  -1.4940979e+03
   3.8936875e+02  -1.4926664e+03
   3.8938750e+02  -1.4917068e+03
   3.8941250e+02  -1.4907622e+03
   3.8943750e+02  -1.4907292e+03
   3.8945625e+02  -1.4914309e+03
   3.8948125e+02  -1.4929345e+03
   3.8950000e+02  -1.4939982e+03
   3.8952500e+02  -1.4948466e+03
   3.8955000e+02  -1.4948683e+03
   3.8956875e+02  -1.4944372e+03
   3.8959375e+02  -1.4936304e+03
   3.8961875e+02  -1.4928735e+03
   3.8963750e+02  -1.4924558e+03
   3.8966250e+02  -1.4922730e+03
   3.8968750e+02  -1.4926889e+03
   3.8970625e+02  -1.4933780e+03
   3.8973125e+02  -1.4946464e+03
   3.8975625e+02  -1.4956816e+03
   3.8977500e+02  -1.4958492e+03
   3.8980000e+02  -1.4952176e+03
   3.8981875e+02  -1.4944465e+03
   3.8984375e+02  -1.4935485e+03
   3.8986875e+02  -1.4930101e+03
   3.8988750e+02  -1.4928410e+03
   3.8991250e+02  -1.4931335e+03
   3.8993750e+02  -1.4942609e+03
   3.8995625e+02  -1.4955859e+03
   3.8998125e+02  -1.4973704e+03
   3.9001250e+02  -1.4982702e+03
   3.9003750e+02  -1.4971026e+03
   3.9006250e+02  -1.4944570e+03
   3.9008125e+02  -1.4918888e+03
   3.9010625e+02  -1.4881985e+03
   3.9012500e+02  -1.4856765e+03
   3.9015000e+02  -1.4830750e+03
   3.9017500e+02  -1.4817398e+03
   3.9019375e+02  -1.4817161e+03
   3.9021875e+02  -1.4826028e+03
   3.9024375e+02  -1.4835497e+03
   3.9026250e+02  -1.4836407e+03
   3.9028750e+02  -1.4829232e+03
   3.9031250e+02  -1.4812239e+03
   3.9033125e+02  -1.4796063e+03
   3.9035625e+02  -1.4775382e+03
   3.9037500e+02  -1.4764100e+03
   3.9040000e+02  -1.4757439e+03
   3.9042500e+02  -1.4762416e+03
   3.9044375e+02  -1.4772193e+03
   3.9046875e+02  -1.4788002e+03
   3.9049375e+02  -1.4803155e+03
   3.9051250e+02  -1.4811163e+03
   3.9053750e+02  -1.4814050e+03
   3.9056250e+02  -1.4806829e+03
   3.9058125e+02  -1.4797689e+03
   3.9060625e+02  -1.4785831e+03
   3.9063125e+02  -1.4779133e+03
   3.9065000e+02  -1.4778552e+03
   3.9067500e+02  -1.4781497e+03
   3.9069375e+02  -1.4785734e+03
   3.9071875e+02  -1.4795399e+03
   3.9074375e+02  -1.4808642e+03
   3.9076250e+02  -1.4815716e+03
   3.9078750e+02  -1.4815294e+03
   3.9081250e+02  -1.4806549e+03
   3.9083125e+02  -1.4799305e+03
   3.9085625e+02  -1.4792859e+03
   3.9088125e+02  -1.4789129e+03
   3.9090000e+02  -1.4786673e+03
   3.9092500e+02  -1.4786273e+03
   3.9094375e+02  -1.4791379e+03
   3.9096875e+02  -1.4805670e+03
   3.9099375e+02  -1.4819323e+03
   3.9102500e+02  -1.4823722e+03
   3.9105000e+02  -1.4818090e+03
   3.9106875e+02  -1.4811482e+03
   3.9109375e+02  -1.4799913e+03
   3.9111875e+02  -1.4784089e+03
   3.9113750e+02  -1.4770535e+03
   3.9116250e+02  -1.4755630e+03
   3.9118750e+02  -1.4751262e+03
   3.9120625e+02  -1.4753775e+03
   3.9123125e+02  -1.4758659e+03
   3.9125625e+02  -1.4760756e+03
   3.9127500e+02  -1.4761039e+03
   3.9130000e+02  -1.4759601e+03
   3.9131875e+02  -1.4757524e+03
   3.9134375e+02  -1.4753715e+03
   3.9136875e+02  -1.4747493e+03
   3.9138750e+02  -1.4743051e+03
   3.9141250e+02  -1.4741312e+03
   3.9143750e+02  -1.4745927e+03
   3.9145625e+02  -1.4751653e+03
   3.9148125e+02  -1.4760091e+03
   3.9150000e+02  -1.4766262e+03
   3.9152500e+02  -1.4774255e+03
   3.9155000e+02  -1.4782019e+03
   3.9156875e+02  -1.4785175e+03
   3.9159375e+02  -1.4782260e+03
   3.9161875e+02  -1.4773695e+03
   3.9163750e+02  -1.4767872e+03
   3.9166250e+02  -1.4761597e+03
   3.9168750e+02  -1.4753003e+03
   3.9170625e+02  -1.4745584e+03
   3.9173125e+02  -1.4738842e+03
   3.9175625e+02  -1.4739340e+03
   3.9177500e+02  -1.4742790e+03
   3.9180000e+02  -1.4746620e+03
   3.9181875e+02  -1.4747691e+03
   3.9184375e+02  -1.4748938e+03
   3.9186875e+02  -1.4752076e+03
   3.9188750e+02  -1.4753815e+03
   3.9191250e+02  -1.4751630e+03
   3.9193750e+02  -1.4747367e+03
   3.9195625e+02  -1.4746790e+03
   3.9198125e+02  -1.4750714e+03
   3.9201250e+02  -1.4757575e+03
   3.9203750e+02  -1.4767861e+03
   3.9206250e+02  -1.4783479e+03
   3.9208125e+02  -1.4796009e+03
   3.9210625e+02  -1.4811198e+03
   3.9212500e+02  -1.4819530e+03
   3.9215000e+02  -1.4825463e+03
   3.9217500e+02  -1.4829030e+03
   3.9219375e+02  -1.4832351e+03
   3.9221875e+02  -1.4836435e+03
   3.9224375e+02  -1.4841233e+03
   3.9226250e+02  -1.4849743e+03
   3.9228750e+02  -1.4864034e+03
   3.9231250e+02  -1.4875994e+03
   3.9233125e+02  -1.4882790e+03
   3.9235625e+02  -1.4888461e+03
   3.9237500e+02  -1.4889076e+03
   3.9240000e+02  -1.4885995e+03
   3.9242500e+02  -1.4879696e+03
   3.9244375e+02  -1.4875275e+03
   3.9246875e+02  -1.4873734e+03
   3.9249375e+02  -1.4878737e+03
   3.9251250e+02  -1.4885765e+03
   3.9253750e+02  -1.4898276e+03
   3.9256250e+02  -1.4910434e+03
   3.9258125e+02  -1.4914970e+03
   3.9260625e+02  -1.4913998e+03
   3.9263125e+02  -1.4909895e+03
   3.9265000e+02  -1.4907095e+03
   3.9267500e+02  -1.4902415e+03
   3.9269375e+02  -1.4898445e+03
   3.9271875e+02  -1.4894866e+03
   3.9274375e+02  -1.4897328e+03
   3.9276250e+02  -1.4902745e+03
   3.9278750e+02  -1.4908523e+03
   3.9281250e+02  -1.4907475e+03
   3.9283125e+02  -1.4903954e+03
   3.9285625e+02  -1.4900598e+03
   3.9288125e+02  -1.4899730e+03
   3.9290000e+02  -1.4898378e+03
   3.9292500e+02  -1.4894511e+03
   3.9294375e+02  -1.4892553e+03
   3.9296875e+02  -1.4896098e+03
   3.9299375e+02  -1.4906014e+03
   3.9302500e+02  -1.4912753e+03
   3.9305000e+02  -1.4905286e+03
   3.9306875e+02  -1.4895494e+03
   3.9309375e+02  -1.4882696e+03
   3.9311875e+02  -1.4871222e+03
   3.9313750e+02  -1.4861393e+03
   3.9316250e+02  -1.4847122e+03
   3.9318750e+02  -1.4840024e+03
   3.9320625e+02  -1.4842851e+03
   3.9323125e+02  -1.4853347e+03
   3.9325625e+02  -1.4862346e+03
   3.9327500e+02  -1.4865805e+03
   3.9330000e+02  -1.4868268e+03
   3.9331875e+02  -1.4870148e+03
   3.9334375e+02  -1.4871244e+03
   3.9336875e+02  -1.4867114e+03
   3.9338750e+02  -1.4861208e+03
   3.9341250e+02  -1.4853680e+03
   3.9343750e+02  -1.4852132e+03
   3.9345625e+02  -1.4855058e+03
   3.9348125e+02  -1.4859438e+03
   3.9350000e+02  -1.4860940e+03
   3.9352500e+02  -1.4862339e+03
   3.9355000e+02  -1.4866512e+03
   3.9356875e+02  -1.4869826e+03
   3.9359375e+02  -1.4870666e+03
   3.9361875e+02  -1.4867229e+03
   3.9363750e+02  -1.4864041e+03
   3.9366250e+02  -1.4861647e+03
   3.9368750e+02  -1.4860949e+03
   3.9370625e+02  -1.4858973e+03
   3.9373125e+02  -1.4854696e+03
   3.9375625e+02  -1.4853296e+03
   3.9377500e+02  -1.4854284e+03
   3.9380000e+02  -1.4853823e+03
   3.9381875e+02  -1.4850416e+03
   3.9384375e+02  -1.4845280e+03
   3.9386875e+02  -1.4843056e+03
   3.9388750e+02  -1.4843462e+03
   3.9391250e+02  -1.4844057e+03
   3.9393750e+02  -1.4842507e+03
   3.9395625e+02  -1.4841520e+03
   3.9398125e+02  -1.4844327e+03
   3.9401250e+02  -1.4849984e+03
   3.9403750e+02  -1.4845893e+03
   3.9406250e+02  -1.4835072e+03
   3.9408125e+02  -1.4827301e+03
   3.9410625e+02  -1.4818478e+03
   3.9412500e+02  -1.4809424e+03
   3.9415000e+02  -1.4792117e+03
   3.9417500e+02  -1.4776755e+03
   3.9419375e+02  -1.4772092e+03
   3.9421875e+02  -1.4774908e+03
   3.9424375e+02  -1.4780125e+03
   3.9426250e+02  -1.4781566e+03
   3.9428750e+02  -1.4783096e+03
   3.9431250e+02  -1.4789632e+03
   3.9433125e+02  -1.4795926e+03
   3.9435625e+02  -1.4797297e+03
   3.9437500e+02  -1.4792654e+03
   3.9440000e+02  -1.4785977e+03
   3.9442500e+02  -1.4783446e+03
   3.9444375e+02  -1.4783685e+03
   3.9446875e+02  -1.4782938e+03
   3.9449375e+02  -1.4780773e+03
   3.9451250e+02  -1.4780855e+03
   3.9453750e+02  -1.4786444e+03
   3.9456250e+02  -1.4793354e+03
   3.9458125e+02  -1.4794096e+03
   3.9460625e+02  -1.4791125e+03
   3.9463125e+02  -1.4790250e+03
   3.9465000e+02  -1.4791817e+03
   3.9467500e+02  -1.4793171e+03
   3.9469375e+02  -1.4790908e+03
   3.9471875e+02  -1.4785431e+03
   3.9474375e+02  -1.4783492e+03
   3.9476250e+02  -1.4785114e+03
   3.9478750e+02  -1.4785108e+03
   3.9481250e+02  -1.4777830e+03
   3.9483125e+02  -1.4771742e+03
   3.9485625e+02  -1.4769520e+03
   3.9488125e+02  -1.4771294e+03
   3.9490000e+02  -1.4770682e+03
   3.9492500e+02  -1.4766307e+03
   3.9494375e+02  -1.4763300e+03
   3.9496875e+02  -1.4763768e+03
   3.9499375e+02  -1.4766912e+03
   3.9502500e+02  -1.4760081e+03
   3.9505000e+02  -1.4740259e+03
   3.9506875e+02  -1.4724540e+03
   3.9509375e+02  -1.4706891e+03
   3.9511875e+02  -1.4689101e+03
   3.9513750e+02  -1.4673908e+03
   3.9516250e+02  -1.4655165e+03
   3.9518750e+02  -1.4646182e+03
   3.9520625e+02  -1.4646665e+03
   3.9523125e+02  -1.4651984e+03
   3.9525625e+02  -1.4651524e+03
   3.9527500e+02  -1.4647800e+03
   3.9530000e+02  -1.4644384e+03
   3.9531875e+02  -1.4643498e+03
   3.9534375e+02  -1.4640901e+03
   3.9536875e+02  -1.4634906e+03
   3.9538750e+02  -1.4631061e+03
   3.9541250e+02  -1.4629974e+03
   3.9543750e+02  -1.4634089e+03
   3.9545625e+02  -1.4637381e+03
   3.9548125e+02  -1.4637735e+03
   3.9550000e+02  -1.4636214e+03
   3.9552500e+02  -1.4636523e+03
   3.9555000e+02  -1.4639937e+03
   3.9556875e+02  -1.4640845e+03
   3.9559375e+02  -1.4640167e+03
   3.9561875e+02  -1.4641882e+03
   3.9563750e+02  -1.4645226e+03
   3.9566250e+02  -1.4650163e+03
   3.9568750e+02  -1.4651401e+03
   3.9570625e+02  -1.4648906e+03
   3.9573125e+02  -1.4644585e+03
   3.9575625e+02  -1.4642788e+03
   3.9577500e+02  -1.4640773e+03
   3.9580000e+02  -1.4633363e+03
   3.9581875e+02  -1.4627309e+03
   3.9584375e+02  -1.4625431e+03
   3.9586875e+02  -1.4630759e+03
   3.9588750e+02  -1.4636225e+03
   3.9591250e+02  -1.4642884e+03
   3.9593750e+02  -1.4649528e+03
   3.9595625e+02  -1.4655186e+03
   3.9598125e+02  -1.4663248e+03
   3.9601250e+02  -1.4667112e+03
   3.9603750e+02  -1.4656299e+03
   3.9606250e+02  -1.4636902e+03
   3.9608125e+02  -1.4621573e+03
   3.9610625e+02  -1.4601491e+03
   3.9612500e+02  -1.4587357e+03
   3.9615000e+02  -1.4572059e+03
   3.9617500e+02  -1.4564620e+03
   3.9619375e+02  -1.4565279e+03
   3.9621875e+02  -1.4573097e+03
   3.9624375e+02  -1.4582284e+03
   3.9626250e+02  -1.4583828e+03
   3.9628750e+02  -1.4579308e+03
   3.9631250e+02  -1.4570168e+03
   3.9633125e+02  -1.4561174e+03
   3.9635625e+02  -1.4548130e+03
   3.9637500e+02  -1.4540265e+03
   3.9640000e+02  -1.4535639e+03
   3.9642500e+02  -1.4538031e+03
   3.9644375e+02  -1.4543837e+03
   3.9646875e+02  -1.4553931e+03
   3.9649375e+02  -1.4563360e+03
   3.9651250e+02  -1.4568893e+03
   3.9653750e+02  -1.4572984e+03
   3.9656250e+02  -1.4570341e+03
   3.9658125e+02  -1.4564571e+03
   3.9660625e+02  -1.4556809e+03
   3.9663125e+02  -1.4552233e+03
   3.9665000e+02  -1.4551363e+03
   3.9667500e+02  -1.4552772e+03
   3.9669375e+02  -1.4555331e+03
   3.9671875e+02  -1.4559446e+03
   3.9674375e+02  -1.4563791e+03
   3.9676250e+02  -1.4566326e+03
   3.9678750e+02  -1.4564280e+03
   3.9681250e+02  -1.4554842e+03
   3.9683125e+02  -1.4546554e+03
   3.9685625e+02  -1.4538321e+03
   3.9688125e+02  -1.4533539e+03
   3.9690000e+02  -1.4531992e+03
   3.9692500e+02  -1.4533774e+03
   3.9694375e+02  -1.4537691e+03
   3.9696875e+02  -1.4546055e+03
   3.9699375e+02  -1.4556094e+03
   3.9702500e+02  -1.4559786e+03
   3.9705000e+02  -1.4547740e+03
   3.9706875e+02  -1.4534784e+03
   3.9709375e+02  -1.4515984e+03
   3.9711875e+02  -1.4496095e+03
   3.9713750e+02  -1.4483241e+03
   3.9716250e+02  -1.4471254e+03
   3.9718750e+02  -1.4466744e+03
   3.9720625e+02  -1.4468780e+03
   3.9723125e+02  -1.4477454e+03
   3.9725625e+02  -1.4482489e+03
   3.9727500e+02  -1.4480037e+03
   3.9730000e+02  -1.4471945e+03
   3.9731875e+02  -1.4463451e+03
   3.9734375e+02  -1.4449895e+03
   3.9736875e+02  -1.4437319e+03
   3.9738750e+02  -1.4430141e+03
   3.9741250e+02  -1.4425423e+03
   3.9743750e+02  -1.4428502e+03
   3.9745625e+02  -1.4434440e+03
   3.9748125e+02  -1.4441587e+03
   3.9750000e+02  -1.4445284e+03
   3.9752500e+02  -1.4450191e+03
   3.9755000e+02  -1.4453735e+03
   3.9756875e+02  -1.4454019e+03
   3.9759375e+02  -1.4452730e+03
   3.9761875e+02  -1.4451964e+03
   3.9763750e+02  -1.4453138e+03
   3.9766250e+02  -1.4458413e+03
   3.9768750e+02  -1.4465842e+03
   3.9770625e+02  -1.4469886e+03
   3.9773125e+02  -1.4473040e+03
   3.9775625e+02  -1.4474489e+03
   3.9777500e+02  -1.4473552e+03
   3.9780000e+02  -1.4468370e+03
   3.9781875e+02  -1.4462371e+03
   3.9784375e+02  -1.4453469e+03
   3.9786875e+02  -1.4446008e+03
   3.9788750e+02  -1.4443808e+03
   3.9791250e+02  -1.4445548e+03
   3.9793750e+02  -1.4448163e+03
   3.9795625e+02  -1.4449958e+03
   3.9798125e+02  -1.4454395e+03
   3.9801250e+02  -1.4459213e+03
   3.9803750e+02  -1.4451195e+03
   3.9806250e+02  -1.4432609e+03
   3.9808125e+02  -1.4416323e+03
   3.9810625e+02  -1.4394230e+03
   3.9812500e+02  -1.4379501e+03
   3.9815000e+02  -1.4364002e+03
   3.9817500e+02  -1.4352149e+03
   3.9819375e+02  -1.4346524e+03
   3.9821875e+02  -1.4346217e+03
   3.9824375e+02  -1.4349071e+03
   3.9826250e+02  -1.4345553e+03
   3.9828750e+02  -1.4333646e+03
   3.9831250e+02  -1.4318183e+03
   3.9833125e+02  -1.4307239e+03
   3.9835625e+02  -1.4296440e+03
   3.9837500e+02  -1.4291751e+03
   3.9840000e+02  -1.4289147e+03
   3.9842500e+02  -1.4293397e+03
   3.9844375e+02  -1.4302438e+03
   3.9846875e+02  -1.4316545e+03
   3.9849375e+02  -1.4324365e+03
   3.9851250e+02  -1.4325896e+03
   3.9853750e+02  -1.4326821e+03
   3.9856250e+02  -1.4327584e+03
   3.9858125e+02  -1.4327406e+03
   3.9860625e+02  -1.4326466e+03
   3.9863125e+02  -1.4327045e+03
   3.9865000e+02  -1.4331515e+03
   3.9867500e+02  -1.4343955e+03
   3.9869375e+02  -1.4354082e+03
   3.9871875e+02  -1.4362098e+03
   3.9874375e+02  -1.4364203e+03
   3.9876250e+02  -1.4363784e+03
   3.9878750e+02  -1.4359968e+03
   3.9881250e+02  -1.4351963e+03
   3.9883125e+02  -1.4344412e+03
   3.9885625e+02  -1.4334635e+03
   3.9888125e+02  -1.4330158e+03
   3.9890000e+02  -1.4332478e+03
   3.9892500e+02  -1.4338738e+03
   3.9894375e+02  -1.4342127e+03
   3.9896875e+02  -1.4345379e+03
   3.9899375e+02  -1.4349150e+03
   3.9902500e+02  -1.4352717e+03
   3.9905000e+02  -1.4359872e+03
   3.9906875e+02  -1.4367648e+03
   3.9909375e+02  -1.4382257e+03
   3.9911875e+02  -1.4403663e+03
   3.9913750e+02  -1.4422967e+03
   3.9916250e+02  -1.4447414e+03
   3.9918750e+02  -1.4465873e+03
   3.9920625e+02  -1.4475575e+03
   3.9923125e+02  -1.4483973e+03
   3.9925625e+02  -1.4491260e+03
   3.9927500e+02  -1.4494820e+03
   3.9930000e+02  -1.4496256e+03
   3.9931875e+02  -1.4496824e+03
   3.9934375e+02  -1.4499076e+03
   3.9936875e+02  -1.4501393e+03
   3.9938750e+02  -1.4502073e+03
   3.9941250e+02  -1.4502705e+03
   3.9943750e+02  -1.4505146e+03
   3.9945625e+02  -1.4509185e+03
   3.9948125e+02  -1.4514688e+03
   3.9950000e+02  -1.4516387e+03
   3.9952500e+02  -1.4515477e+03
   3.9955000e+02  -1.4513914e+03
   3.9956875e+02  -1.4512181e+03
   3.9959375e+02  -1.4508570e+03
   3.9961875e+02  -1.4506719e+03
   3.9963750e+02  -1.4508320e+03
   3.9966250e+02  -1.4513891e+03
   3.9968750e+02  -1.4521271e+03
   3.9970625e+02  -1.4527196e+03
   3.9973125e+02  -1.4535012e+03
   3.9975625e+02  -1.4540913e+03
   3.9977500e+02  -1.4542155e+03
   3.9980000e+02  -1.4537119e+03
   3.9981875e+02  -1.4529706e+03
   3.9984375e+02  -1.4520631e+03
   3.9986875e+02  -1.4515217e+03
   3.9988750e+02  -1.4512480e+03
   3.9991250e+02  -1.4509591e+03
   3.9993750e+02  -1.4508650e+03
   3.9995625e+02  -1.4509721e+03
   3.9998125e+02  -1.4512917e+03
   4.0001250e+02  -1.4515250e+03
   4.0003750e+02  -1.4513420e+03
   4.0006250e+02  -1.4511741e+03
   4.0008125e+02  -1.4513254e+03
   4.0010625e+02  -1.4518784e+03
   4.0012500e+02  -1.4523208e+03
   4.0015000e+02  -1.4526689e+03
   4.0017500e+02  -1.4529136e+03
   4.0019375e+02  -1.4532653e+03
   4.0021875e+02  -1.4539644e+03
   4.0024375e+02  -1.4545593e+03
   4.0026250e+02  -1.4547514e+03
   4.0028750e+02  -1.4548532e+03
   4.0031250e+02  -1.4553472e+03
   4.0033125e+02  -1.4559590e+03
   4.0035625e+02  -1.4564605e+03
   4.0037500e+02  -1.4563143e+03
   4.0040000e+02  -1.4558405e+03
   4.0042500e+02  -1.4556722e+03
   4.0044375e+02  -1.4558392e+03
   4.0046875e+02  -1.4561779e+03
   4.0049375e+02  -1.4562846e+03
   4.0051250e+02  -1.4562262e+03
   4.0053750e+02  -1.4563324e+03
   4.0056250e+02  -1.4566277e+03
   4.0058125e+02  -1.4565488e+03
   4.0060625e+02  -1.4559140e+03
   4.0063125e+02  -1.4552311e+03
   4.0065000e+02  -1.4548921e+03
   4.0067500e+02  -1.4545911e+03
   4.0069375e+02  -1.4545103e+03
   4.0071875e+02  -1.4546389e+03
   4.0074375e+02  -1.4549996e+03
   4.0076250e+02  -1.4553769e+03
   4.0078750e+02  -1.4558704e+03
   4.0081250e+02  -1.4559099e+03
   4.0083125e+02  -1.4555827e+03
   4.0085625e+02  -1.4549836e+03
   4.0088125e+02  -1.4543190e+03
   4.0090000e+02  -1.4538156e+03
   4.0092500e+02  -1.4533830e+03
   4.0094375e+02  -1.4534265e+03
   4.0096875e+02  -1.4539158e+03
   4.0099375e+02  -1.4546664e+03
   4.0102500e+02  -1.4552579e+03
   4.0105000e+02  -1.4541539e+03
   4.0106875e+02  -1.4527902e+03
   4.0109375e+02  -1.4507071e+03
   4.0111875e+02  -1.4480869e+03
   4.0113750e+02  -1.4457199e+03
   4.0116250e+02  -1.4426449e+03
   4.0118750e+02  -1.4406197e+03
   4.0120625e+02  -1.4400552e+03
   4.0123125e+02  -1.4403714e+03
   4.0125625e+02  -1.4405739e+03
   4.0127500e+02  -1.4403367e+03
   4.0130000e+02  -1.4401009e+03
   4.0131875e+02  -1.4401396e+03
   4.0134375e+02  -1.4399058e+03
   4.0136875e+02  -1.4388273e+03
   4.0138750e+02  -1.4378462e+03
   4.0141250e+02  -1.4371656e+03
   4.0143750e+02  -1.4375274e+03
   4.0145625e+02  -1.4381462e+03
   4.0148125e+02  -1.4388245e+03
   4.0150000e+02  -1.4390145e+03
   4.0152500e+02  -1.4390705e+03
   4.0155000e+02  -1.4391796e+03
   4.0156875e+02  -1.4390460e+03
   4.0159375e+02  -1.4381639e+03
   4.0161875e+02  -1.4368626e+03
   4.0163750e+02  -1.4361087e+03
   4.0166250e+02  -1.4357180e+03
   4.0168750e+02  -1.4360056e+03
   4.0170625e+02  -1.4365215e+03
   4.0173125e+02  -1.4371966e+03
   4.0175625e+02  -1.4376824e+03
   4.0177500e+02  -1.4380107e+03
   4.0180000e+02  -1.4381313e+03
   4.0181875e+02  -1.4376654e+03
   4.0184375e+02  -1.4364677e+03
   4.0186875e+02  -1.4351997e+03
   4.0188750e+02  -1.4344407e+03
   4.0191250e+02  -1.4339052e+03
   4.0193750e+02  -1.4341684e+03
   4.0195625e+02  -1.4348404e+03
   4.0198125e+02  -1.4361299e+03
   4.0201250e+02  -1.4380279e+03
   4.0203750e+02  -1.4392164e+03
   4.0206250e+02  -1.4398578e+03
   4.0208125e+02  -1.4401391e+03
   4.0210625e+02  -1.4402443e+03
   4.0212500e+02  -1.4399850e+03
   4.0215000e+02  -1.4394378e+03
   4.0217500e+02  -1.4391475e+03
   4.0219375e+02  -1.4392558e+03
   4.0221875e+02  -1.4398062e+03
   4.0224375e+02  -1.4406375e+03
   4.0226250e+02  -1.4412077e+03
   4.0228750e+02  -1.4419342e+03
   4.0231250e+02  -1.4426867e+03
   4.0233125e+02  -1.4430007e+03
   4.0235625e+02  -1.4426868e+03
   4.0237500e+02  -1.4420318e+03
   4.0240000e+02  -1.4411309e+03
   4.0242500e+02  -1.4406348e+03
   4.0244375e+02  -1.4405866e+03
   4.0246875e+02  -1.4406412e+03
   4.0249375e+02  -1.4405991e+03
   4.0251250e+02  -1.4405569e+03
   4.0253750e+02  -1.4405898e+03
   4.0256250e+02  -1.4404193e+03
   4.0258125e+02  -1.4399671e+03
   4.0260625e+02  -1.4391341e+03
   4.0263125e+02  -1.4384252e+03
   4.0265000e+02  -1.4382010e+03
   4.0267500e+02  -1.4384010e+03
   4.0269375e+02  -1.4388127e+03
   4.0271875e+02  -1.4394425e+03
   4.0274375e+02  -1.4399905e+03
   4.0276250e+02  -1.4403104e+03
   4.0278750e+02  -1.4404835e+03
   4.0281250e+02  -1.4401071e+03
   4.0283125e+02  -1.4394946e+03
   4.0285625e+02  -1.4385528e+03
   4.0288125e+02  -1.4379411e+03
   4.0290000e+02  -1.4379065e+03
   4.0292500e+02  -1.4383680e+03
   4.0294375e+02  -1.4389572e+03
   4.0296875e+02  -1.4399598e+03
   4.0299375e+02  -1.4410685e+03
   4.0302500e+02  -1.4422098e+03
   4.0305000e+02  -1.4429973e+03
   4.0306875e+02  -1.4434933e+03
   4.0309375e+02  -1.4442036e+03
   4.0311875e+02  -1.4452595e+03
   4.0313750e+02  -1.4463021e+03
   4.0316250e+02  -1.4478513e+03
   4.0318750e+02  -1.4494355e+03
   4.0320625e+02  -1.4506310e+03
   4.0323125e+02  -1.4520287e+03
   4.0325625e+02  -1.4530898e+03
   4.0327500e+02  -1.4536263e+03
   4.0330000e+02  -1.4539983e+03
   4.0331875e+02  -1.4540338e+03
   4.0334375e+02  -1.4538923e+03
   4.0336875e+02  -1.4536457e+03
   4.0338750e+02  -1.4534711e+03
   4.0341250e+02  -1.4533686e+03
   4.0343750e+02  -1.4534376e+03
   4.0345625e+02  -1.4534617e+03
   4.0348125e+02  -1.4532678e+03
   4.0350000e+02  -1.4530782e+03
   4.0352500e+02  -1.4527888e+03
   4.0355000e+02  -1.4523022e+03
   4.0356875e+02  -1.4518402e+03
   4.0359375e+02  -1.4513178e+03
   4.0361875e+02  -1.4510282e+03
   4.0363750e+02  -1.4510042e+03
   4.0366250e+02  -1.4512891e+03
   4.0368750e+02  -1.4516418e+03
   4.0370625e+02  -1.4517053e+03
   4.0373125e+02  -1.4515622e+03
   4.0375625e+02  -1.4512804e+03
   4.0377500e+02  -1.4509933e+03
   4.0380000e+02  -1.4505377e+03
   4.0381875e+02  -1.4501845e+03
   4.0384375e+02  -1.4498210e+03
   4.0386875e+02  -1.4498776e+03
   4.0388750e+02  -1.4502793e+03
   4.0391250e+02  -1.4509572e+03
   4.0393750e+02  -1.4513994e+03
   4.0395625e+02  -1.4515644e+03
   4.0398125e+02  -1.4517033e+03
   4.0401250e+02  -1.4515770e+03
   4.0403750e+02  -1.4505807e+03
   4.0406250e+02  -1.4487356e+03
   4.0408125e+02  -1.4472073e+03
   4.0410625e+02  -1.4454188e+03
   4.0412500e+02  -1.4443832e+03
   4.0415000e+02  -1.4433256e+03
   4.0417500e+02  -1.4425170e+03
   4.0419375e+02  -1.4421428e+03
   4.0421875e+02  -1.4420840e+03
   4.0424375e+02  -1.4421307e+03
   4.0426250e+02  -1.4418306e+03
   4.0428750e+02  -1.4410809e+03
   4.0431250e+02  -1.4401867e+03
   4.0433125e+02  -1.4396557e+03
   4.0435625e+02  -1.4393442e+03
   4.0437500e+02  -1.4394498e+03
   4.0440000e+02  -1.4399672e+03
   4.0442500e+02  -1.4408124e+03
   4.0444375e+02  -1.4414324e+03
   4.0446875e+02  -1.4419248e+03
   4.0449375e+02  -1.4420281e+03
   4.0451250e+02  -1.4419453e+03
   4.0453750e+02  -1.4416674e+03
   4.0456250e+02  -1.4412620e+03
   4.0458125e+02  -1.4409866e+03
   4.0460625e+02  -1.4408081e+03
   4.0463125e+02  -1.4409685e+03
   4.0465000e+02  -1.4412518e+03
   4.0467500e+02  -1.4415932e+03
   4.0469375e+02  -1.4416957e+03
   4.0471875e+02  -1.4416641e+03
   4.0474375e+02  -1.4415530e+03
   4.0476250e+02  -1.4414277e+03
   4.0478750e+02  -1.4410632e+03
   4.0481250e+02  -1.4404952e+03
   4.0483125e+02  -1.4401378e+03
   4.0485625e+02  -1.4400533e+03
   4.0488125e+02  -1.4403403e+03
   4.0490000e+02  -1.4404999e+03
   4.0492500e+02  -1.4404729e+03
   4.0494375e+02  -1.4404074e+03
   4.0496875e+02  -1.4404766e+03
   4.0499375e+02  -1.4405887e+03
   4.0502500e+02  -1.4403171e+03
   4.0505000e+02  -1.4400973e+03
   4.0506875e+02  -1.4402098e+03
   4.0509375e+02  -1.4407485e+03
   4.0511875e+02  -1.4413951e+03
   4.0513750e+02  -1.4418521e+03
   4.0516250e+02  -1.4424804e+03
   4.0518750e+02  -1.4431889e+03
   4.0520625e+02  -1.4436817e+03
   4.0523125e+02  -1.4440364e+03
   4.0525625e+02  -1.4440887e+03
   4.0527500e+02  -1.4440516e+03
   4.0530000e+02  -1.4441412e+03
   4.0531875e+02  -1.4442726e+03
   4.0534375e+02  -1.4443373e+03
   4.0536875e+02  -1.4442858e+03
   4.0538750e+02  -1.4442841e+03
   4.0541250e+02  -1.4444569e+03
   4.0543750e+02  -1.4446480e+03
   4.0545625e+02  -1.4447292e+03
   4.0548125e+02  -1.4447666e+03
   4.0550000e+02  -1.4447917e+03
   4.0552500e+02  -1.4448895e+03
   4.0555000e+02  -1.4449437e+03
   4.0556875e+02  -1.4449240e+03
   4.0559375e+02  -1.4449285e+03
   4.0561875e+02  -1.4452160e+03
   4.0563750e+02  -1.4455279e+03
   4.0566250e+02  -1.4457762e+03
   4.0568750e+02  -1.4458236e+03
   4.0570625e+02  -1.4458075e+03
   4.0573125e+02  -1.4457439e+03
