   3.5975000e+02  -1.4819255e+03
   3.5977500e+02  -1.4836342e+03
   3.5979750e+02  -1.4837551e+03
   3.5982000e+02  -1.4843380e+03
   3.5984250e+02  -1.4836905e+03
   3.5986500e+02  -1.4835760e+03
   3.5988750e+02  -1.4820386e+03
   3.5991000e+02  -1.4808923e+03
   3.5993250e+02  -1.4788433e+03
   3.5995500e+02  -1.4792085e+03
   3.5997750e+02  -1.4805561e+03
   3.6001250e+02  -1.4839717e+03
   3.6003500e+02  -1.4836518e+03
   3.6005750e+02  -1.4824330e+03
   3.6008000e+02  -1.4796856e+03
   3.6010250e+02  -1.4778607e+03
   3.6012500e+02  -1.4740752e+03
   3.6015000e+02  -1.4688973e+03
   3.6017250e+02  -1.4653892e+03
   3.6019500e+02  -1.4632410e+03
   3.6021750e+02  -1.4641089e+03
   3.6024000e+02  -1.4645525e+03
   3.6026250e+02  -1.4639855e+03
   3.6028500e+02  -1.4608896e+03
   3.6030750e+02  -1.4584046e+03
   3.6033000e+02  -1.4557602e+03
   3.6035250e+02  -1.4541972e+03
   3.6037500e+02  -1.4512718e+03
   3.6040000e+02  -1.4487581e+03
   3.6042250e+02  -1.4490613e+03
   3.6044500e+02  -1.4503738e+03
   3.6046750e+02  -1.4523748e+03
   3.6049000e+02  -1.4516496e+03
   3.6051250e+02  -1.4504461e+03
   3.6053500e+02  -1.4487739e+03
   3.6055750e+02  -1.4492072e+03
   3.6058000e+02  -1.4491789e+03
   3.6060250e+02  -1.4490315e+03
   3.6062500e+02  -1.4468264e+03
   3.6065000e+02  -1.4460822e+03
   3.6067250e+02  -1.4478434e+03
   3.6069500e+02  -1.4486919e+03
   3.6071750e+02  -1.4484449e+03
   3.6074000e+02  -1.4457536e+03
   3.6076250e+02  -1.4445403e+03
   3.6078500e+02  -1.4445072e+03
   3.6080750e+02  -1.4465189e+03
   3.6083000e+02  -1.4470734e+03
   3.6085250e+02  -1.4470855e+03
   3.6087500e+02  -1.4465830e+03
   3.6090000e+02  -1.4475583e+03
   3.6092250e+02  -1.4481140e+03
   3.6094500e+02  -1.4461434e+03
   3.6096750e+02  -1.4442312e+03
   3.6099000e+02  -1.4422797e+03
   3.6102500e+02  -1.4433117e+03
   3.6104750e+02  -1.4438774e+03
   3.6107000e+02  -1.4446452e+03
   3.6109250e+02  -1.4444739e+03
   3.6111500e+02  -1.4460811e+03
   3.6113750e+02  -1.4470984e+03
   3.6116000e+02  -1.4474876e+03
   3.6118250e+02  -1.4453793e+03
   3.6120500e+02  -1.4439986e+03
   3.6122750e+02  -1.4429607e+03
   3.6125000e+02  -1.4444649e+03
   3.6127500e+02  -1.4456273e+03
   3.6129750e+02  -1.4462321e+03
   3.6132000e+02  -1.4476342e+03
   3.6134250e+02  -1.4480397e+03
   3.6136500e+02  -1.4489012e+03
   3.6138750e+02  -1.4480742e+03
   3.6141000e+02  -1.4469985e+03
   3.6143250e+02  -1.4446219e+03
   3.6145500e+02  -1.4435783e+03
   3.6147750e+02  -1.4421160e+03
   3.6150000e+02  -1.4421868e+03
   3.6152500e+02  -1.4423798e+03
   3.6154750e+02  -1.4431626e+03
   3.6157000e+02  -1.4449575e+03
   3.6159250e+02  -1.4451240e+03
   3.6161500e+02  -1.4457157e+03
   3.6163750e+02  -1.4449975e+03
   3.6166000e+02  -1.4454655e+03
   3.6168250e+02  -1.4446595e+03
   3.6170500e+02  -1.4445950e+03
   3.6172750e+02  -1.4444325e+03
   3.6175000e+02  -1.4461267e+03
   3.6177500e+02  -1.4471709e+03
   3.6179750e+02  -1.4466255e+03
   3.6182000e+02  -1.4466426e+03
   3.6184250e+02  -1.4461611e+03
   3.6186500e+02  -1.4471709e+03
   3.6188750e+02  -1.4472877e+03
   3.6191000e+02  -1.4481297e+03
   3.6193250e+02  -1.4476527e+03
   3.6195500e+02  -1.4487916e+03
   3.6197750e+02  -1.4497043e+03
   3.6201250e+02  -1.4513885e+03
   3.6203500e+02  -1.4493754e+03
   3.6205750e+02  -1.4466462e+03
   3.6208000e+02  -1.4430812e+03
   3.6210250e+02  -1.4411270e+03
   3.6212500e+02  -1.4384519e+03
   3.6215000e+02  -1.4359039e+03
   3.6217250e+02  -1.4348435e+03
   3.6219500e+02  -1.4347912e+03
   3.6221750e+02  -1.4367614e+03
   3.6224000e+02  -1.4368205e+03
   3.6226250e+02  -1.4361083e+03
   3.6228500e+02  -1.4336430e+03
   3.6230750e+02  -1.4320103e+03
   3.6233000e+02  -1.4300415e+03
   3.6235250e+02  -1.4292395e+03
   3.6237500e+02  -1.4273170e+03
   3.6240000e+02  -1.4266286e+03
   3.6242250e+02  -1.4281416e+03
   3.6244500e+02  -1.4292980e+03
   3.6246750e+02  -1.4308097e+03
   3.6249000e+02  -1.4294505e+03
   3.6251250e+02  -1.4277812e+03
   3.6253500e+02  -1.4251548e+03
   3.6255750e+02  -1.4239116e+03
   3.6258000e+02  -1.4218808e+03
   3.6260250e+02  -1.4209051e+03
   3.6262500e+02  -1.4201579e+03
   3.6265000e+02  -1.4211943e+03
   3.6267250e+02  -1.4230004e+03
   3.6269500e+02  -1.4239115e+03
   3.6271750e+02  -1.4248116e+03
   3.6274000e+02  -1.4246156e+03
   3.6276250e+02  -1.4253138e+03
   3.6278500e+02  -1.4249065e+03
   3.6280750e+02  -1.4248451e+03
   3.6283000e+02  -1.4238710e+03
   3.6285250e+02  -1.4241347e+03
   3.6287500e+02  -1.4239099e+03
   3.6290000e+02  -1.4240411e+03
   3.6292250e+02  -1.4242342e+03
   3.6294500e+02  -1.4235818e+03
   3.6296750e+02  -1.4242245e+03
   3.6299000e+02  -1.4238726e+03
   3.6302500e+02  -1.4238390e+03
   3.6304750e+02  -1.4234319e+03
   3.6307000e+02  -1.4245148e+03
   3.6309250e+02  -1.4246886e+03
   3.6311500e+02  -1.4250010e+03
   3.6313750e+02  -1.4238216e+03
   3.6316000e+02  -1.4235929e+03
   3.6318250e+02  -1.4233370e+03
   3.6320500e+02  -1.4245719e+03
   3.6322750e+02  -1.4244053e+03
   3.6325000e+02  -1.4246805e+03
   3.6327500e+02  -1.4251033e+03
   3.6329750e+02  -1.4261611e+03
   3.6332000e+02  -1.4278428e+03
   3.6334250e+02  -1.4271617e+03
   3.6336500e+02  -1.4263885e+03
   3.6338750e+02  -1.4247255e+03
   3.6341000e+02  -1.4245195e+03
   3.6343250e+02  -1.4234700e+03
   3.6345500e+02  -1.4231278e+03
   3.6347750e+02  -1.4220127e+03
   3.6350000e+02  -1.4231141e+03
   3.6352500e+02  -1.4251757e+03
   3.6354750e+02  -1.4262076e+03
   3.6357000e+02  -1.4268583e+03
   3.6359250e+02  -1.4257669e+03
   3.6361500e+02  -1.4259830e+03
   3.6363750e+02  -1.4254527e+03
   3.6366000e+02  -1.4254809e+03
   3.6368250e+02  -1.4243643e+03
   3.6370500e+02  -1.4242292e+03
   3.6372750e+02  -1.4243888e+03
   3.6375000e+02  -1.4266419e+03
   3.6377500e+02  -1.4287812e+03
   3.6379750e+02  -1.4292963e+03
   3.6382000e+02  -1.4298745e+03
   3.6384250e+02  -1.4292384e+03
   3.6386500e+02  -1.4295055e+03
   3.6388750e+02  -1.4282847e+03
   3.6391000e+02  -1.4275717e+03
   3.6393250e+02  -1.4263961e+03
   3.6395500e+02  -1.4274034e+03
   3.6397750e+02  -1.4282792e+03
   3.6401250e+02  -1.4302329e+03
   3.6403500e+02  -1.4298734e+03
   3.6405750e+02  -1.4302886e+03
   3.6408000e+02  -1.4300326e+03
   3.6410250e+02  -1.4300926e+03
   3.6412500e+02  -1.4281982e+03
   3.6415000e+02  -1.4266332e+03
   3.6417250e+02  -1.4260347e+03
   3.6419500e+02  -1.4250553e+03
   3.6421750e+02  -1.4258087e+03
   3.6424000e+02  -1.4256853e+03
   3.6426250e+02  -1.4261585e+03
   3.6428500e+02  -1.4257531e+03
   3.6430750e+02  -1.4261224e+03
   3.6433000e+02  -1.4251597e+03
   3.6435250e+02  -1.4247135e+03
   3.6437500e+02  -1.4232128e+03
   3.6440000e+02  -1.4214258e+03
   3.6442250e+02  -1.4200634e+03
   3.6444500e+02  -1.4185191e+03
   3.6446750e+02  -1.4184638e+03
   3.6449000e+02  -1.4176276e+03
   3.6451250e+02  -1.4179072e+03
   3.6453500e+02  -1.4171251e+03
   3.6455750e+02  -1.4179616e+03
   3.6458000e+02  -1.4181148e+03
   3.6460250e+02  -1.4187067e+03
   3.6462500e+02  -1.4175042e+03
   3.6465000e+02  -1.4164242e+03
   3.6467250e+02  -1.4166434e+03
   3.6469500e+02  -1.4160316e+03
   3.6471750e+02  -1.4158859e+03
   3.6474000e+02  -1.4143191e+03
   3.6476250e+02  -1.4142321e+03
   3.6478500e+02  -1.4142698e+03
   3.6480750e+02  -1.4163493e+03
   3.6483000e+02  -1.4171208e+03
   3.6485250e+02  -1.4172198e+03
   3.6487500e+02  -1.4158948e+03
   3.6490000e+02  -1.4158760e+03
   3.6492250e+02  -1.4168930e+03
   3.6494500e+02  -1.4162902e+03
   3.6496750e+02  -1.4160120e+03
   3.6499000e+02  -1.4148756e+03
   3.6502500e+02  -1.4160965e+03
   3.6504750e+02  -1.4165470e+03
   3.6507000e+02  -1.4167228e+03
   3.6509250e+02  -1.4146914e+03
   3.6511500e+02  -1.4136932e+03
   3.6513750e+02  -1.4127850e+03
   3.6516000e+02  -1.4125356e+03
   3.6518250e+02  -1.4103851e+03
   3.6520500e+02  -1.4089078e+03
   3.6522750e+02  -1.4078021e+03
   3.6525000e+02  -1.4090551e+03
   3.6527500e+02  -1.4100051e+03
   3.6529750e+02  -1.4090108e+03
   3.6532000e+02  -1.4079609e+03
   3.6534250e+02  -1.4061918e+03
   3.6536500e+02  -1.4062951e+03
   3.6538750e+02  -1.4056427e+03
   3.6541000e+02  -1.4053003e+03
   3.6543250e+02  -1.4039571e+03
   3.6545500e+02  -1.4044793e+03
   3.6547750e+02  -1.4054799e+03
   3.6550000e+02  -1.4079828e+03
   3.6552500e+02  -1.4101572e+03
   3.6554750e+02  -1.4108969e+03
   3.6557000e+02  -1.4119799e+03
   3.6559250e+02  -1.4117951e+03
   3.6561500e+02  -1.4124127e+03
   3.6563750e+02  -1.4118767e+03
   3.6566000e+02  -1.4120786e+03
   3.6568250e+02  -1.4115842e+03
   3.6570500e+02  -1.4123790e+03
   3.6572750e+02  -1.4129102e+03
   3.6575000e+02  -1.4150682e+03
   3.6577500e+02  -1.4166893e+03
   3.6579750e+02  -1.4166709e+03
   3.6582000e+02  -1.4167988e+03
   3.6584250e+02  -1.4156710e+03
   3.6586500e+02  -1.4148430e+03
   3.6588750e+02  -1.4126940e+03
   3.6591000e+02  -1.4112289e+03
   3.6593250e+02  -1.4090299e+03
   3.6595500e+02  -1.4091479e+03
   3.6597750e+02  -1.4101098e+03
   3.6601250e+02  -1.4134616e+03
   3.6603500e+02  -1.4137834e+03
   3.6605750e+02  -1.4135786e+03
   3.6608000e+02  -1.4117864e+03
   3.6610250e+02  -1.4107405e+03
   3.6612500e+02  -1.4074455e+03
   3.6615000e+02  -1.4025808e+03
   3.6617250e+02  -1.3985074e+03
   3.6619500e+02  -1.3953805e+03
   3.6621750e+02  -1.3954861e+03
   3.6624000e+02  -1.3952855e+03
   3.6626250e+02  -1.3946853e+03
   3.6628500e+02  -1.3925098e+03
   3.6630750e+02  -1.3917141e+03
   3.6633000e+02  -1.3904844e+03
   3.6635250e+02  -1.3898399e+03
   3.6637500e+02  -1.3869588e+03
   3.6640000e+02  -1.3842152e+03
   3.6642250e+02  -1.3838088e+03
   3.6644500e+02  -1.3839908e+03
   3.6646750e+02  -1.3855263e+03
   3.6649000e+02  -1.3853384e+03
   3.6651250e+02  -1.3859821e+03
   3.6653500e+02  -1.3864391e+03
   3.6655750e+02  -1.3884762e+03
   3.6658000e+02  -1.3887356e+03
   3.6660250e+02  -1.3886565e+03
   3.6662500e+02  -1.3871307e+03
   3.6665000e+02  -1.3871869e+03
   3.6667250e+02  -1.3887686e+03
   3.6669500e+02  -1.3893171e+03
   3.6671750e+02  -1.3900031e+03
   3.6674000e+02  -1.3903388e+03
   3.6676250e+02  -1.3924944e+03
   3.6678500e+02  -1.3936078e+03
   3.6680750e+02  -1.3945684e+03
   3.6683000e+02  -1.3935376e+03
   3.6685250e+02  -1.3928549e+03
   3.6687500e+02  -1.3913216e+03
   3.6690000e+02  -1.3900566e+03
   3.6692250e+02  -1.3888722e+03
   3.6694500e+02  -1.3871840e+03
   3.6696750e+02  -1.3878637e+03
   3.6699000e+02  -1.3886265e+03
   3.6702500e+02  -1.3904589e+03
   3.6704750e+02  -1.3900655e+03
   3.6707000e+02  -1.3903209e+03
   3.6709250e+02  -1.3893833e+03
   3.6711500e+02  -1.3882840e+03
   3.6713750e+02  -1.3846916e+03
   3.6716000e+02  -1.3818664e+03
   3.6718250e+02  -1.3795226e+03
   3.6720500e+02  -1.3795285e+03
   3.6722750e+02  -1.3794238e+03
   3.6725000e+02  -1.3808446e+03
   3.6727500e+02  -1.3821161e+03
   3.6729750e+02  -1.3832937e+03
   3.6732000e+02  -1.3851329e+03
   3.6734250e+02  -1.3847571e+03
   3.6736500e+02  -1.3837848e+03
   3.6738750e+02  -1.3817666e+03
   3.6741000e+02  -1.3814227e+03
   3.6743250e+02  -1.3800886e+03
   3.6745500e+02  -1.3791145e+03
   3.6747750e+02  -1.3774032e+03
   3.6750000e+02  -1.3780451e+03
   3.6752500e+02  -1.3799842e+03
   3.6754750e+02  -1.3813794e+03
   3.6757000e+02  -1.3827452e+03
   3.6759250e+02  -1.3822523e+03
   3.6761500e+02  -1.3829595e+03
   3.6763750e+02  -1.3830898e+03
   3.6766000e+02  -1.3836733e+03
   3.6768250e+02  -1.3825005e+03
   3.6770500e+02  -1.3820796e+03
   3.6772750e+02  -1.3818431e+03
   3.6775000e+02  -1.3837169e+03
   3.6777500e+02  -1.3852621e+03
   3.6779750e+02  -1.3851297e+03
   3.6782000e+02  -1.3856645e+03
   3.6784250e+02  -1.3854803e+03
   3.6786500e+02  -1.3859627e+03
   3.6788750e+02  -1.3844828e+03
   3.6791000e+02  -1.3827682e+03
   3.6793250e+02  -1.3800540e+03
   3.6795500e+02  -1.3795764e+03
   3.6797750e+02  -1.3792937e+03
   3.6801250e+02  -1.3795682e+03
   3.6803500e+02  -1.3780463e+03
   3.6805750e+02  -1.3778868e+03
   3.6808000e+02  -1.3773172e+03
   3.6810250e+02  -1.3774370e+03
   3.6812500e+02  -1.3758081e+03
   3.6815000e+02  -1.3739977e+03
   3.6817250e+02  -1.3733948e+03
   3.6819500e+02  -1.3729585e+03
   3.6821750e+02  -1.3741916e+03
   3.6824000e+02  -1.3741779e+03
   3.6826250e+02  -1.3752121e+03
   3.6828500e+02  -1.3754004e+03
   3.6830750e+02  -1.3761069e+03
   3.6833000e+02  -1.3752830e+03
   3.6835250e+02  -1.3750492e+03
   3.6837500e+02  -1.3734658e+03
   3.6840000e+02  -1.3722311e+03
   3.6842250e+02  -1.3727468e+03
   3.6844500e+02  -1.3732537e+03
   3.6846750e+02  -1.3744400e+03
   3.6849000e+02  -1.3740697e+03
   3.6851250e+02  -1.3747265e+03
   3.6853500e+02  -1.3743368e+03
   3.6855750e+02  -1.3741180e+03
   3.6858000e+02  -1.3722685e+03
   3.6860250e+02  -1.3708243e+03
   3.6862500e+02  -1.3686246e+03
   3.6865000e+02  -1.3675760e+03
   3.6867250e+02  -1.3679174e+03
   3.6869500e+02  -1.3679845e+03
   3.6871750e+02  -1.3693071e+03
   3.6874000e+02  -1.3702267e+03
   3.6876250e+02  -1.3718738e+03
   3.6878500e+02  -1.3720842e+03
   3.6880750e+02  -1.3724024e+03
   3.6883000e+02  -1.3710383e+03
   3.6885250e+02  -1.3707494e+03
   3.6887500e+02  -1.3703706e+03
   3.6890000e+02  -1.3708147e+03
   3.6892250e+02  -1.3720156e+03
   3.6894500e+02  -1.3726018e+03
   3.6896750e+02  -1.3744353e+03
   3.6899000e+02  -1.3753013e+03
   3.6902500e+02  -1.3774426e+03
   3.6904750e+02  -1.3778073e+03
   3.6907000e+02  -1.3791779e+03
   3.6909250e+02  -1.3798277e+03
   3.6911500e+02  -1.3818720e+03
   3.6913750e+02  -1.3833143e+03
   3.6916000e+02  -1.3857582e+03
   3.6918250e+02  -1.3870968e+03
   3.6920500e+02  -1.3896034e+03
   3.6922750e+02  -1.3914578e+03
   3.6925000e+02  -1.3940459e+03
   3.6927500e+02  -1.3960994e+03
   3.6929750e+02  -1.3971486e+03
   3.6932000e+02  -1.3992128e+03
   3.6934250e+02  -1.4010336e+03
   3.6936500e+02  -1.4031555e+03
   3.6938750e+02  -1.4030702e+03
   3.6941000e+02  -1.4031358e+03
   3.6943250e+02  -1.4026576e+03
   3.6945500e+02  -1.4036448e+03
   3.6947750e+02  -1.4032895e+03
   3.6950000e+02  -1.4031329e+03
   3.6952500e+02  -1.4023742e+03
   3.6954750e+02  -1.4017537e+03
   3.6957000e+02  -1.4022295e+03
   3.6959250e+02  -1.4011314e+03
   3.6961500e+02  -1.4007831e+03
   3.6963750e+02  -1.3997358e+03
   3.6966000e+02  -1.4003600e+03
   3.6968250e+02  -1.4003538e+03
   3.6970500e+02  -1.4006221e+03
   3.6972750e+02  -1.3997672e+03
   3.6975000e+02  -1.4003765e+03
   3.6977500e+02  -1.4011401e+03
   3.6979750e+02  -1.4012166e+03
   3.6982000e+02  -1.4011472e+03
   3.6984250e+02  -1.3995997e+03
   3.6986500e+02  -1.3993343e+03
   3.6988750e+02  -1.3988254e+03
   3.6991000e+02  -1.3996363e+03
   3.6993250e+02  -1.3994544e+03
   3.6995500e+02  -1.3998384e+03
   3.6997750e+02  -1.3999581e+03
   3.7001250e+02  -1.4025152e+03
   3.7003500e+02  -1.4021731e+03
   3.7005750e+02  -1.4003547e+03
   3.7008000e+02  -1.3966020e+03
   3.7010250e+02  -1.3939685e+03
   3.7012500e+02  -1.3904804e+03
   3.7015000e+02  -1.3861800e+03
   3.7017250e+02  -1.3820542e+03
   3.7019500e+02  -1.3786768e+03
   3.7021750e+02  -1.3791325e+03
   3.7024000e+02  -1.3808458e+03
   3.7026250e+02  -1.3825149e+03
   3.7028500e+02  -1.3818985e+03
   3.7030750e+02  -1.3820959e+03
   3.7033000e+02  -1.3821341e+03
   3.7035250e+02  -1.3831613e+03
   3.7037500e+02  -1.3820242e+03
   3.7040000e+02  -1.3798029e+03
   3.7042250e+02  -1.3786157e+03
   3.7044500e+02  -1.3784902e+03
   3.7046750e+02  -1.3797813e+03
   3.7049000e+02  -1.3793026e+03
   3.7051250e+02  -1.3790340e+03
   3.7053500e+02  -1.3783146e+03
   3.7055750e+02  -1.3794250e+03
   3.7058000e+02  -1.3796080e+03
   3.7060250e+02  -1.3796338e+03
   3.7062500e+02  -1.3779790e+03
   3.7065000e+02  -1.3773583e+03
   3.7067250e+02  -1.3783554e+03
   3.7069500e+02  -1.3788498e+03
   3.7071750e+02  -1.3791347e+03
   3.7074000e+02  -1.3774999e+03
   3.7076250e+02  -1.3767534e+03
   3.7078500e+02  -1.3758490e+03
   3.7080750e+02  -1.3756746e+03
   3.7083000e+02  -1.3737165e+03
   3.7085250e+02  -1.3722634e+03
   3.7087500e+02  -1.3708748e+03
   3.7090000e+02  -1.3710091e+03
   3.7092250e+02  -1.3716321e+03
   3.7094500e+02  -1.3711379e+03
   3.7096750e+02  -1.3719759e+03
   3.7099000e+02  -1.3718204e+03
   3.7102500e+02  -1.3711295e+03
   3.7104750e+02  -1.3688918e+03
   3.7107000e+02  -1.3678640e+03
   3.7109250e+02  -1.3662131e+03
   3.7111500e+02  -1.3656550e+03
   3.7113750e+02  -1.3646592e+03
   3.7116000e+02  -1.3653771e+03
   3.7118250e+02  -1.3660528e+03
   3.7120500e+02  -1.3683528e+03
   3.7122750e+02  -1.3694591e+03
   3.7125000e+02  -1.3705782e+03
   3.7127500e+02  -1.3713069e+03
   3.7129750e+02  -1.3718218e+03
   3.7132000e+02  -1.3725308e+03
   3.7134250e+02  -1.3710278e+03
   3.7136500e+02  -1.3703739e+03
   3.7138750e+02  -1.3695461e+03
   3.7141000e+02  -1.3708071e+03
   3.7143250e+02  -1.3720747e+03
   3.7145500e+02  -1.3744008e+03
   3.7147750e+02  -1.3753306e+03
   3.7150000e+02  -1.3774412e+03
   3.7152500e+02  -1.3800095e+03
   3.7154750e+02  -1.3811209e+03
   3.7157000e+02  -1.3809930e+03
   3.7159250e+02  -1.3784058e+03
   3.7161500e+02  -1.3770998e+03
   3.7163750e+02  -1.3765391e+03
   3.7166000e+02  -1.3775966e+03
   3.7168250e+02  -1.3767472e+03
   3.7170500e+02  -1.3767369e+03
   3.7172750e+02  -1.3773842e+03
   3.7175000e+02  -1.3802886e+03
   3.7177500e+02  -1.3819390e+03
   3.7179750e+02  -1.3804667e+03
   3.7182000e+02  -1.3784680e+03
   3.7184250e+02  -1.3763296e+03
   3.7186500e+02  -1.3769680e+03
   3.7188750e+02  -1.3767937e+03
   3.7191000e+02  -1.3766645e+03
   3.7193250e+02  -1.3756755e+03
   3.7195500e+02  -1.3774357e+03
   3.7197750e+02  -1.3798157e+03
   3.7201250e+02  -1.3827296e+03
   3.7203500e+02  -1.3812563e+03
   3.7205750e+02  -1.3784404e+03
   3.7208000e+02  -1.3747731e+03
   3.7210250e+02  -1.3725166e+03
   3.7212500e+02  -1.3688729e+03
   3.7215000e+02  -1.3647183e+03
   3.7217250e+02  -1.3625868e+03
   3.7219500e+02  -1.3619650e+03
   3.7221750e+02  -1.3643624e+03
   3.7224000e+02  -1.3654815e+03
   3.7226250e+02  -1.3646992e+03
   3.7228500e+02  -1.3610901e+03
   3.7230750e+02  -1.3591750e+03
   3.7233000e+02  -1.3567766e+03
   3.7235250e+02  -1.3549719e+03
   3.7237500e+02  -1.3521184e+03
   3.7240000e+02  -1.3503251e+03
   3.7242250e+02  -1.3514580e+03
   3.7244500e+02  -1.3535435e+03
   3.7246750e+02  -1.3560615e+03
   3.7249000e+02  -1.3556596e+03
   3.7251250e+02  -1.3548872e+03
   3.7253500e+02  -1.3530154e+03
   3.7255750e+02  -1.3522794e+03
   3.7258000e+02  -1.3502867e+03
   3.7260250e+02  -1.3492789e+03
   3.7262500e+02  -1.3478783e+03
   3.7265000e+02  -1.3490289e+03
   3.7267250e+02  -1.3528860e+03
   3.7269500e+02  -1.3555755e+03
   3.7271750e+02  -1.3573610e+03
   3.7274000e+02  -1.3574858e+03
   3.7276250e+02  -1.3580418e+03
   3.7278500e+02  -1.3575441e+03
   3.7280750e+02  -1.3574146e+03
   3.7283000e+02  -1.3559899e+03
   3.7285250e+02  -1.3555727e+03
   3.7287500e+02  -1.3547085e+03
   3.7290000e+02  -1.3557884e+03
   3.7292250e+02  -1.3580951e+03
   3.7294500e+02  -1.3594412e+03
   3.7296750e+02  -1.3607971e+03
   3.7299000e+02  -1.3608701e+03
   3.7302500e+02  -1.3613636e+03
   3.7304750e+02  -1.3590827e+03
   3.7307000e+02  -1.3561281e+03
   3.7309250e+02  -1.3516491e+03
   3.7311500e+02  -1.3480859e+03
   3.7313750e+02  -1.3443167e+03
   3.7316000e+02  -1.3419737e+03
   3.7318250e+02  -1.3387747e+03
   3.7320500e+02  -1.3374201e+03
   3.7322750e+02  -1.3363546e+03
   3.7325000e+02  -1.3371483e+03
   3.7327500e+02  -1.3366268e+03
   3.7329750e+02  -1.3348740e+03
   3.7332000e+02  -1.3334908e+03
   3.7334250e+02  -1.3309819e+03
   3.7336500e+02  -1.3296736e+03
   3.7338750e+02  -1.3280683e+03
   3.7341000e+02  -1.3275425e+03
   3.7343250e+02  -1.3259130e+03
   3.7345500e+02  -1.3250561e+03
   3.7347750e+02  -1.3232826e+03
   3.7350000e+02  -1.3228821e+03
   3.7352500e+02  -1.3220315e+03
   3.7354750e+02  -1.3213370e+03
   3.7357000e+02  -1.3215225e+03
   3.7359250e+02  -1.3209561e+03
   3.7361500e+02  -1.3215359e+03
   3.7363750e+02  -1.3213032e+03
   3.7366000e+02  -1.3217901e+03
   3.7368250e+02  -1.3207997e+03
   3.7370500e+02  -1.3204787e+03
   3.7372750e+02  -1.3187682e+03
   3.7375000e+02  -1.3178245e+03
   3.7377500e+02  -1.3162091e+03
   3.7379750e+02  -1.3145216e+03
   3.7382000e+02  -1.3144383e+03
   3.7384250e+02  -1.3144878e+03
   3.7386500e+02  -1.3164323e+03
   3.7388750e+02  -1.3172241e+03
   3.7391000e+02  -1.3185855e+03
   3.7393250e+02  -1.3182980e+03
   3.7395500e+02  -1.3184868e+03
   3.7397750e+02  -1.3176238e+03
   3.7401250e+02  -1.3162551e+03
   3.7403500e+02  -1.3144474e+03
   3.7405750e+02  -1.3151772e+03
   3.7408000e+02  -1.3164276e+03
   3.7410250e+02  -1.3195492e+03
   3.7412500e+02  -1.3228179e+03
   3.7415000e+02  -1.3273766e+03
   3.7417250e+02  -1.3317269e+03
   3.7419500e+02  -1.3350472e+03
   3.7421750e+02  -1.3381367e+03
   3.7424000e+02  -1.3383942e+03
   3.7426250e+02  -1.3388365e+03
   3.7428500e+02  -1.3383325e+03
   3.7430750e+02  -1.3391306e+03
   3.7433000e+02  -1.3388546e+03
   3.7435250e+02  -1.3394656e+03
   3.7437500e+02  -1.3389757e+03
   3.7440000e+02  -1.3391672e+03
   3.7442250e+02  -1.3406054e+03
   3.7444500e+02  -1.3416761e+03
   3.7446750e+02  -1.3435273e+03
   3.7449000e+02  -1.3436962e+03
   3.7451250e+02  -1.3442181e+03
   3.7453500e+02  -1.3437692e+03
   3.7455750e+02  -1.3444915e+03
   3.7458000e+02  -1.3441595e+03
   3.7460250e+02  -1.3441647e+03
   3.7462500e+02  -1.3431737e+03
   3.7465000e+02  -1.3432749e+03
   3.7467250e+02  -1.3446827e+03
   3.7469500e+02  -1.3455629e+03
   3.7471750e+02  -1.3471281e+03
   3.7474000e+02  -1.3476002e+03
   3.7476250e+02  -1.3491372e+03
   3.7478500e+02  -1.3497827e+03
   3.7480750e+02  -1.3506092e+03
   3.7483000e+02  -1.3494680e+03
   3.7485250e+02  -1.3490545e+03
   3.7487500e+02  -1.3488384e+03
   3.7490000e+02  -1.3508583e+03
   3.7492250e+02  -1.3532398e+03
   3.7494500e+02  -1.3540188e+03
   3.7496750e+02  -1.3552259e+03
   3.7499000e+02  -1.3556704e+03
   3.7502500e+02  -1.3570418e+03
   3.7504750e+02  -1.3570749e+03
   3.7507000e+02  -1.3578414e+03
   3.7509250e+02  -1.3585430e+03
   3.7511500e+02  -1.3614525e+03
   3.7513750e+02  -1.3640959e+03
   3.7516000e+02  -1.3673968e+03
   3.7518250e+02  -1.3690720e+03
   3.7520500e+02  -1.3714041e+03
   3.7522750e+02  -1.3726597e+03
   3.7525000e+02  -1.3736918e+03
   3.7527500e+02  -1.3728853e+03
   3.7529750e+02  -1.3715574e+03
   3.7532000e+02  -1.3721364e+03
   3.7534250e+02  -1.3727784e+03
   3.7536500e+02  -1.3744337e+03
   3.7538750e+02  -1.3738126e+03
   3.7541000e+02  -1.3734307e+03
   3.7543250e+02  -1.3725058e+03
   3.7545500e+02  -1.3728189e+03
   3.7547750e+02  -1.3717416e+03
   3.7550000e+02  -1.3705485e+03
   3.7552500e+02  -1.3684487e+03
   3.7554750e+02  -1.3672243e+03
   3.7557000e+02  -1.3676871e+03
   3.7559250e+02  -1.3672332e+03
   3.7561500e+02  -1.3676455e+03
   3.7563750e+02  -1.3676375e+03
   3.7566000e+02  -1.3693979e+03
   3.7568250e+02  -1.3702466e+03
   3.7570500e+02  -1.3708255e+03
   3.7572750e+02  -1.3695596e+03
   3.7575000e+02  -1.3692799e+03
   3.7577500e+02  -1.3698220e+03
   3.7579750e+02  -1.3699981e+03
   3.7582000e+02  -1.3705724e+03
   3.7584250e+02  -1.3697342e+03
   3.7586500e+02  -1.3705986e+03
   3.7588750e+02  -1.3713774e+03
   3.7591000e+02  -1.3728434e+03
   3.7593250e+02  -1.3724769e+03
   3.7595500e+02  -1.3726089e+03
   3.7597750e+02  -1.3720062e+03
   3.7601250e+02  -1.3728046e+03
   3.7603500e+02  -1.3724157e+03
   3.7605750e+02  -1.3729069e+03
   3.7608000e+02  -1.3734759e+03
   3.7610250e+02  -1.3759614e+03
   3.7612500e+02  -1.3775176e+03
   3.7615000e+02  -1.3780247e+03
   3.7617250e+02  -1.3774031e+03
   3.7619500e+02  -1.3765670e+03
   3.7621750e+02  -1.3779463e+03
   3.7624000e+02  -1.3790572e+03
   3.7626250e+02  -1.3811692e+03
   3.7628500e+02  -1.3824714e+03
   3.7630750e+02  -1.3856376e+03
   3.7633000e+02  -1.3888256e+03
   3.7635250e+02  -1.3919262e+03
   3.7637500e+02  -1.3911401e+03
   3.7640000e+02  -1.3888247e+03
   3.7642250e+02  -1.3873491e+03
   3.7644500e+02  -1.3853789e+03
   3.7646750e+02  -1.3846179e+03
   3.7649000e+02  -1.3834565e+03
   3.7651250e+02  -1.3843724e+03
   3.7653500e+02  -1.3862086e+03
   3.7655750e+02  -1.3900845e+03
   3.7658000e+02  -1.3918712e+03
   3.7660250e+02  -1.3920838e+03
   3.7662500e+02  -1.3904090e+03
   3.7665000e+02  -1.3893691e+03
   3.7667250e+02  -1.3893951e+03
   3.7669500e+02  -1.3883485e+03
   3.7671750e+02  -1.3882747e+03
   3.7674000e+02  -1.3884488e+03
   3.7676250e+02  -1.3909340e+03
   3.7678500e+02  -1.3934738e+03
   3.7680750e+02  -1.3957018e+03
   3.7683000e+02  -1.3954976e+03
   3.7685250e+02  -1.3953815e+03
   3.7687500e+02  -1.3939809e+03
   3.7690000e+02  -1.3925596e+03
   3.7692250e+02  -1.3918308e+03
   3.7694500e+02  -1.3903798e+03
   3.7696750e+02  -1.3914192e+03
   3.7699000e+02  -1.3929205e+03
   3.7702500e+02  -1.3953154e+03
   3.7704750e+02  -1.3950274e+03
   3.7707000e+02  -1.3961279e+03
   3.7709250e+02  -1.3968515e+03
   3.7711500e+02  -1.3984809e+03
   3.7713750e+02  -1.3985628e+03
   3.7716000e+02  -1.3991953e+03
   3.7718250e+02  -1.3993311e+03
   3.7720500e+02  -1.4014588e+03
   3.7722750e+02  -1.4028461e+03
   3.7725000e+02  -1.4044508e+03
   3.7727500e+02  -1.4049938e+03
   3.7729750e+02  -1.4049548e+03
   3.7732000e+02  -1.4059907e+03
   3.7734250e+02  -1.4054651e+03
   3.7736500e+02  -1.4047004e+03
   3.7738750e+02  -1.4033339e+03
   3.7741000e+02  -1.4037830e+03
   3.7743250e+02  -1.4042955e+03
   3.7745500e+02  -1.4061832e+03
   3.7747750e+02  -1.4068346e+03
   3.7750000e+02  -1.4087683e+03
   3.7752500e+02  -1.4109046e+03
   3.7754750e+02  -1.4126601e+03
   3.7757000e+02  -1.4145391e+03
   3.7759250e+02  -1.4137216e+03
   3.7761500e+02  -1.4130889e+03
   3.7763750e+02  -1.4121281e+03
   3.7766000e+02  -1.4126414e+03
   3.7768250e+02  -1.4123506e+03
   3.7770500e+02  -1.4129346e+03
   3.7772750e+02  -1.4130417e+03
   3.7775000e+02  -1.4146639e+03
   3.7777500e+02  -1.4164084e+03
   3.7779750e+02  -1.4174661e+03
   3.7782000e+02  -1.4185960e+03
   3.7784250e+02  -1.4187580e+03
   3.7786500e+02  -1.4196230e+03
   3.7788750e+02  -1.4189238e+03
   3.7791000e+02  -1.4180625e+03
   3.7793250e+02  -1.4160321e+03
   3.7795500e+02  -1.4159420e+03
   3.7797750e+02  -1.4161254e+03
   3.7801250e+02  -1.4181827e+03
   3.7803500e+02  -1.4199054e+03
   3.7805750e+02  -1.4230418e+03
   3.7808000e+02  -1.4256924e+03
   3.7810250e+02  -1.4288389e+03
   3.7812500e+02  -1.4295521e+03
   3.7815000e+02  -1.4292029e+03
   3.7817250e+02  -1.4286638e+03
   3.7819500e+02  -1.4272263e+03
   3.7821750e+02  -1.4268333e+03
   3.7824000e+02  -1.4251928e+03
   3.7826250e+02  -1.4256081e+03
   3.7828500e+02  -1.4271748e+03
   3.7830750e+02  -1.4307760e+03
   3.7833000e+02  -1.4327548e+03
   3.7835250e+02  -1.4341760e+03
   3.7837500e+02  -1.4329711e+03
   3.7840000e+02  -1.4315400e+03
   3.7842250e+02  -1.4309437e+03
   3.7844500e+02  -1.4297720e+03
   3.7846750e+02  -1.4291199e+03
   3.7849000e+02  -1.4280231e+03
   3.7851250e+02  -1.4293604e+03
   3.7853500e+02  -1.4311784e+03
   3.7855750e+02  -1.4340639e+03
   3.7858000e+02  -1.4345837e+03
   3.7860250e+02  -1.4341413e+03
   3.7862500e+02  -1.4322375e+03
   3.7865000e+02  -1.4308953e+03
   3.7867250e+02  -1.4306004e+03
   3.7869500e+02  -1.4292589e+03
   3.7871750e+02  -1.4296071e+03
   3.7874000e+02  -1.4306082e+03
   3.7876250e+02  -1.4335752e+03
   3.7878500e+02  -1.4353717e+03
   3.7880750e+02  -1.4365926e+03
   3.7883000e+02  -1.4351687e+03
   3.7885250e+02  -1.4342233e+03
   3.7887500e+02  -1.4324486e+03
   3.7890000e+02  -1.4311520e+03
   3.7892250e+02  -1.4308383e+03
   3.7894500e+02  -1.4303393e+03
   3.7896750e+02  -1.4321713e+03
   3.7899000e+02  -1.4339021e+03
   3.7902500e+02  -1.4381088e+03
   3.7904750e+02  -1.4385798e+03
   3.7907000e+02  -1.4376190e+03
   3.7909250e+02  -1.4345626e+03
   3.7911500e+02  -1.4324070e+03
   3.7913750e+02  -1.4294530e+03
   3.7916000e+02  -1.4272662e+03
   3.7918250e+02  -1.4244006e+03
   3.7920500e+02  -1.4234698e+03
   3.7922750e+02  -1.4228330e+03
   3.7925000e+02  -1.4236551e+03
   3.7927500e+02  -1.4232891e+03
   3.7929750e+02  -1.4218987e+03
   3.7932000e+02  -1.4214149e+03
   3.7934250e+02  -1.4200010e+03
   3.7936500e+02  -1.4190042e+03
   3.7938750e+02  -1.4170992e+03
   3.7941000e+02  -1.4165546e+03
   3.7943250e+02  -1.4157139e+03
   3.7945500e+02  -1.4159183e+03
   3.7947750e+02  -1.4146144e+03
   3.7950000e+02  -1.4140559e+03
   3.7952500e+02  -1.4125032e+03
   3.7954750e+02  -1.4108114e+03
   3.7957000e+02  -1.4100138e+03
   3.7959250e+02  -1.4090998e+03
   3.7961500e+02  -1.4099336e+03
   3.7963750e+02  -1.4101299e+03
   3.7966000e+02  -1.4109434e+03
   3.7968250e+02  -1.4104459e+03
   3.7970500e+02  -1.4105455e+03
   3.7972750e+02  -1.4098446e+03
   3.7975000e+02  -1.4096989e+03
   3.7977500e+02  -1.4085868e+03
   3.7979750e+02  -1.4072791e+03
   3.7982000e+02  -1.4074990e+03
   3.7984250e+02  -1.4078889e+03
   3.7986500e+02  -1.4098250e+03
   3.7988750e+02  -1.4104876e+03
   3.7991000e+02  -1.4110235e+03
   3.7993250e+02  -1.4099538e+03
   3.7995500e+02  -1.4092443e+03
   3.7997750e+02  -1.4075987e+03
   3.8001250e+02  -1.4063530e+03
   3.8003500e+02  -1.4057769e+03
   3.8005750e+02  -1.4085249e+03
   3.8008000e+02  -1.4122008e+03
   3.8010250e+02  -1.4172252e+03
   3.8012500e+02  -1.4206039e+03
   3.8015000e+02  -1.4230080e+03
   3.8017250e+02  -1.4244516e+03
   3.8019500e+02  -1.4242965e+03
   3.8021750e+02  -1.4237671e+03
   3.8024000e+02  -1.4212033e+03
   3.8026250e+02  -1.4202506e+03
   3.8028500e+02  -1.4206443e+03
   3.8030750e+02  -1.4240549e+03
   3.8033000e+02  -1.4272117e+03
   3.8035250e+02  -1.4304326e+03
   3.8037500e+02  -1.4313618e+03
   3.8040000e+02  -1.4315440e+03
   3.8042250e+02  -1.4313443e+03
   3.8044500e+02  -1.4299569e+03
   3.8046750e+02  -1.4296403e+03
   3.8049000e+02  -1.4288825e+03
   3.8051250e+02  -1.4301959e+03
   3.8053500e+02  -1.4318283e+03
   3.8055750e+02  -1.4344930e+03
   3.8058000e+02  -1.4354447e+03
   3.8060250e+02  -1.4362486e+03
   3.8062500e+02  -1.4355464e+03
   3.8065000e+02  -1.4351758e+03
   3.8067250e+02  -1.4352322e+03
   3.8069500e+02  -1.4342668e+03
   3.8071750e+02  -1.4355292e+03
   3.8074000e+02  -1.4374707e+03
   3.8076250e+02  -1.4414191e+03
   3.8078500e+02  -1.4442495e+03
   3.8080750e+02  -1.4469650e+03
   3.8083000e+02  -1.4472159e+03
   3.8085250e+02  -1.4472384e+03
   3.8087500e+02  -1.4458976e+03
   3.8090000e+02  -1.4445613e+03
   3.8092250e+02  -1.4438687e+03
   3.8094500e+02  -1.4429442e+03
   3.8096750e+02  -1.4439942e+03
   3.8099000e+02  -1.4444614e+03
   3.8102500e+02  -1.4461195e+03
   3.8104750e+02  -1.4459953e+03
   3.8107000e+02  -1.4462458e+03
   3.8109250e+02  -1.4454946e+03
   3.8111500e+02  -1.4448242e+03
   3.8113750e+02  -1.4427471e+03
   3.8116000e+02  -1.4416983e+03
   3.8118250e+02  -1.4402505e+03
   3.8120500e+02  -1.4406849e+03
   3.8122750e+02  -1.4406094e+03
   3.8125000e+02  -1.4412255e+03
   3.8127500e+02  -1.4406501e+03
   3.8129750e+02  -1.4399103e+03
   3.8132000e+02  -1.4413900e+03
   3.8134250e+02  -1.4426691e+03
   3.8136500e+02  -1.4446741e+03
   3.8138750e+02  -1.4455432e+03
   3.8141000e+02  -1.4475171e+03
   3.8143250e+02  -1.4482173e+03
   3.8145500e+02  -1.4491167e+03
   3.8147750e+02  -1.4482853e+03
   3.8150000e+02  -1.4477017e+03
   3.8152500e+02  -1.4462826e+03
   3.8154750e+02  -1.4451554e+03
   3.8157000e+02  -1.4453672e+03
   3.8159250e+02  -1.4455795e+03
   3.8161500e+02  -1.4474234e+03
   3.8163750e+02  -1.4480270e+03
   3.8166000e+02  -1.4494082e+03
   3.8168250e+02  -1.4490269e+03
   3.8170500e+02  -1.4481902e+03
   3.8172750e+02  -1.4449944e+03
   3.8175000e+02  -1.4423409e+03
   3.8177500e+02  -1.4399649e+03
   3.8179750e+02  -1.4385478e+03
   3.8182000e+02  -1.4393534e+03
   3.8184250e+02  -1.4399826e+03
   3.8186500e+02  -1.4415693e+03
   3.8188750e+02  -1.4416110e+03
   3.8191000e+02  -1.4422677e+03
   3.8193250e+02  -1.4415003e+03
   3.8195500e+02  -1.4404764e+03
   3.8197750e+02  -1.4376857e+03
   3.8201250e+02  -1.4356408e+03
   3.8203500e+02  -1.4348754e+03
   3.8205750e+02  -1.4355321e+03
   3.8208000e+02  -1.4355264e+03
   3.8210250e+02  -1.4360552e+03
   3.8212500e+02  -1.4341810e+03
   3.8215000e+02  -1.4303649e+03
   3.8217250e+02  -1.4261850e+03
   3.8219500e+02  -1.4210321e+03
   3.8221750e+02  -1.4180757e+03
   3.8224000e+02  -1.4152824e+03
   3.8226250e+02  -1.4152117e+03
   3.8228500e+02  -1.4163912e+03
   3.8230750e+02  -1.4201296e+03
   3.8233000e+02  -1.4232513e+03
   3.8235250e+02  -1.4256819e+03
   3.8237500e+02  -1.4256452e+03
   3.8240000e+02  -1.4249921e+03
   3.8242250e+02  -1.4240013e+03
   3.8244500e+02  -1.4216988e+03
   3.8246750e+02  -1.4201975e+03
   3.8249000e+02  -1.4186769e+03
   3.8251250e+02  -1.4204102e+03
   3.8253500e+02  -1.4231625e+03
   3.8255750e+02  -1.4268806e+03
   3.8258000e+02  -1.4277618e+03
   3.8260250e+02  -1.4273308e+03
   3.8262500e+02  -1.4250078e+03
   3.8265000e+02  -1.4228260e+03
   3.8267250e+02  -1.4214949e+03
   3.8269500e+02  -1.4190066e+03
   3.8271750e+02  -1.4183733e+03
   3.8274000e+02  -1.4191275e+03
   3.8276250e+02  -1.4226670e+03
   3.8278500e+02  -1.4254455e+03
   3.8280750e+02  -1.4276601e+03
   3.8283000e+02  -1.4264087e+03
   3.8285250e+02  -1.4243707e+03
   3.8287500e+02  -1.4214646e+03
   3.8290000e+02  -1.4184156e+03
   3.8292250e+02  -1.4157019e+03
   3.8294500e+02  -1.4127723e+03
   3.8296750e+02  -1.4136710e+03
   3.8299000e+02  -1.4163070e+03
   3.8302500e+02  -1.4214387e+03
   3.8304750e+02  -1.4218188e+03
   3.8307000e+02  -1.4220704e+03
   3.8309250e+02  -1.4212898e+03
   3.8311500e+02  -1.4214964e+03
   3.8313750e+02  -1.4200920e+03
   3.8316000e+02  -1.4187715e+03
   3.8318250e+02  -1.4168669e+03
   3.8320500e+02  -1.4177725e+03
   3.8322750e+02  -1.4195270e+03
   3.8325000e+02  -1.4222802e+03
   3.8327500e+02  -1.4231200e+03
   3.8329750e+02  -1.4219101e+03
   3.8332000e+02  -1.4209172e+03
   3.8334250e+02  -1.4194989e+03
   3.8336500e+02  -1.4190781e+03
   3.8338750e+02  -1.4174375e+03
   3.8341000e+02  -1.4170975e+03
   3.8343250e+02  -1.4171132e+03
   3.8345500e+02  -1.4189154e+03
   3.8347750e+02  -1.4199584e+03
   3.8350000e+02  -1.4207456e+03
   3.8352500e+02  -1.4198271e+03
   3.8354750e+02  -1.4180769e+03
   3.8357000e+02  -1.4178337e+03
   3.8359250e+02  -1.4171582e+03
   3.8361500e+02  -1.4172313e+03
   3.8363750e+02  -1.4159876e+03
   3.8366000e+02  -1.4161752e+03
   3.8368250e+02  -1.4172203e+03
   3.8370500e+02  -1.4196429e+03
   3.8372750e+02  -1.4202418e+03
   3.8375000e+02  -1.4201267e+03
   3.8377500e+02  -1.4189219e+03
   3.8379750e+02  -1.4174063e+03
   3.8382000e+02  -1.4175027e+03
   3.8384250e+02  -1.4171211e+03
   3.8386500e+02  -1.4173794e+03
   3.8388750e+02  -1.4159056e+03
   3.8391000e+02  -1.4153518e+03
   3.8393250e+02  -1.4141097e+03
   3.8395500e+02  -1.4139561e+03
   3.8397750e+02  -1.4125782e+03
   3.8401250e+02  -1.4113953e+03
   3.8403500e+02  -1.4110046e+03
   3.8405750e+02  -1.4129491e+03
   3.8408000e+02  -1.4141856e+03
   3.8410250e+02  -1.4157227e+03
   3.8412500e+02  -1.4159679e+03
   3.8415000e+02  -1.4170965e+03
   3.8417250e+02  -1.4190140e+03
   3.8419500e+02  -1.4191512e+03
   3.8421750e+02  -1.4186357e+03
   3.8424000e+02  -1.4166710e+03
   3.8426250e+02  -1.4175027e+03
   3.8428500e+02  -1.4194513e+03
   3.8430750e+02  -1.4218254e+03
   3.8433000e+02  -1.4211827e+03
   3.8435250e+02  -1.4205500e+03
   3.8437500e+02  -1.4192340e+03
   3.8440000e+02  -1.4182589e+03
   3.8442250e+02  -1.4171060e+03
   3.8444500e+02  -1.4147550e+03
   3.8446750e+02  -1.4138708e+03
   3.8449000e+02  -1.4135230e+03
   3.8451250e+02  -1.4160253e+03
   3.8453500e+02  -1.4182926e+03
   3.8455750e+02  -1.4204328e+03
   3.8458000e+02  -1.4206727e+03
   3.8460250e+02  -1.4213485e+03
   3.8462500e+02  -1.4210943e+03
   3.8465000e+02  -1.4201233e+03
   3.8467250e+02  -1.4190498e+03
   3.8469500e+02  -1.4175726e+03
   3.8471750e+02  -1.4185189e+03
   3.8474000e+02  -1.4208818e+03
   3.8476250e+02  -1.4249704e+03
   3.8478500e+02  -1.4269181e+03
   3.8480750e+02  -1.4278714e+03
   3.8483000e+02  -1.4268972e+03
   3.8485250e+02  -1.4266069e+03
   3.8487500e+02  -1.4248001e+03
   3.8490000e+02  -1.4227146e+03
   3.8492250e+02  -1.4214620e+03
   3.8494500e+02  -1.4204875e+03
   3.8496750e+02  -1.4223135e+03
   3.8499000e+02  -1.4244611e+03
   3.8502500e+02  -1.4279661e+03
   3.8504750e+02  -1.4283504e+03
   3.8507000e+02  -1.4288444e+03
   3.8509250e+02  -1.4279736e+03
   3.8511500e+02  -1.4276495e+03
   3.8513750e+02  -1.4264424e+03
   3.8516000e+02  -1.4272537e+03
   3.8518250e+02  -1.4283708e+03
   3.8520500e+02  -1.4312122e+03
   3.8522750e+02  -1.4328619e+03
   3.8525000e+02  -1.4346784e+03
   3.8527500e+02  -1.4348420e+03
   3.8529750e+02  -1.4328798e+03
   3.8532000e+02  -1.4308346e+03
   3.8534250e+02  -1.4279573e+03
   3.8536500e+02  -1.4266342e+03
   3.8538750e+02  -1.4246419e+03
   3.8541000e+02  -1.4241923e+03
   3.8543250e+02  -1.4237996e+03
   3.8545500e+02  -1.4249788e+03
   3.8547750e+02  -1.4255966e+03
   3.8550000e+02  -1.4265881e+03
   3.8552500e+02  -1.4251266e+03
   3.8554750e+02  -1.4223480e+03
   3.8557000e+02  -1.4215199e+03
   3.8559250e+02  -1.4212979e+03
   3.8561500e+02  -1.4227160e+03
   3.8563750e+02  -1.4238686e+03
   3.8566000e+02  -1.4259583e+03
   3.8568250e+02  -1.4270919e+03
   3.8570500e+02  -1.4294383e+03
   3.8572750e+02  -1.4299847e+03
   3.8575000e+02  -1.4296235e+03
   3.8577500e+02  -1.4272911e+03
   3.8579750e+02  -1.4252870e+03
   3.8582000e+02  -1.4253777e+03
   3.8584250e+02  -1.4253359e+03
   3.8586500e+02  -1.4262117e+03
   3.8588750e+02  -1.4266913e+03
   3.8591000e+02  -1.4290348e+03
   3.8593250e+02  -1.4301758e+03
   3.8595500e+02  -1.4308797e+03
   3.8597750e+02  -1.4292384e+03
   3.8601250e+02  -1.4270214e+03
   3.8603500e+02  -1.4266146e+03
   3.8605750e+02  -1.4289152e+03
   3.8608000e+02  -1.4309258e+03
   3.8610250e+02  -1.4337448e+03
   3.8612500e+02  -1.4358170e+03
   3.8615000e+02  -1.4396622e+03
   3.8617250e+02  -1.4431189e+03
   3.8619500e+02  -1.4437625e+03
   3.8621750e+02  -1.4436043e+03
   3.8624000e+02  -1.4420845e+03
   3.8626250e+02  -1.4424617e+03
   3.8628500e+02  -1.4427203e+03
   3.8630750e+02  -1.4439556e+03
   3.8633000e+02  -1.4440075e+03
   3.8635250e+02  -1.4447546e+03
   3.8637500e+02  -1.4447567e+03
   3.8640000e+02  -1.4449498e+03
   3.8642250e+02  -1.4444160e+03
   3.8644500e+02  -1.4422643e+03
   3.8646750e+02  -1.4413250e+03
   3.8649000e+02  -1.4408854e+03
   3.8651250e+02  -1.4424257e+03
   3.8653500e+02  -1.4433316e+03
   3.8655750e+02  -1.4443864e+03
   3.8658000e+02  -1.4438917e+03
   3.8660250e+02  -1.4442991e+03
   3.8662500e+02  -1.4433133e+03
   3.8665000e+02  -1.4421711e+03
   3.8667250e+02  -1.4410995e+03
   3.8669500e+02  -1.4393714e+03
   3.8671750e+02  -1.4393328e+03
   3.8674000e+02  -1.4395494e+03
   3.8676250e+02  -1.4416082e+03
   3.8678500e+02  -1.4426776e+03
   3.8680750e+02  -1.4432239e+03
   3.8683000e+02  -1.4414924e+03
   3.8685250e+02  -1.4403509e+03
   3.8687500e+02  -1.4386623e+03
   3.8690000e+02  -1.4378487e+03
   3.8692250e+02  -1.4379961e+03
   3.8694500e+02  -1.4380730e+03
   3.8696750e+02  -1.4402647e+03
   3.8699000e+02  -1.4426856e+03
   3.8702500e+02  -1.4468808e+03
   3.8704750e+02  -1.4468435e+03
   3.8707000e+02  -1.4463965e+03
   3.8709250e+02  -1.4448826e+03
   3.8711500e+02  -1.4445709e+03
   3.8713750e+02  -1.4437878e+03
   3.8716000e+02  -1.4442032e+03
   3.8718250e+02  -1.4451311e+03
   3.8720500e+02  -1.4491401e+03
   3.8722750e+02  -1.4533383e+03
   3.8725000e+02  -1.4576267e+03
   3.8727500e+02  -1.4599881e+03
   3.8729750e+02  -1.4599004e+03
   3.8732000e+02  -1.4593413e+03
   3.8734250e+02  -1.4573365e+03
   3.8736500e+02  -1.4561360e+03
   3.8738750e+02  -1.4537820e+03
   3.8741000e+02  -1.4529806e+03
   3.8743250e+02  -1.4528699e+03
   3.8745500e+02  -1.4554683e+03
   3.8747750e+02  -1.4578145e+03
   3.8750000e+02  -1.4608003e+03
   3.8752500e+02  -1.4627292e+03
   3.8754750e+02  -1.4632645e+03
   3.8757000e+02  -1.4637827e+03
   3.8759250e+02  -1.4624896e+03
   3.8761500e+02  -1.4616854e+03
   3.8763750e+02  -1.4599671e+03
   3.8766000e+02  -1.4600443e+03
   3.8768250e+02  -1.4601051e+03
   3.8770500e+02  -1.4607350e+03
   3.8772750e+02  -1.4598093e+03
   3.8775000e+02  -1.4595076e+03
   3.8777500e+02  -1.4592956e+03
   3.8779750e+02  -1.4585724e+03
   3.8782000e+02  -1.4578340e+03
   3.8784250e+02  -1.4554562e+03
   3.8786500e+02  -1.4546287e+03
   3.8788750e+02  -1.4536204e+03
   3.8791000e+02  -1.4539601e+03
   3.8793250e+02  -1.4531541e+03
   3.8795500e+02  -1.4534638e+03
   3.8797750e+02  -1.4530995e+03
   3.8801250e+02  -1.4547274e+03
   3.8803500e+02  -1.4549799e+03
   3.8805750e+02  -1.4556996e+03
   3.8808000e+02  -1.4549656e+03
   3.8810250e+02  -1.4550073e+03
   3.8812500e+02  -1.4541339e+03
   3.8815000e+02  -1.4522758e+03
   3.8817250e+02  -1.4502337e+03
   3.8819500e+02  -1.4475262e+03
   3.8821750e+02  -1.4471636e+03
   3.8824000e+02  -1.4473454e+03
   3.8826250e+02  -1.4488534e+03
   3.8828500e+02  -1.4495300e+03
   3.8830750e+02  -1.4510763e+03
   3.8833000e+02  -1.4512722e+03
   3.8835250e+02  -1.4517368e+03
   3.8837500e+02  -1.4501157e+03
   3.8840000e+02  -1.4475219e+03
   3.8842250e+02  -1.4453688e+03
   3.8844500e+02  -1.4428277e+03
   3.8846750e+02  -1.4425745e+03
   3.8849000e+02  -1.4427959e+03
   3.8851250e+02  -1.4450456e+03
   3.8853500e+02  -1.4473578e+03
   3.8855750e+02  -1.4505609e+03
   3.8858000e+02  -1.4514815e+03
   3.8860250e+02  -1.4511527e+03
   3.8862500e+02  -1.4485975e+03
   3.8865000e+02  -1.4458739e+03
   3.8867250e+02  -1.4441216e+03
   3.8869500e+02  -1.4418528e+03
   3.8871750e+02  -1.4414929e+03
   3.8874000e+02  -1.4418795e+03
   3.8876250e+02  -1.4449227e+03
   3.8878500e+02  -1.4470718e+03
   3.8880750e+02  -1.4488392e+03
   3.8883000e+02  -1.4481955e+03
   3.8885250e+02  -1.4477829e+03
   3.8887500e+02  -1.4456774e+03
   3.8890000e+02  -1.4433586e+03
   3.8892250e+02  -1.4418090e+03
   3.8894500e+02  -1.4410329e+03
   3.8896750e+02  -1.4425677e+03
   3.8899000e+02  -1.4441607e+03
   3.8902500e+02  -1.4465623e+03
   3.8904750e+02  -1.4464590e+03
   3.8907000e+02  -1.4460354e+03
   3.8909250e+02  -1.4439713e+03
   3.8911500e+02  -1.4424302e+03
   3.8913750e+02  -1.4406568e+03
   3.8916000e+02  -1.4408589e+03
   3.8918250e+02  -1.4412316e+03
   3.8920500e+02  -1.4438331e+03
   3.8922750e+02  -1.4465580e+03
   3.8925000e+02  -1.4504383e+03
   3.8927500e+02  -1.4536876e+03
   3.8929750e+02  -1.4544393e+03
   3.8932000e+02  -1.4538953e+03
   3.8934250e+02  -1.4507860e+03
   3.8936500e+02  -1.4488808e+03
   3.8938750e+02  -1.4471301e+03
   3.8941000e+02  -1.4469954e+03
   3.8943250e+02  -1.4461433e+03
   3.8945500e+02  -1.4471284e+03
   3.8947750e+02  -1.4485094e+03
   3.8950000e+02  -1.4515101e+03
   3.8952500e+02  -1.4530277e+03
   3.8954750e+02  -1.4518100e+03
   3.8957000e+02  -1.4502085e+03
   3.8959250e+02  -1.4480750e+03
   3.8961500e+02  -1.4479039e+03
   3.8963750e+02  -1.4470735e+03
   3.8966000e+02  -1.4467554e+03
   3.8968250e+02  -1.4463096e+03
   3.8970500e+02  -1.4483916e+03
   3.8972750e+02  -1.4507459e+03
   3.8975000e+02  -1.4530750e+03
   3.8977500e+02  -1.4523515e+03
   3.8979750e+02  -1.4504287e+03
   3.8982000e+02  -1.4499789e+03
   3.8984250e+02  -1.4499173e+03
   3.8986500e+02  -1.4509834e+03
   3.8988750e+02  -1.4501728e+03
   3.8991000e+02  -1.4504552e+03
   3.8993250e+02  -1.4514283e+03
   3.8995500e+02  -1.4548137e+03
   3.8997750e+02  -1.4568202e+03
   3.9001250e+02  -1.4576449e+03
   3.9003500e+02  -1.4564373e+03
   3.9005750e+02  -1.4558709e+03
   3.9008000e+02  -1.4542168e+03
   3.9010250e+02  -1.4518387e+03
   3.9012500e+02  -1.4470681e+03
   3.9015000e+02  -1.4432440e+03
   3.9017250e+02  -1.4426885e+03
   3.9019500e+02  -1.4421504e+03
   3.9021750e+02  -1.4421835e+03
   3.9024000e+02  -1.4413672e+03
   3.9026250e+02  -1.4419055e+03
   3.9028500e+02  -1.4422607e+03
   3.9030750e+02  -1.4435501e+03
   3.9033000e+02  -1.4421914e+03
   3.9035250e+02  -1.4399923e+03
   3.9037500e+02  -1.4370922e+03
   3.9040000e+02  -1.4357850e+03
   3.9042250e+02  -1.4362333e+03
   3.9044500e+02  -1.4354597e+03
   3.9046750e+02  -1.4357460e+03
   3.9049000e+02  -1.4365857e+03
   3.9051250e+02  -1.4394481e+03
   3.9053500e+02  -1.4416028e+03
   3.9055750e+02  -1.4430391e+03
   3.9058000e+02  -1.4416782e+03
   3.9060250e+02  -1.4401689e+03
   3.9062500e+02  -1.4373497e+03
   3.9065000e+02  -1.4345955e+03
   3.9067250e+02  -1.4325486e+03
   3.9069500e+02  -1.4300165e+03
   3.9071750e+02  -1.4303196e+03
   3.9074000e+02  -1.4317582e+03
   3.9076250e+02  -1.4351344e+03
   3.9078500e+02  -1.4371259e+03
   3.9080750e+02  -1.4383590e+03
   3.9083000e+02  -1.4373779e+03
   3.9085250e+02  -1.4366973e+03
   3.9087500e+02  -1.4346087e+03
   3.9090000e+02  -1.4326367e+03
   3.9092250e+02  -1.4318559e+03
   3.9094500e+02  -1.4317622e+03
   3.9096750e+02  -1.4344080e+03
   3.9099000e+02  -1.4377564e+03
   3.9102500e+02  -1.4440173e+03
   3.9104750e+02  -1.4458017e+03
   3.9107000e+02  -1.4465817e+03
   3.9109250e+02  -1.4446599e+03
   3.9111500e+02  -1.4425052e+03
   3.9113750e+02  -1.4392122e+03
   3.9116000e+02  -1.4373078e+03
   3.9118250e+02  -1.4358173e+03
   3.9120500e+02  -1.4367702e+03
   3.9122750e+02  -1.4387729e+03
   3.9125000e+02  -1.4425100e+03
   3.9127500e+02  -1.4447904e+03
   3.9129750e+02  -1.4444793e+03
   3.9132000e+02  -1.4437499e+03
   3.9134250e+02  -1.4413838e+03
   3.9136500e+02  -1.4398324e+03
   3.9138750e+02  -1.4368846e+03
   3.9141000e+02  -1.4349154e+03
   3.9143250e+02  -1.4338482e+03
   3.9145500e+02  -1.4362946e+03
   3.9147750e+02  -1.4391596e+03
   3.9150000e+02  -1.4418780e+03
   3.9152500e+02  -1.4433051e+03
   3.9154750e+02  -1.4436079e+03
   3.9157000e+02  -1.4444548e+03
   3.9159250e+02  -1.4432861e+03
   3.9161500e+02  -1.4420481e+03
   3.9163750e+02  -1.4399823e+03
   3.9166000e+02  -1.4393592e+03
   3.9168250e+02  -1.4385866e+03
   3.9170500e+02  -1.4393344e+03
   3.9172750e+02  -1.4387502e+03
   3.9175000e+02  -1.4385231e+03
   3.9177500e+02  -1.4381849e+03
   3.9179750e+02  -1.4376902e+03
   3.9182000e+02  -1.4375520e+03
   3.9184250e+02  -1.4361981e+03
   3.9186500e+02  -1.4361686e+03
   3.9188750e+02  -1.4360369e+03
   3.9191000e+02  -1.4369202e+03
   3.9193250e+02  -1.4368918e+03
   3.9195500e+02  -1.4374755e+03
   3.9197750e+02  -1.4368860e+03
   3.9201250e+02  -1.4373573e+03
   3.9203500e+02  -1.4376183e+03
   3.9205750e+02  -1.4398405e+03
   3.9208000e+02  -1.4413062e+03
   3.9210250e+02  -1.4436836e+03
   3.9212500e+02  -1.4447960e+03
   3.9215000e+02  -1.4459020e+03
   3.9217250e+02  -1.4466373e+03
   3.9219500e+02  -1.4457604e+03
   3.9221750e+02  -1.4456574e+03
   3.9224000e+02  -1.4450045e+03
   3.9226250e+02  -1.4461873e+03
   3.9228500e+02  -1.4468048e+03
   3.9230750e+02  -1.4492161e+03
   3.9233000e+02  -1.4513548e+03
   3.9235250e+02  -1.4541401e+03
   3.9237500e+02  -1.4542874e+03
   3.9240000e+02  -1.4536748e+03
   3.9242250e+02  -1.4531025e+03
   3.9244500e+02  -1.4513222e+03
   3.9246750e+02  -1.4508991e+03
   3.9249000e+02  -1.4503821e+03
   3.9251250e+02  -1.4522885e+03
   3.9253500e+02  -1.4546811e+03
   3.9255750e+02  -1.4584673e+03
   3.9258000e+02  -1.4604502e+03
   3.9260250e+02  -1.4617327e+03
   3.9262500e+02  -1.4607167e+03
   3.9265000e+02  -1.4599769e+03
   3.9267250e+02  -1.4594233e+03
   3.9269500e+02  -1.4576561e+03
   3.9271750e+02  -1.4571300e+03
   3.9274000e+02  -1.4572545e+03
   3.9276250e+02  -1.4602557e+03
   3.9278500e+02  -1.4627727e+03
   3.9280750e+02  -1.4650487e+03
   3.9283000e+02  -1.4645724e+03
   3.9285250e+02  -1.4642935e+03
   3.9287500e+02  -1.4632251e+03
   3.9290000e+02  -1.4624323e+03
   3.9292250e+02  -1.4616731e+03
   3.9294500e+02  -1.4601284e+03
   3.9296750e+02  -1.4614494e+03
   3.9299000e+02  -1.4643967e+03
   3.9302500e+02  -1.4695583e+03
   3.9304750e+02  -1.4695377e+03
   3.9307000e+02  -1.4675288e+03
   3.9309250e+02  -1.4635061e+03
   3.9311500e+02  -1.4605779e+03
   3.9313750e+02  -1.4560264e+03
   3.9316000e+02  -1.4519034e+03
   3.9318250e+02  -1.4480980e+03
   3.9320500e+02  -1.4483045e+03
   3.9322750e+02  -1.4506147e+03
   3.9325000e+02  -1.4545336e+03
   3.9327500e+02  -1.4563041e+03
   3.9329750e+02  -1.4557973e+03
   3.9332000e+02  -1.4557973e+03
   3.9334250e+02  -1.4546765e+03
   3.9336500e+02  -1.4537803e+03
   3.9338750e+02  -1.4509367e+03
   3.9341000e+02  -1.4487483e+03
   3.9343250e+02  -1.4475869e+03
   3.9345500e+02  -1.4500073e+03
   3.9347750e+02  -1.4514074e+03
   3.9350000e+02  -1.4519700e+03
   3.9352500e+02  -1.4505744e+03
   3.9354750e+02  -1.4488063e+03
   3.9357000e+02  -1.4480940e+03
   3.9359250e+02  -1.4464478e+03
   3.9361500e+02  -1.4454364e+03
   3.9363750e+02  -1.4434713e+03
   3.9366000e+02  -1.4433420e+03
   3.9368250e+02  -1.4435132e+03
   3.9370500e+02  -1.4449617e+03
   3.9372750e+02  -1.4445606e+03
   3.9375000e+02  -1.4444271e+03
   3.9377500e+02  -1.4433054e+03
   3.9379750e+02  -1.4417761e+03
   3.9382000e+02  -1.4413090e+03
   3.9384250e+02  -1.4399112e+03
   3.9386500e+02  -1.4396200e+03
   3.9388750e+02  -1.4387193e+03
   3.9391000e+02  -1.4392801e+03
   3.9393250e+02  -1.4394708e+03
   3.9395500e+02  -1.4400792e+03
   3.9397750e+02  -1.4389670e+03
   3.9401250e+02  -1.4374069e+03
   3.9403500e+02  -1.4358637e+03
   3.9405750e+02  -1.4358980e+03
   3.9408000e+02  -1.4348638e+03
   3.9410250e+02  -1.4340886e+03
   3.9412500e+02  -1.4318947e+03
   3.9415000e+02  -1.4297737e+03
   3.9417250e+02  -1.4288863e+03
   3.9419500e+02  -1.4270550e+03
   3.9421750e+02  -1.4263156e+03
   3.9424000e+02  -1.4248593e+03
   3.9426250e+02  -1.4254250e+03
   3.9428500e+02  -1.4259407e+03
   3.9430750e+02  -1.4285040e+03
   3.9433000e+02  -1.4304609e+03
   3.9435250e+02  -1.4319870e+03
   3.9437500e+02  -1.4309300e+03
   3.9440000e+02  -1.4301484e+03
   3.9442250e+02  -1.4299682e+03
   3.9444500e+02  -1.4280811e+03
   3.9446750e+02  -1.4265458e+03
   3.9449000e+02  -1.4247803e+03
   3.9451250e+02  -1.4262815e+03
   3.9453500e+02  -1.4287889e+03
   3.9455750e+02  -1.4317485e+03
   3.9458000e+02  -1.4317644e+03
   3.9460250e+02  -1.4317166e+03
   3.9462500e+02  -1.4311323e+03
   3.9465000e+02  -1.4308851e+03
   3.9467250e+02  -1.4301126e+03
   3.9469500e+02  -1.4273647e+03
   3.9471750e+02  -1.4261558e+03
   3.9474000e+02  -1.4265101e+03
   3.9476250e+02  -1.4298973e+03
   3.9478500e+02  -1.4322250e+03
   3.9480750e+02  -1.4338929e+03
   3.9483000e+02  -1.4336707e+03
   3.9485250e+02  -1.4344828e+03
   3.9487500e+02  -1.4340997e+03
   3.9490000e+02  -1.4330133e+03
   3.9492250e+02  -1.4311780e+03
   3.9494500e+02  -1.4290266e+03
   3.9496750e+02  -1.4302334e+03
   3.9499000e+02  -1.4325515e+03
   3.9502500e+02  -1.4358697e+03
   3.9504750e+02  -1.4351856e+03
   3.9507000e+02  -1.4350453e+03
   3.9509250e+02  -1.4342082e+03
   3.9511500e+02  -1.4342564e+03
   3.9513750e+02  -1.4324925e+03
   3.9516000e+02  -1.4300234e+03
   3.9518250e+02  -1.4274169e+03
   3.9520500e+02  -1.4283085e+03
   3.9522750e+02  -1.4301428e+03
   3.9525000e+02  -1.4324878e+03
   3.9527500e+02  -1.4330235e+03
   3.9529750e+02  -1.4325354e+03
   3.9532000e+02  -1.4333855e+03
   3.9534250e+02  -1.4333425e+03
   3.9536500e+02  -1.4333230e+03
   3.9538750e+02  -1.4316824e+03
   3.9541000e+02  -1.4312657e+03
   3.9543250e+02  -1.4310495e+03
   3.9545500e+02  -1.4324461e+03
   3.9547750e+02  -1.4327847e+03
   3.9550000e+02  -1.4332127e+03
   3.9552500e+02  -1.4325486e+03
   3.9554750e+02  -1.4323917e+03
   3.9557000e+02  -1.4339044e+03
   3.9559250e+02  -1.4341587e+03
   3.9561500e+02  -1.4345161e+03
   3.9563750e+02  -1.4335118e+03
   3.9566000e+02  -1.4343782e+03
   3.9568250e+02  -1.4348844e+03
   3.9570500e+02  -1.4361165e+03
   3.9572750e+02  -1.4356495e+03
   3.9575000e+02  -1.4347969e+03
   3.9577500e+02  -1.4330337e+03
   3.9579750e+02  -1.4312382e+03
   3.9582000e+02  -1.4311977e+03
   3.9584250e+02  -1.4308143e+03
   3.9586500e+02  -1.4315107e+03
   3.9588750e+02  -1.4318781e+03
   3.9591000e+02  -1.4336920e+03
   3.9593250e+02  -1.4346722e+03
   3.9595500e+02  -1.4364782e+03
   3.9597750e+02  -1.4367855e+03
   3.9601250e+02  -1.4374749e+03
   3.9603500e+02  -1.4367728e+03
   3.9605750e+02  -1.4365223e+03
   3.9608000e+02  -1.4347283e+03
   3.9610250e+02  -1.4328122e+03
   3.9612500e+02  -1.4299720e+03
   3.9615000e+02  -1.4280843e+03
   3.9617250e+02  -1.4274085e+03
   3.9619500e+02  -1.4260767e+03
   3.9621750e+02  -1.4258128e+03
   3.9624000e+02  -1.4252566e+03
   3.9626250e+02  -1.4265641e+03
   3.9628500e+02  -1.4273607e+03
   3.9630750e+02  -1.4291411e+03
   3.9633000e+02  -1.4291298e+03
   3.9635250e+02  -1.4290209e+03
   3.9637500e+02  -1.4272535e+03
   3.9640000e+02  -1.4255501e+03
   3.9642250e+02  -1.4249770e+03
   3.9644500e+02  -1.4238769e+03
   3.9646750e+02  -1.4238370e+03
   3.9649000e+02  -1.4234177e+03
   3.9651250e+02  -1.4249535e+03
   3.9653500e+02  -1.4264709e+03
   3.9655750e+02  -1.4288378e+03
   3.9658000e+02  -1.4285797e+03
   3.9660250e+02  -1.4284531e+03
   3.9662500e+02  -1.4277292e+03
   3.9665000e+02  -1.4273879e+03
   3.9667250e+02  -1.4270059e+03
   3.9669500e+02  -1.4253991e+03
   3.9671750e+02  -1.4249714e+03
   3.9674000e+02  -1.4257346e+03
   3.9676250e+02  -1.4288960e+03
   3.9678500e+02  -1.4299895e+03
   3.9680750e+02  -1.4294494e+03
   3.9683000e+02  -1.4266338e+03
   3.9685250e+02  -1.4251588e+03
   3.9687500e+02  -1.4238128e+03
   3.9690000e+02  -1.4222506e+03
   3.9692250e+02  -1.4202820e+03
   3.9694500e+02  -1.4180673e+03
   3.9696750e+02  -1.4191731e+03
   3.9699000e+02  -1.4211437e+03
   3.9702500e+02  -1.4242316e+03
   3.9704750e+02  -1.4222745e+03
   3.9707000e+02  -1.4195245e+03
   3.9709250e+02  -1.4161310e+03
   3.9711500e+02  -1.4137792e+03
   3.9713750e+02  -1.4101622e+03
   3.9716000e+02  -1.4069555e+03
   3.9718250e+02  -1.4042045e+03
   3.9720500e+02  -1.4053350e+03
   3.9722750e+02  -1.4076636e+03
   3.9725000e+02  -1.4100810e+03
   3.9727500e+02  -1.4093042e+03
   3.9729750e+02  -1.4067792e+03
   3.9732000e+02  -1.4049870e+03
   3.9734250e+02  -1.4024658e+03
   3.9736500e+02  -1.4003691e+03
   3.9738750e+02  -1.3966117e+03
   3.9741000e+02  -1.3943346e+03
   3.9743250e+02  -1.3936339e+03
   3.9745500e+02  -1.3961234e+03
   3.9747750e+02  -1.3978532e+03
   3.9750000e+02  -1.3985683e+03
   3.9752500e+02  -1.3978127e+03
   3.9754750e+02  -1.3968139e+03
   3.9757000e+02  -1.3969570e+03
   3.9759250e+02  -1.3962184e+03
   3.9761500e+02  -1.3961407e+03
   3.9763750e+02  -1.3954948e+03
   3.9766000e+02  -1.3971150e+03
   3.9768250e+02  -1.3991693e+03
   3.9770500e+02  -1.4020241e+03
   3.9772750e+02  -1.4030341e+03
   3.9775000e+02  -1.4036432e+03
   3.9777500e+02  -1.4028190e+03
   3.9779750e+02  -1.4017189e+03
   3.9782000e+02  -1.4017939e+03
   3.9784250e+02  -1.4000767e+03
   3.9786500e+02  -1.3991370e+03
   3.9788750e+02  -1.3982134e+03
   3.9791000e+02  -1.3990650e+03
   3.9793250e+02  -1.3994820e+03
   3.9795500e+02  -1.4003300e+03
   3.9797750e+02  -1.3995275e+03
   3.9801250e+02  -1.3987106e+03
   3.9803500e+02  -1.3972348e+03
   3.9805750e+02  -1.3968722e+03
   3.9808000e+02  -1.3956234e+03
   3.9810250e+02  -1.3949935e+03
   3.9812500e+02  -1.3934531e+03
   3.9815000e+02  -1.3931107e+03
   3.9817250e+02  -1.3937012e+03
   3.9819500e+02  -1.3930124e+03
   3.9821750e+02  -1.3926804e+03
   3.9824000e+02  -1.3911990e+03
   3.9826250e+02  -1.3910826e+03
   3.9828500e+02  -1.3907138e+03
   3.9830750e+02  -1.3910485e+03
   3.9833000e+02  -1.3902441e+03
   3.9835250e+02  -1.3903928e+03
   3.9837500e+02  -1.3902839e+03
   3.9840000e+02  -1.3912726e+03
   3.9842250e+02  -1.3925208e+03
   3.9844500e+02  -1.3921302e+03
   3.9846750e+02  -1.3920369e+03
   3.9849000e+02  -1.3916478e+03
   3.9851250e+02  -1.3932479e+03
   3.9853500e+02  -1.3945185e+03
   3.9855750e+02  -1.3964890e+03
   3.9858000e+02  -1.3966350e+03
   3.9860250e+02  -1.3975910e+03
   3.9862500e+02  -1.3986833e+03
   3.9865000e+02  -1.4014216e+03
   3.9867250e+02  -1.4035307e+03
   3.9869500e+02  -1.4035485e+03
   3.9871750e+02  -1.4041435e+03
   3.9874000e+02  -1.4049152e+03
   3.9876250e+02  -1.4074246e+03
   3.9878500e+02  -1.4077917e+03
   3.9880750e+02  -1.4069751e+03
   3.9883000e+02  -1.4047626e+03
   3.9885250e+02  -1.4048009e+03
   3.9887500e+02  -1.4049550e+03
   3.9890000e+02  -1.4049469e+03
   3.9892250e+02  -1.4042670e+03
   3.9894500e+02  -1.4033915e+03
   3.9896750e+02  -1.4053344e+03
   3.9899000e+02  -1.4075066e+03
   3.9902500e+02  -1.4097093e+03
   3.9904750e+02  -1.4079970e+03
   3.9907000e+02  -1.4070015e+03
   3.9909250e+02  -1.4061417e+03
   3.9911500e+02  -1.4075622e+03
   3.9913750e+02  -1.4079530e+03
   3.9916000e+02  -1.4082584e+03
   3.9918250e+02  -1.4080670e+03
   3.9920500e+02  -1.4104589e+03
   3.9922750e+02  -1.4127678e+03
   3.9925000e+02  -1.4150825e+03
   3.9927500e+02  -1.4147084e+03
   3.9929750e+02  -1.4120013e+03
   3.9932000e+02  -1.4107231e+03
   3.9934250e+02  -1.4098292e+03
   3.9936500e+02  -1.4098233e+03
   3.9938750e+02  -1.4075682e+03
   3.9941000e+02  -1.4064537e+03
   3.9943250e+02  -1.4064902e+03
   3.9945500e+02  -1.4091495e+03
   3.9947750e+02  -1.4103706e+03
   3.9950000e+02  -1.4100110e+03
   3.9952500e+02  -1.4069468e+03
   3.9954750e+02  -1.4044318e+03
   3.9957000e+02  -1.4039390e+03
   3.9959250e+02  -1.4024776e+03
   3.9961500e+02  -1.4016156e+03
   3.9963750e+02  -1.4004043e+03
   3.9966000e+02  -1.4015519e+03
   3.9968250e+02  -1.4029906e+03
   3.9970500e+02  -1.4054947e+03
   3.9972750e+02  -1.4057540e+03
   3.9975000e+02  -1.4052853e+03
   3.9977500e+02  -1.4033748e+03
   3.9979750e+02  -1.4013301e+03
   3.9982000e+02  -1.4003932e+03
   3.9984250e+02  -1.3984888e+03
   3.9986500e+02  -1.3975345e+03
   3.9988750e+02  -1.3964902e+03
   3.9991000e+02  -1.3975684e+03
   3.9993250e+02  -1.3981093e+03
   3.9995500e+02  -1.3987737e+03
   3.9997750e+02  -1.3970355e+03
   4.0001250e+02  -1.3944616e+03
   4.0003500e+02  -1.3931061e+03
   4.0005750e+02  -1.3940551e+03
   4.0008000e+02  -1.3940815e+03
   4.0010250e+02  -1.3952051e+03
   4.0012500e+02  -1.3961939e+03
   4.0015000e+02  -1.3986551e+03
   4.0017250e+02  -1.4010301e+03
   4.0019500e+02  -1.4013033e+03
   4.0021750e+02  -1.4009846e+03
   4.0024000e+02  -1.3991429e+03
   4.0026250e+02  -1.3993657e+03
   4.0028500e+02  -1.3997805e+03
   4.0030750e+02  -1.4013994e+03
   4.0033000e+02  -1.4018279e+03
   4.0035250e+02  -1.4026241e+03
   4.0037500e+02  -1.4028237e+03
   4.0040000e+02  -1.4041736e+03
   4.0042250e+02  -1.4048712e+03
   4.0044500e+02  -1.4024321e+03
   4.0046750e+02  -1.4005969e+03
   4.0049000e+02  -1.3995968e+03
   4.0051250e+02  -1.4016281e+03
   4.0053500e+02  -1.4032765e+03
   4.0055750e+02  -1.4048460e+03
   4.0058000e+02  -1.4045413e+03
   4.0060250e+02  -1.4054352e+03
   4.0062500e+02  -1.4064772e+03
   4.0065000e+02  -1.4077452e+03
   4.0067250e+02  -1.4074435e+03
   4.0069500e+02  -1.4053008e+03
   4.0071750e+02  -1.4049432e+03
   4.0074000e+02  -1.4061619e+03
   4.0076250e+02  -1.4097004e+03
   4.0078500e+02  -1.4109036e+03
   4.0080750e+02  -1.4110883e+03
   4.0083000e+02  -1.4102580e+03
   4.0085250e+02  -1.4114433e+03
   4.0087500e+02  -1.4118294e+03
   4.0090000e+02  -1.4105103e+03
   4.0092250e+02  -1.4079063e+03
   4.0094500e+02  -1.4063980e+03
   4.0096750e+02  -1.4090736e+03
   4.0099000e+02  -1.4122548e+03
   4.0102500e+02  -1.4156544e+03
   4.0104750e+02  -1.4144056e+03
   4.0107000e+02  -1.4142541e+03
   4.0109250e+02  -1.4143191e+03
   4.0111500e+02  -1.4143218e+03
   4.0113750e+02  -1.4107102e+03
   4.0116000e+02  -1.4068021e+03
   4.0118250e+02  -1.4040287e+03
   4.0120500e+02  -1.4051575e+03
   4.0122750e+02  -1.4067696e+03
   4.0125000e+02  -1.4083611e+03
   4.0127500e+02  -1.4076570e+03
   4.0129750e+02  -1.4067181e+03
   4.0132000e+02  -1.4077883e+03
   4.0134250e+02  -1.4075260e+03
   4.0136500e+02  -1.4068648e+03
   4.0138750e+02  -1.4041442e+03
   4.0141000e+02  -1.4030257e+03
   4.0143250e+02  -1.4035819e+03
   4.0145500e+02  -1.4067237e+03
   4.0147750e+02  -1.4082777e+03
   4.0150000e+02  -1.4085605e+03
   4.0152500e+02  -1.4074472e+03
   4.0154750e+02  -1.4065540e+03
   4.0157000e+02  -1.4066560e+03
   4.0159250e+02  -1.4048426e+03
   4.0161500e+02  -1.4028608e+03
   4.0163750e+02  -1.3999539e+03
   4.0166000e+02  -1.3998086e+03
   4.0168250e+02  -1.4005467e+03
   4.0170500e+02  -1.4022958e+03
   4.0172750e+02  -1.4021180e+03
   4.0175000e+02  -1.4021661e+03
   4.0177500e+02  -1.4012920e+03
   4.0179750e+02  -1.4002399e+03
   4.0182000e+02  -1.3998184e+03
   4.0184250e+02  -1.3974551e+03
   4.0186500e+02  -1.3957946e+03
   4.0188750e+02  -1.3936940e+03
   4.0191000e+02  -1.3936493e+03
   4.0193250e+02  -1.3939637e+03
   4.0195500e+02  -1.3956693e+03
   4.0197750e+02  -1.3955733e+03
   4.0201250e+02  -1.3960219e+03
   4.0203500e+02  -1.3968054e+03
   4.0205750e+02  -1.3989324e+03
   4.0208000e+02  -1.3989010e+03
   4.0210250e+02  -1.3982553e+03
   4.0212500e+02  -1.3965456e+03
   4.0215000e+02  -1.3962799e+03
   4.0217250e+02  -1.3971187e+03
   4.0219500e+02  -1.3964852e+03
   4.0221750e+02  -1.3962859e+03
   4.0224000e+02  -1.3955188e+03
   4.0226250e+02  -1.3968444e+03
   4.0228500e+02  -1.3981052e+03
   4.0230750e+02  -1.4001630e+03
   4.0233000e+02  -1.4002752e+03
   4.0235250e+02  -1.4003618e+03
   4.0237500e+02  -1.3996576e+03
   4.0240000e+02  -1.3997342e+03
   4.0242250e+02  -1.3999877e+03
   4.0244500e+02  -1.3988273e+03
   4.0246750e+02  -1.3985182e+03
   4.0249000e+02  -1.3979064e+03
   4.0251250e+02  -1.3995145e+03
   4.0253500e+02  -1.4007660e+03
   4.0255750e+02  -1.4018082e+03
   4.0258000e+02  -1.4003897e+03
   4.0260250e+02  -1.3995970e+03
   4.0262500e+02  -1.3987144e+03
   4.0265000e+02  -1.3990213e+03
   4.0267250e+02  -1.3993507e+03
   4.0269500e+02  -1.3981599e+03
   4.0271750e+02  -1.3983509e+03
   4.0274000e+02  -1.3992541e+03
   4.0276250e+02  -1.4017495e+03
   4.0278500e+02  -1.4021088e+03
   4.0280750e+02  -1.4013339e+03
   4.0283000e+02  -1.3986532e+03
   4.0285250e+02  -1.3973718e+03
   4.0287500e+02  -1.3957159e+03
   4.0290000e+02  -1.3946307e+03
   4.0292250e+02  -1.3936781e+03
   4.0294500e+02  -1.3927927e+03
   4.0296750e+02  -1.3946888e+03
   4.0299000e+02  -1.3972927e+03
   4.0302500e+02  -1.4010998e+03
   4.0304750e+02  -1.4003468e+03
   4.0307000e+02  -1.3998346e+03
   4.0309250e+02  -1.3990427e+03
   4.0311500e+02  -1.3998230e+03
   4.0313750e+02  -1.4001634e+03
   4.0316000e+02  -1.4009658e+03
   4.0318250e+02  -1.4009118e+03
   4.0320500e+02  -1.4029864e+03
   4.0322750e+02  -1.4058180e+03
   4.0325000e+02  -1.4091627e+03
   4.0327500e+02  -1.4103788e+03
   4.0329750e+02  -1.4093298e+03
   4.0332000e+02  -1.4091128e+03
   4.0334250e+02  -1.4087038e+03
   4.0336500e+02  -1.4096364e+03
   4.0338750e+02  -1.4088566e+03
   4.0341000e+02  -1.4090728e+03
   4.0343250e+02  -1.4096576e+03
   4.0345500e+02  -1.4121221e+03
   4.0347750e+02  -1.4131880e+03
   4.0350000e+02  -1.4131116e+03
   4.0352500e+02  -1.4104211e+03
   4.0354750e+02  -1.4072352e+03
   4.0357000e+02  -1.4061621e+03
   4.0359250e+02  -1.4050888e+03
   4.0361500e+02  -1.4050496e+03
   4.0363750e+02  -1.4037249e+03
   4.0366000e+02  -1.4044116e+03
   4.0368250e+02  -1.4058433e+03
   4.0370500e+02  -1.4083807e+03
   4.0372750e+02  -1.4082703e+03
   4.0375000e+02  -1.4071239e+03
   4.0377500e+02  -1.4050503e+03
   4.0379750e+02  -1.4033860e+03
   4.0382000e+02  -1.4034754e+03
   4.0384250e+02  -1.4026438e+03
   4.0386500e+02  -1.4030492e+03
   4.0388750e+02  -1.4035475e+03
   4.0391000e+02  -1.4061840e+03
   4.0393250e+02  -1.4076945e+03
   4.0395500e+02  -1.4086423e+03
   4.0397750e+02  -1.4068469e+03
   4.0401250e+02  -1.4046575e+03
   4.0403500e+02  -1.4033454e+03
   4.0405750e+02  -1.4026248e+03
   4.0408000e+02  -1.4002668e+03
   4.0410250e+02  -1.3991106e+03
   4.0412500e+02  -1.3977695e+03
   4.0415000e+02  -1.3980900e+03
   4.0417250e+02  -1.3989792e+03
   4.0419500e+02  -1.3984832e+03
   4.0421750e+02  -1.3978852e+03
   4.0424000e+02  -1.3962195e+03
   4.0426250e+02  -1.3959251e+03
   4.0428500e+02  -1.3949624e+03
   4.0430750e+02  -1.3949450e+03
   4.0433000e+02  -1.3941808e+03
   4.0435250e+02  -1.3952040e+03
   4.0437500e+02  -1.3962461e+03
   4.0440000e+02  -1.3987383e+03
   4.0442250e+02  -1.4013956e+03
   4.0444500e+02  -1.4019772e+03
   4.0446750e+02  -1.4027272e+03
   4.0449000e+02  -1.4024858e+03
   4.0451250e+02  -1.4034980e+03
   4.0453500e+02  -1.4035743e+03
   4.0455750e+02  -1.4044528e+03
   4.0458000e+02  -1.4037408e+03
   4.0460250e+02  -1.4042729e+03
   4.0462500e+02  -1.4053557e+03
   4.0465000e+02  -1.4080796e+03
   4.0467250e+02  -1.4096996e+03
   4.0469500e+02  -1.4088280e+03
   4.0471750e+02  -1.4085186e+03
   4.0474000e+02  -1.4083659e+03
   4.0476250e+02  -1.4097133e+03
   4.0478500e+02  -1.4092262e+03
   4.0480750e+02  -1.4084981e+03
   4.0483000e+02  -1.4065615e+03
   4.0485250e+02  -1.4071082e+03
   4.0487500e+02  -1.4082539e+03
   4.0490000e+02  -1.4092309e+03
   4.0492250e+02  -1.4086944e+03
   4.0494500e+02  -1.4070974e+03
   4.0496750e+02  -1.4082023e+03
   4.0499000e+02  -1.4093829e+03
   4.0502500e+02  -1.4091290e+03
   4.0504750e+02  -1.4059231e+03
   4.0507000e+02  -1.4048188e+03
   4.0509250e+02  -1.4050130e+03
   4.0511500e+02  -1.4063464e+03
   4.0513750e+02  -1.4051657e+03
   4.0516000e+02  -1.4040287e+03
   4.0518250e+02  -1.4026693e+03
   4.0520500e+02  -1.4039387e+03
   4.0522750e+02  -1.4044600e+03
   4.0525000e+02  -1.4040053e+03
   4.0527500e+02  -1.4008357e+03
   4.0529750e+02  -1.3983667e+03
   4.0532000e+02  -1.3987482e+03
   4.0534250e+02  -1.3992395e+03
   4.0536500e+02  -1.3999388e+03
   4.0538750e+02  -1.3988657e+03
   4.0541000e+02  -1.3995001e+03
   4.0543250e+02  -1.4009324e+03
   4.0545500e+02  -1.4029700e+03
   4.0547750e+02  -1.4019072e+03
   4.0550000e+02  -1.3994782e+03
   4.0552500e+02  -1.3965525e+03
   4.0554750e+02  -1.3950259e+03
   4.0557000e+02  -1.3952986e+03
   4.0559250e+02  -1.3943492e+03
   4.0561500e+02  -1.3941577e+03
   4.0563750e+02  -1.3939396e+03
   4.0566000e+02  -1.3963912e+03
   4.0568250e+02  -1.3980233e+03
   4.0570500e+02  -1.3987077e+03
   4.0572750e+02  -1.3966035e+03
