   3.5975417e+02  -1.4841045e+03
   3.5977500e+02  -1.4841045e+03
   3.5979583e+02  -1.4841045e+03
   3.5982083e+02  -1.4841045e+03
   3.5984167e+02  -1.4841045e+03
   3.5986667e+02  -1.4841045e+03
   3.5988750e+02  -1.4841045e+03
   3.5991250e+02  -1.4841045e+03
   3.5993333e+02  -1.4841045e+03
   3.5995833e+02  -1.4841045e+03
   3.5997917e+02  -1.4841045e+03
   3.6001250e+02  -1.4839623e+03
   3.6003750e+02  -1.4828458e+03
   3.6005833e+02  -1.4807219e+03
   3.6008333e+02  -1.4777986e+03
   3.6010417e+02  -1.4743622e+03
   3.6012500e+02  -1.4707488e+03
   3.6015000e+02  -1.4673124e+03
   3.6017083e+02  -1.4643891e+03
   3.6019583e+02  -1.4622652e+03
   3.6021667e+02  -1.4611487e+03
   3.6024167e+02  -1.4610065e+03
   3.6026250e+02  -1.4610065e+03
   3.6028750e+02  -1.4610065e+03
   3.6030833e+02  -1.4610065e+03
   3.6033333e+02  -1.4610065e+03
   3.6035417e+02  -1.4610065e+03
   3.6037917e+02  -1.4610065e+03
   3.6040000e+02  -1.4610065e+03
   3.6042083e+02  -1.4610065e+03
   3.6044583e+02  -1.4610065e+03
   3.6046667e+02  -1.4610065e+03
   3.6049167e+02  -1.4610065e+03
   3.6051250e+02  -1.4610065e+03
   3.6053750e+02  -1.4610065e+03
   3.6055833e+02  -1.4610065e+03
   3.6058333e+02  -1.4610065e+03
   3.6060417e+02  -1.4610065e+03
   3.6062917e+02  -1.4610065e+03
   3.6065000e+02  -1.4610065e+03
   3.6067083e+02  -1.4610065e+03
   3.6069583e+02  -1.4610065e+03
   3.6071667e+02  -1.4610065e+03
   3.6074167e+02  -1.4610065e+03
   3.6076250e+02  -1.4610065e+03
   3.6078750e+02  -1.4610065e+03
   3.6080833e+02  -1.4610065e+03
   3.6083333e+02  -1.4610065e+03
   3.6085417e+02  -1.4610065e+03
   3.6087917e+02  -1.4610065e+03
   3.6090000e+02  -1.4610065e+03
   3.6092083e+02  -1.4610065e+03
   3.6094583e+02  -1.4610065e+03
   3.6096667e+02  -1.4610065e+03
   3.6099167e+02  -1.4610065e+03
   3.6102500e+02  -1.4607378e+03
   3.6104583e+02  -1.4599581e+03
   3.6107083e+02  -1.4587436e+03
   3.6109167e+02  -1.4572133e+03
   3.6111667e+02  -1.4555170e+03
   3.6113750e+02  -1.4538206e+03
   3.6116250e+02  -1.4522903e+03
   3.6118333e+02  -1.4510759e+03
   3.6120833e+02  -1.4502962e+03
   3.6122917e+02  -1.4500275e+03
   3.6125000e+02  -1.4500275e+03
   3.6127500e+02  -1.4500275e+03
   3.6129583e+02  -1.4500275e+03
   3.6132083e+02  -1.4500275e+03
   3.6134167e+02  -1.4500275e+03
   3.6136667e+02  -1.4500275e+03
   3.6138750e+02  -1.4500275e+03
   3.6141250e+02  -1.4500275e+03
   3.6143333e+02  -1.4500275e+03
   3.6145833e+02  -1.4500275e+03
   3.6147917e+02  -1.4500275e+03
   3.6150417e+02  -1.4500275e+03
   3.6152500e+02  -1.4500275e+03
   3.6154583e+02  -1.4500275e+03
   3.6157083e+02  -1.4500275e+03
   3.6159167e+02  -1.4500275e+03
   3.6161667e+02  -1.4500275e+03
   3.6163750e+02  -1.4500275e+03
   3.6166250e+02  -1.4500275e+03
   3.6168333e+02  -1.4500275e+03
   3.6170833e+02  -1.4500275e+03
   3.6172917e+02  -1.4500275e+03
   3.6175417e+02  -1.4500275e+03
   3.6177500e+02  -1.4500275e+03
   3.6179583e+02  -1.4500275e+03
   3.6182083e+02  -1.4500275e+03
   3.6184167e+02  -1.4500275e+03
   3.6186667e+02  -1.4500275e+03
   3.6188750e+02  -1.4500275e+03
   3.6191250e+02  -1.4500275e+03
   3.6193333e+02  -1.4500275e+03
   3.6195833e+02  -1.4500275e+03
   3.6197917e+02  -1.4500275e+03
   3.6201250e+02  -1.4499480e+03
   3.6203750e+02  -1.4493238e+03
   3.6205833e+02  -1.4481365e+03
   3.6208333e+02  -1.4465024e+03
   3.6210417e+02  -1.4445813e+03
   3.6212500e+02  -1.4425614e+03
   3.6215000e+02  -1.4406404e+03
   3.6217083e+02  -1.4390062e+03
   3.6219583e+02  -1.4378190e+03
   3.6221667e+02  -1.4371948e+03
   3.6224167e+02  -1.4371153e+03
   3.6226250e+02  -1.4371153e+03
   3.6228750e+02  -1.4371153e+03
   3.6230833e+02  -1.4371153e+03
   3.6233333e+02  -1.4371153e+03
   3.6235417e+02  -1.4371153e+03
   3.6237917e+02  -1.4371153e+03
   3.6240000e+02  -1.4371153e+03
   3.6242083e+02  -1.4371153e+03
   3.6244583e+02  -1.4371153e+03
   3.6246667e+02  -1.4371153e+03
   3.6249167e+02  -1.4371153e+03
   3.6251250e+02  -1.4371153e+03
   3.6253750e+02  -1.4371153e+03
   3.6255833e+02  -1.4371153e+03
   3.6258333e+02  -1.4371153e+03
   3.6260417e+02  -1.4371153e+03
   3.6262917e+02  -1.4371153e+03
   3.6265000e+02  -1.4371153e+03
   3.6267083e+02  -1.4371153e+03
   3.6269583e+02  -1.4371153e+03
   3.6271667e+02  -1.4371153e+03
   3.6274167e+02  -1.4371153e+03
   3.6276250e+02  -1.4371153e+03
   3.6278750e+02  -1.4371153e+03
   3.6280833e+02  -1.4371153e+03
   3.6283333e+02  -1.4371153e+03
   3.6285417e+02  -1.4371153e+03
   3.6287917e+02  -1.4371153e+03
   3.6290000e+02  -1.4371153e+03
   3.6292083e+02  -1.4371153e+03
   3.6294583e+02  -1.4371153e+03
   3.6296667e+02  -1.4371153e+03
   3.6299167e+02  -1.4371153e+03
   3.6302500e+02  -1.4370667e+03
   3.6304583e+02  -1.4369256e+03
   3.6307083e+02  -1.4367059e+03
   3.6309167e+02  -1.4364290e+03
   3.6311667e+02  -1.4361220e+03
   3.6313750e+02  -1.4358151e+03
   3.6316250e+02  -1.4355382e+03
   3.6318333e+02  -1.4353184e+03
   3.6320833e+02  -1.4351774e+03
   3.6322917e+02  -1.4351288e+03
   3.6325000e+02  -1.4351288e+03
   3.6327500e+02  -1.4351288e+03
   3.6329583e+02  -1.4351288e+03
   3.6332083e+02  -1.4351288e+03
   3.6334167e+02  -1.4351288e+03
   3.6336667e+02  -1.4351288e+03
   3.6338750e+02  -1.4351288e+03
   3.6341250e+02  -1.4351288e+03
   3.6343333e+02  -1.4351288e+03
   3.6345833e+02  -1.4351288e+03
   3.6347917e+02  -1.4351288e+03
   3.6350417e+02  -1.4351288e+03
   3.6352500e+02  -1.4351288e+03
   3.6354583e+02  -1.4351288e+03
   3.6357083e+02  -1.4351288e+03
   3.6359167e+02  -1.4351288e+03
   3.6361667e+02  -1.4351288e+03
   3.6363750e+02  -1.4351288e+03
   3.6366250e+02  -1.4351288e+03
   3.6368333e+02  -1.4351288e+03
   3.6370833e+02  -1.4351288e+03
   3.6372917e+02  -1.4351288e+03
   3.6375417e+02  -1.4351288e+03
   3.6377500e+02  -1.4351288e+03
   3.6379583e+02  -1.4351288e+03
   3.6382083e+02  -1.4351288e+03
   3.6384167e+02  -1.4351288e+03
   3.6386667e+02  -1.4351288e+03
   3.6388750e+02  -1.4351288e+03
   3.6391250e+02  -1.4351288e+03
   3.6393333e+02  -1.4351288e+03
   3.6395833e+02  -1.4351288e+03
   3.6397917e+02  -1.4351288e+03
   3.6401250e+02  -1.4351183e+03
   3.6403750e+02  -1.4350362e+03
   3.6405833e+02  -1.4348800e+03
   3.6408333e+02  -1.4346650e+03
   3.6410417e+02  -1.4344123e+03
   3.6412500e+02  -1.4341466e+03
   3.6415000e+02  -1.4338939e+03
   3.6417083e+02  -1.4336789e+03
   3.6419583e+02  -1.4335227e+03
   3.6421667e+02  -1.4334406e+03
   3.6424167e+02  -1.4334302e+03
   3.6426250e+02  -1.4334302e+03
   3.6428750e+02  -1.4334302e+03
   3.6430833e+02  -1.4334302e+03
   3.6433333e+02  -1.4334302e+03
   3.6435417e+02  -1.4334302e+03
   3.6437917e+02  -1.4334302e+03
   3.6440000e+02  -1.4334302e+03
   3.6442083e+02  -1.4334302e+03
   3.6444583e+02  -1.4334302e+03
   3.6446667e+02  -1.4334302e+03
   3.6449167e+02  -1.4334302e+03
   3.6451250e+02  -1.4334302e+03
   3.6453750e+02  -1.4334302e+03
   3.6455833e+02  -1.4334302e+03
   3.6458333e+02  -1.4334302e+03
   3.6460417e+02  -1.4334302e+03
   3.6462917e+02  -1.4334302e+03
   3.6465000e+02  -1.4334302e+03
   3.6467083e+02  -1.4334302e+03
   3.6469583e+02  -1.4334302e+03
   3.6471667e+02  -1.4334302e+03
   3.6474167e+02  -1.4334302e+03
   3.6476250e+02  -1.4334302e+03
   3.6478750e+02  -1.4334302e+03
   3.6480833e+02  -1.4334302e+03
   3.6483333e+02  -1.4334302e+03
   3.6485417e+02  -1.4334302e+03
   3.6487917e+02  -1.4334302e+03
   3.6490000e+02  -1.4334302e+03
   3.6492083e+02  -1.4334302e+03
   3.6494583e+02  -1.4334302e+03
   3.6496667e+02  -1.4334302e+03
   3.6499167e+02  -1.4334302e+03
   3.6502500e+02  -1.4330168e+03
   3.6504583e+02  -1.4318172e+03
   3.6507083e+02  -1.4299487e+03
   3.6509167e+02  -1.4275942e+03
   3.6511667e+02  -1.4249843e+03
   3.6513750e+02  -1.4223744e+03
   3.6516250e+02  -1.4200199e+03
   3.6518333e+02  -1.4181515e+03
   3.6520833e+02  -1.4169518e+03
   3.6522917e+02  -1.4165384e+03
   3.6525000e+02  -1.4165384e+03
   3.6527500e+02  -1.4165384e+03
   3.6529583e+02  -1.4165384e+03
   3.6532083e+02  -1.4165384e+03
   3.6534167e+02  -1.4165384e+03
   3.6536667e+02  -1.4165384e+03
   3.6538750e+02  -1.4165384e+03
   3.6541250e+02  -1.4165384e+03
   3.6543333e+02  -1.4165384e+03
   3.6545833e+02  -1.4165384e+03
   3.6547917e+02  -1.4165384e+03
   3.6550417e+02  -1.4165384e+03
   3.6552500e+02  -1.4165384e+03
   3.6554583e+02  -1.4165384e+03
   3.6557083e+02  -1.4165384e+03
   3.6559167e+02  -1.4165384e+03
   3.6561667e+02  -1.4165384e+03
   3.6563750e+02  -1.4165384e+03
   3.6566250e+02  -1.4165384e+03
   3.6568333e+02  -1.4165384e+03
   3.6570833e+02  -1.4165384e+03
   3.6572917e+02  -1.4165384e+03
   3.6575417e+02  -1.4165384e+03
   3.6577500e+02  -1.4165384e+03
   3.6579583e+02  -1.4165384e+03
   3.6582083e+02  -1.4165384e+03
   3.6584167e+02  -1.4165384e+03
   3.6586667e+02  -1.4165384e+03
   3.6588750e+02  -1.4165384e+03
   3.6591250e+02  -1.4165384e+03
   3.6593333e+02  -1.4165384e+03
   3.6595833e+02  -1.4165384e+03
   3.6597917e+02  -1.4165384e+03
   3.6601250e+02  -1.4164304e+03
   3.6603750e+02  -1.4155823e+03
   3.6605833e+02  -1.4139691e+03
   3.6608333e+02  -1.4117488e+03
   3.6610417e+02  -1.4091386e+03
   3.6612500e+02  -1.4063940e+03
   3.6615000e+02  -1.4037838e+03
   3.6617083e+02  -1.4015634e+03
   3.6619583e+02  -1.3999502e+03
   3.6621667e+02  -1.3991021e+03
   3.6624167e+02  -1.3989941e+03
   3.6626250e+02  -1.3989941e+03
   3.6628750e+02  -1.3989941e+03
   3.6630833e+02  -1.3989941e+03
   3.6633333e+02  -1.3989941e+03
   3.6635417e+02  -1.3989941e+03
   3.6637917e+02  -1.3989941e+03
   3.6640000e+02  -1.3989941e+03
   3.6642083e+02  -1.3989941e+03
   3.6644583e+02  -1.3989941e+03
   3.6646667e+02  -1.3989941e+03
   3.6649167e+02  -1.3989941e+03
   3.6651250e+02  -1.3989941e+03
   3.6653750e+02  -1.3989941e+03
   3.6655833e+02  -1.3989941e+03
   3.6658333e+02  -1.3989941e+03
   3.6660417e+02  -1.3989941e+03
   3.6662917e+02  -1.3989941e+03
   3.6665000e+02  -1.3989941e+03
   3.6667083e+02  -1.3989941e+03
   3.6669583e+02  -1.3989941e+03
   3.6671667e+02  -1.3989941e+03
   3.6674167e+02  -1.3989941e+03
   3.6676250e+02  -1.3989941e+03
   3.6678750e+02  -1.3989941e+03
   3.6680833e+02  -1.3989941e+03
   3.6683333e+02  -1.3989941e+03
   3.6685417e+02  -1.3989941e+03
   3.6687917e+02  -1.3989941e+03
   3.6690000e+02  -1.3989941e+03
   3.6692083e+02  -1.3989941e+03
   3.6694583e+02  -1.3989941e+03
   3.6696667e+02  -1.3989941e+03
   3.6699167e+02  -1.3989941e+03
   3.6702500e+02  -1.3987574e+03
   3.6704583e+02  -1.3980704e+03
   3.6707083e+02  -1.3970003e+03
   3.6709167e+02  -1.3956519e+03
   3.6711667e+02  -1.3941572e+03
   3.6713750e+02  -1.3926625e+03
   3.6716250e+02  -1.3913141e+03
   3.6718333e+02  -1.3902440e+03
   3.6720833e+02  -1.3895570e+03
   3.6722917e+02  -1.3893202e+03
   3.6725000e+02  -1.3893202e+03
   3.6727500e+02  -1.3893202e+03
   3.6729583e+02  -1.3893202e+03
   3.6732083e+02  -1.3893202e+03
   3.6734167e+02  -1.3893202e+03
   3.6736667e+02  -1.3893202e+03
   3.6738750e+02  -1.3893202e+03
   3.6741250e+02  -1.3893202e+03
   3.6743333e+02  -1.3893202e+03
   3.6745833e+02  -1.3893202e+03
   3.6747917e+02  -1.3893202e+03
   3.6750417e+02  -1.3893202e+03
   3.6752500e+02  -1.3893202e+03
   3.6754583e+02  -1.3893202e+03
   3.6757083e+02  -1.3893202e+03
   3.6759167e+02  -1.3893202e+03
   3.6761667e+02  -1.3893202e+03
   3.6763750e+02  -1.3893202e+03
   3.6766250e+02  -1.3893202e+03
   3.6768333e+02  -1.3893202e+03
   3.6770833e+02  -1.3893202e+03
   3.6772917e+02  -1.3893202e+03
   3.6775417e+02  -1.3893202e+03
   3.6777500e+02  -1.3893202e+03
   3.6779583e+02  -1.3893202e+03
   3.6782083e+02  -1.3893202e+03
   3.6784167e+02  -1.3893202e+03
   3.6786667e+02  -1.3893202e+03
   3.6788750e+02  -1.3893202e+03
   3.6791250e+02  -1.3893202e+03
   3.6793333e+02  -1.3893202e+03
   3.6795833e+02  -1.3893202e+03
   3.6797917e+02  -1.3893202e+03
   3.6801250e+02  -1.3893450e+03
   3.6803750e+02  -1.3895400e+03
   3.6805833e+02  -1.3899107e+03
   3.6808333e+02  -1.3904210e+03
   3.6810417e+02  -1.3910210e+03
   3.6812500e+02  -1.3916517e+03
   3.6815000e+02  -1.3922516e+03
   3.6817083e+02  -1.3927620e+03
   3.6819583e+02  -1.3931327e+03
   3.6821667e+02  -1.3933276e+03
   3.6824167e+02  -1.3933525e+03
   3.6826250e+02  -1.3933525e+03
   3.6828750e+02  -1.3933525e+03
   3.6830833e+02  -1.3933525e+03
   3.6833333e+02  -1.3933525e+03
   3.6835417e+02  -1.3933525e+03
   3.6837917e+02  -1.3933525e+03
   3.6840000e+02  -1.3933525e+03
   3.6842083e+02  -1.3933525e+03
   3.6844583e+02  -1.3933525e+03
   3.6846667e+02  -1.3933525e+03
   3.6849167e+02  -1.3933525e+03
   3.6851250e+02  -1.3933525e+03
   3.6853750e+02  -1.3933525e+03
   3.6855833e+02  -1.3933525e+03
   3.6858333e+02  -1.3933525e+03
   3.6860417e+02  -1.3933525e+03
   3.6862917e+02  -1.3933525e+03
   3.6865000e+02  -1.3933525e+03
   3.6867083e+02  -1.3933525e+03
   3.6869583e+02  -1.3933525e+03
   3.6871667e+02  -1.3933525e+03
   3.6874167e+02  -1.3933525e+03
   3.6876250e+02  -1.3933525e+03
   3.6878750e+02  -1.3933525e+03
   3.6880833e+02  -1.3933525e+03
   3.6883333e+02  -1.3933525e+03
   3.6885417e+02  -1.3933525e+03
   3.6887917e+02  -1.3933525e+03
   3.6890000e+02  -1.3933525e+03
   3.6892083e+02  -1.3933525e+03
   3.6894583e+02  -1.3933525e+03
   3.6896667e+02  -1.3933525e+03
   3.6899167e+02  -1.3933525e+03
   3.6902500e+02  -1.3934790e+03
   3.6904583e+02  -1.3938462e+03
   3.6907083e+02  -1.3944181e+03
   3.6909167e+02  -1.3951387e+03
   3.6911667e+02  -1.3959375e+03
   3.6913750e+02  -1.3967364e+03
   3.6916250e+02  -1.3974570e+03
   3.6918333e+02  -1.3980289e+03
   3.6920833e+02  -1.3983961e+03
   3.6922917e+02  -1.3985226e+03
   3.6925000e+02  -1.3985226e+03
   3.6927500e+02  -1.3985226e+03
   3.6929583e+02  -1.3985226e+03
   3.6932083e+02  -1.3985226e+03
   3.6934167e+02  -1.3985226e+03
   3.6936667e+02  -1.3985226e+03
   3.6938750e+02  -1.3985226e+03
   3.6941250e+02  -1.3985226e+03
   3.6943333e+02  -1.3985226e+03
   3.6945833e+02  -1.3985226e+03
   3.6947917e+02  -1.3985226e+03
   3.6950417e+02  -1.3985226e+03
   3.6952500e+02  -1.3985226e+03
   3.6954583e+02  -1.3985226e+03
   3.6957083e+02  -1.3985226e+03
   3.6959167e+02  -1.3985226e+03
   3.6961667e+02  -1.3985226e+03
   3.6963750e+02  -1.3985226e+03
   3.6966250e+02  -1.3985226e+03
   3.6968333e+02  -1.3985226e+03
   3.6970833e+02  -1.3985226e+03
   3.6972917e+02  -1.3985226e+03
   3.6975417e+02  -1.3985226e+03
   3.6977500e+02  -1.3985226e+03
   3.6979583e+02  -1.3985226e+03
   3.6982083e+02  -1.3985226e+03
   3.6984167e+02  -1.3985226e+03
   3.6986667e+02  -1.3985226e+03
   3.6988750e+02  -1.3985226e+03
   3.6991250e+02  -1.3985226e+03
   3.6993333e+02  -1.3985226e+03
   3.6995833e+02  -1.3985226e+03
   3.6997917e+02  -1.3985226e+03
   3.7001250e+02  -1.3984496e+03
   3.7003750e+02  -1.3978760e+03
   3.7005833e+02  -1.3967850e+03
   3.7008333e+02  -1.3952834e+03
   3.7010417e+02  -1.3935182e+03
   3.7012500e+02  -1.3916621e+03
   3.7015000e+02  -1.3898969e+03
   3.7017083e+02  -1.3883953e+03
   3.7019583e+02  -1.3873043e+03
   3.7021667e+02  -1.3867308e+03
   3.7024167e+02  -1.3866577e+03
   3.7026250e+02  -1.3866577e+03
   3.7028750e+02  -1.3866577e+03
   3.7030833e+02  -1.3866577e+03
   3.7033333e+02  -1.3866577e+03
   3.7035417e+02  -1.3866577e+03
   3.7037917e+02  -1.3866577e+03
   3.7040000e+02  -1.3866577e+03
   3.7042083e+02  -1.3866577e+03
   3.7044583e+02  -1.3866577e+03
   3.7046667e+02  -1.3866577e+03
   3.7049167e+02  -1.3866577e+03
   3.7051250e+02  -1.3866577e+03
   3.7053750e+02  -1.3866577e+03
   3.7055833e+02  -1.3866577e+03
   3.7058333e+02  -1.3866577e+03
   3.7060417e+02  -1.3866577e+03
   3.7062917e+02  -1.3866577e+03
   3.7065000e+02  -1.3866577e+03
   3.7067083e+02  -1.3866577e+03
   3.7069583e+02  -1.3866577e+03
   3.7071667e+02  -1.3866577e+03
   3.7074167e+02  -1.3866577e+03
   3.7076250e+02  -1.3866577e+03
   3.7078750e+02  -1.3866577e+03
   3.7080833e+02  -1.3866577e+03
   3.7083333e+02  -1.3866577e+03
   3.7085417e+02  -1.3866577e+03
   3.7087917e+02  -1.3866577e+03
   3.7090000e+02  -1.3866577e+03
   3.7092083e+02  -1.3866577e+03
   3.7094583e+02  -1.3866577e+03
   3.7096667e+02  -1.3866577e+03
   3.7099167e+02  -1.3866577e+03
   3.7102500e+02  -1.3866792e+03
   3.7104583e+02  -1.3867415e+03
   3.7107083e+02  -1.3868385e+03
   3.7109167e+02  -1.3869608e+03
   3.7111667e+02  -1.3870963e+03
   3.7113750e+02  -1.3872318e+03
   3.7116250e+02  -1.3873541e+03
   3.7118333e+02  -1.3874511e+03
   3.7120833e+02  -1.3875134e+03
   3.7122917e+02  -1.3875349e+03
   3.7125000e+02  -1.3875349e+03
   3.7127500e+02  -1.3875349e+03
   3.7129583e+02  -1.3875349e+03
   3.7132083e+02  -1.3875349e+03
   3.7134167e+02  -1.3875349e+03
   3.7136667e+02  -1.3875349e+03
   3.7138750e+02  -1.3875349e+03
   3.7141250e+02  -1.3875349e+03
   3.7143333e+02  -1.3875349e+03
   3.7145833e+02  -1.3875349e+03
   3.7147917e+02  -1.3875349e+03
   3.7150417e+02  -1.3875349e+03
   3.7152500e+02  -1.3875349e+03
   3.7154583e+02  -1.3875349e+03
   3.7157083e+02  -1.3875349e+03
   3.7159167e+02  -1.3875349e+03
   3.7161667e+02  -1.3875349e+03
   3.7163750e+02  -1.3875349e+03
   3.7166250e+02  -1.3875349e+03
   3.7168333e+02  -1.3875349e+03
   3.7170833e+02  -1.3875349e+03
   3.7172917e+02  -1.3875349e+03
   3.7175417e+02  -1.3875349e+03
   3.7177500e+02  -1.3875349e+03
   3.7179583e+02  -1.3875349e+03
   3.7182083e+02  -1.3875349e+03
   3.7184167e+02  -1.3875349e+03
   3.7186667e+02  -1.3875349e+03
   3.7188750e+02  -1.3875349e+03
   3.7191250e+02  -1.3875349e+03
   3.7193333e+02  -1.3875349e+03
   3.7195833e+02  -1.3875349e+03
   3.7197917e+02  -1.3875349e+03
   3.7201250e+02  -1.3873484e+03
   3.7203750e+02  -1.3858844e+03
   3.7205833e+02  -1.3830996e+03
   3.7208333e+02  -1.3792667e+03
   3.7210417e+02  -1.3747609e+03
   3.7212500e+02  -1.3700232e+03
   3.7215000e+02  -1.3655173e+03
   3.7217083e+02  -1.3616845e+03
   3.7219583e+02  -1.3588997e+03
   3.7221667e+02  -1.3574357e+03
   3.7224167e+02  -1.3572492e+03
   3.7226250e+02  -1.3572492e+03
   3.7228750e+02  -1.3572492e+03
   3.7230833e+02  -1.3572492e+03
   3.7233333e+02  -1.3572492e+03
   3.7235417e+02  -1.3572492e+03
   3.7237917e+02  -1.3572492e+03
   3.7240000e+02  -1.3572492e+03
   3.7242083e+02  -1.3572492e+03
   3.7244583e+02  -1.3572492e+03
   3.7246667e+02  -1.3572492e+03
   3.7249167e+02  -1.3572492e+03
   3.7251250e+02  -1.3572492e+03
   3.7253750e+02  -1.3572492e+03
   3.7255833e+02  -1.3572492e+03
   3.7258333e+02  -1.3572492e+03
   3.7260417e+02  -1.3572492e+03
   3.7262917e+02  -1.3572492e+03
   3.7265000e+02  -1.3572492e+03
   3.7267083e+02  -1.3572492e+03
   3.7269583e+02  -1.3572492e+03
   3.7271667e+02  -1.3572492e+03
   3.7274167e+02  -1.3572492e+03
   3.7276250e+02  -1.3572492e+03
   3.7278750e+02  -1.3572492e+03
   3.7280833e+02  -1.3572492e+03
   3.7283333e+02  -1.3572492e+03
   3.7285417e+02  -1.3572492e+03
   3.7287917e+02  -1.3572492e+03
   3.7290000e+02  -1.3572492e+03
   3.7292083e+02  -1.3572492e+03
   3.7294583e+02  -1.3572492e+03
   3.7296667e+02  -1.3572492e+03
   3.7299167e+02  -1.3572492e+03
   3.7302500e+02  -1.3568282e+03
   3.7304583e+02  -1.3556062e+03
   3.7307083e+02  -1.3537029e+03
   3.7309167e+02  -1.3513047e+03
   3.7311667e+02  -1.3486462e+03
   3.7313750e+02  -1.3459878e+03
   3.7316250e+02  -1.3435895e+03
   3.7318333e+02  -1.3416863e+03
   3.7320833e+02  -1.3404643e+03
   3.7322917e+02  -1.3400432e+03
   3.7325000e+02  -1.3400432e+03
   3.7327500e+02  -1.3400432e+03
   3.7329583e+02  -1.3400432e+03
   3.7332083e+02  -1.3400432e+03
   3.7334167e+02  -1.3400432e+03
   3.7336667e+02  -1.3400432e+03
   3.7338750e+02  -1.3400432e+03
   3.7341250e+02  -1.3400432e+03
   3.7343333e+02  -1.3400432e+03
   3.7345833e+02  -1.3400432e+03
   3.7347917e+02  -1.3400432e+03
   3.7350417e+02  -1.3400432e+03
   3.7352500e+02  -1.3400432e+03
   3.7354583e+02  -1.3400432e+03
   3.7357083e+02  -1.3400432e+03
   3.7359167e+02  -1.3400432e+03
   3.7361667e+02  -1.3400432e+03
   3.7363750e+02  -1.3400432e+03
   3.7366250e+02  -1.3400432e+03
   3.7368333e+02  -1.3400432e+03
   3.7370833e+02  -1.3400432e+03
   3.7372917e+02  -1.3400432e+03
   3.7375417e+02  -1.3400432e+03
   3.7377500e+02  -1.3400432e+03
   3.7379583e+02  -1.3400432e+03
   3.7382083e+02  -1.3400432e+03
   3.7384167e+02  -1.3400432e+03
   3.7386667e+02  -1.3400432e+03
   3.7388750e+02  -1.3400432e+03
   3.7391250e+02  -1.3400432e+03
   3.7393333e+02  -1.3400432e+03
   3.7395833e+02  -1.3400432e+03
   3.7397917e+02  -1.3400432e+03
   3.7401250e+02  -1.3401455e+03
   3.7403750e+02  -1.3409488e+03
   3.7405833e+02  -1.3424766e+03
   3.7408333e+02  -1.3445795e+03
   3.7410417e+02  -1.3470516e+03
   3.7412500e+02  -1.3496509e+03
   3.7415000e+02  -1.3521230e+03
   3.7417083e+02  -1.3542258e+03
   3.7419583e+02  -1.3557537e+03
   3.7421667e+02  -1.3565569e+03
   3.7424167e+02  -1.3566592e+03
   3.7426250e+02  -1.3566592e+03
   3.7428750e+02  -1.3566592e+03
   3.7430833e+02  -1.3566592e+03
   3.7433333e+02  -1.3566592e+03
   3.7435417e+02  -1.3566592e+03
   3.7437917e+02  -1.3566592e+03
   3.7440000e+02  -1.3566592e+03
   3.7442083e+02  -1.3566592e+03
   3.7444583e+02  -1.3566592e+03
   3.7446667e+02  -1.3566592e+03
   3.7449167e+02  -1.3566592e+03
   3.7451250e+02  -1.3566592e+03
   3.7453750e+02  -1.3566592e+03
   3.7455833e+02  -1.3566592e+03
   3.7458333e+02  -1.3566592e+03
   3.7460417e+02  -1.3566592e+03
   3.7462917e+02  -1.3566592e+03
   3.7465000e+02  -1.3566592e+03
   3.7467083e+02  -1.3566592e+03
   3.7469583e+02  -1.3566592e+03
   3.7471667e+02  -1.3566592e+03
   3.7474167e+02  -1.3566592e+03
   3.7476250e+02  -1.3566592e+03
   3.7478750e+02  -1.3566592e+03
   3.7480833e+02  -1.3566592e+03
   3.7483333e+02  -1.3566592e+03
   3.7485417e+02  -1.3566592e+03
   3.7487917e+02  -1.3566592e+03
   3.7490000e+02  -1.3566592e+03
   3.7492083e+02  -1.3566592e+03
   3.7494583e+02  -1.3566592e+03
   3.7496667e+02  -1.3566592e+03
   3.7499167e+02  -1.3566592e+03
   3.7502500e+02  -1.3571389e+03
   3.7504583e+02  -1.3585312e+03
   3.7507083e+02  -1.3606997e+03
   3.7509167e+02  -1.3634322e+03
   3.7511667e+02  -1.3664612e+03
   3.7513750e+02  -1.3694901e+03
   3.7516250e+02  -1.3722226e+03
   3.7518333e+02  -1.3743911e+03
   3.7520833e+02  -1.3757834e+03
   3.7522917e+02  -1.3762631e+03
   3.7525000e+02  -1.3762631e+03
   3.7527500e+02  -1.3762631e+03
   3.7529583e+02  -1.3762631e+03
   3.7532083e+02  -1.3762631e+03
   3.7534167e+02  -1.3762631e+03
   3.7536667e+02  -1.3762631e+03
   3.7538750e+02  -1.3762631e+03
   3.7541250e+02  -1.3762631e+03
   3.7543333e+02  -1.3762631e+03
   3.7545833e+02  -1.3762631e+03
   3.7547917e+02  -1.3762631e+03
   3.7550417e+02  -1.3762631e+03
   3.7552500e+02  -1.3762631e+03
   3.7554583e+02  -1.3762631e+03
   3.7557083e+02  -1.3762631e+03
   3.7559167e+02  -1.3762631e+03
   3.7561667e+02  -1.3762631e+03
   3.7563750e+02  -1.3762631e+03
   3.7566250e+02  -1.3762631e+03
   3.7568333e+02  -1.3762631e+03
   3.7570833e+02  -1.3762631e+03
   3.7572917e+02  -1.3762631e+03
   3.7575417e+02  -1.3762631e+03
   3.7577500e+02  -1.3762631e+03
   3.7579583e+02  -1.3762631e+03
   3.7582083e+02  -1.3762631e+03
   3.7584167e+02  -1.3762631e+03
   3.7586667e+02  -1.3762631e+03
   3.7588750e+02  -1.3762631e+03
   3.7591250e+02  -1.3762631e+03
   3.7593333e+02  -1.3762631e+03
   3.7595833e+02  -1.3762631e+03
   3.7597917e+02  -1.3762631e+03
   3.7601250e+02  -1.3764265e+03
   3.7603750e+02  -1.3777090e+03
   3.7605833e+02  -1.3801486e+03
   3.7608333e+02  -1.3835063e+03
   3.7610417e+02  -1.3874536e+03
   3.7612500e+02  -1.3916040e+03
   3.7615000e+02  -1.3955512e+03
   3.7617083e+02  -1.3989090e+03
   3.7619583e+02  -1.4013485e+03
   3.7621667e+02  -1.4026311e+03
   3.7624167e+02  -1.4027944e+03
   3.7626250e+02  -1.4027944e+03
   3.7628750e+02  -1.4027944e+03
   3.7630833e+02  -1.4027944e+03
   3.7633333e+02  -1.4027944e+03
   3.7635417e+02  -1.4027944e+03
   3.7637917e+02  -1.4027944e+03
   3.7640000e+02  -1.4027944e+03
   3.7642083e+02  -1.4027944e+03
   3.7644583e+02  -1.4027944e+03
   3.7646667e+02  -1.4027944e+03
   3.7649167e+02  -1.4027944e+03
   3.7651250e+02  -1.4027944e+03
   3.7653750e+02  -1.4027944e+03
   3.7655833e+02  -1.4027944e+03
   3.7658333e+02  -1.4027944e+03
   3.7660417e+02  -1.4027944e+03
   3.7662917e+02  -1.4027944e+03
   3.7665000e+02  -1.4027944e+03
   3.7667083e+02  -1.4027944e+03
   3.7669583e+02  -1.4027944e+03
   3.7671667e+02  -1.4027944e+03
   3.7674167e+02  -1.4027944e+03
   3.7676250e+02  -1.4027944e+03
   3.7678750e+02  -1.4027944e+03
   3.7680833e+02  -1.4027944e+03
   3.7683333e+02  -1.4027944e+03
   3.7685417e+02  -1.4027944e+03
   3.7687917e+02  -1.4027944e+03
   3.7690000e+02  -1.4027944e+03
   3.7692083e+02  -1.4027944e+03
   3.7694583e+02  -1.4027944e+03
   3.7696667e+02  -1.4027944e+03
   3.7699167e+02  -1.4027944e+03
   3.7702500e+02  -1.4033135e+03
   3.7704583e+02  -1.4048199e+03
   3.7707083e+02  -1.4071662e+03
   3.7709167e+02  -1.4101227e+03
   3.7711667e+02  -1.4134000e+03
   3.7713750e+02  -1.4166773e+03
   3.7716250e+02  -1.4196338e+03
   3.7718333e+02  -1.4219801e+03
   3.7720833e+02  -1.4234865e+03
   3.7722917e+02  -1.4240056e+03
   3.7725000e+02  -1.4240056e+03
   3.7727500e+02  -1.4240056e+03
   3.7729583e+02  -1.4240056e+03
   3.7732083e+02  -1.4240056e+03
   3.7734167e+02  -1.4240056e+03
   3.7736667e+02  -1.4240056e+03
   3.7738750e+02  -1.4240056e+03
   3.7741250e+02  -1.4240056e+03
   3.7743333e+02  -1.4240056e+03
   3.7745833e+02  -1.4240056e+03
   3.7747917e+02  -1.4240056e+03
   3.7750417e+02  -1.4240056e+03
   3.7752500e+02  -1.4240056e+03
   3.7754583e+02  -1.4240056e+03
   3.7757083e+02  -1.4240056e+03
   3.7759167e+02  -1.4240056e+03
   3.7761667e+02  -1.4240056e+03
   3.7763750e+02  -1.4240056e+03
   3.7766250e+02  -1.4240056e+03
   3.7768333e+02  -1.4240056e+03
   3.7770833e+02  -1.4240056e+03
   3.7772917e+02  -1.4240056e+03
   3.7775417e+02  -1.4240056e+03
   3.7777500e+02  -1.4240056e+03
   3.7779583e+02  -1.4240056e+03
   3.7782083e+02  -1.4240056e+03
   3.7784167e+02  -1.4240056e+03
   3.7786667e+02  -1.4240056e+03
   3.7788750e+02  -1.4240056e+03
   3.7791250e+02  -1.4240056e+03
   3.7793333e+02  -1.4240056e+03
   3.7795833e+02  -1.4240056e+03
   3.7797917e+02  -1.4240056e+03
   3.7801250e+02  -1.4240840e+03
   3.7803750e+02  -1.4246998e+03
   3.7805833e+02  -1.4258711e+03
   3.7808333e+02  -1.4274832e+03
   3.7810417e+02  -1.4293784e+03
   3.7812500e+02  -1.4313712e+03
   3.7815000e+02  -1.4332664e+03
   3.7817083e+02  -1.4348785e+03
   3.7819583e+02  -1.4360498e+03
   3.7821667e+02  -1.4366656e+03
   3.7824167e+02  -1.4367440e+03
   3.7826250e+02  -1.4367440e+03
   3.7828750e+02  -1.4367440e+03
   3.7830833e+02  -1.4367440e+03
   3.7833333e+02  -1.4367440e+03
   3.7835417e+02  -1.4367440e+03
   3.7837917e+02  -1.4367440e+03
   3.7840000e+02  -1.4367440e+03
   3.7842083e+02  -1.4367440e+03
   3.7844583e+02  -1.4367440e+03
   3.7846667e+02  -1.4367440e+03
   3.7849167e+02  -1.4367440e+03
   3.7851250e+02  -1.4367440e+03
   3.7853750e+02  -1.4367440e+03
   3.7855833e+02  -1.4367440e+03
   3.7858333e+02  -1.4367440e+03
   3.7860417e+02  -1.4367440e+03
   3.7862917e+02  -1.4367440e+03
   3.7865000e+02  -1.4367440e+03
   3.7867083e+02  -1.4367440e+03
   3.7869583e+02  -1.4367440e+03
   3.7871667e+02  -1.4367440e+03
   3.7874167e+02  -1.4367440e+03
   3.7876250e+02  -1.4367440e+03
   3.7878750e+02  -1.4367440e+03
   3.7880833e+02  -1.4367440e+03
   3.7883333e+02  -1.4367440e+03
   3.7885417e+02  -1.4367440e+03
   3.7887917e+02  -1.4367440e+03
   3.7890000e+02  -1.4367440e+03
   3.7892083e+02  -1.4367440e+03
   3.7894583e+02  -1.4367440e+03
   3.7896667e+02  -1.4367440e+03
   3.7899167e+02  -1.4367440e+03
   3.7902500e+02  -1.4366158e+03
   3.7904583e+02  -1.4362435e+03
   3.7907083e+02  -1.4356637e+03
   3.7909167e+02  -1.4349331e+03
   3.7911667e+02  -1.4341232e+03
   3.7913750e+02  -1.4333133e+03
   3.7916250e+02  -1.4325827e+03
   3.7918333e+02  -1.4320029e+03
   3.7920833e+02  -1.4316307e+03
   3.7922917e+02  -1.4315024e+03
   3.7925000e+02  -1.4315024e+03
   3.7927500e+02  -1.4315024e+03
   3.7929583e+02  -1.4315024e+03
   3.7932083e+02  -1.4315024e+03
   3.7934167e+02  -1.4315024e+03
   3.7936667e+02  -1.4315024e+03
   3.7938750e+02  -1.4315024e+03
   3.7941250e+02  -1.4315024e+03
   3.7943333e+02  -1.4315024e+03
   3.7945833e+02  -1.4315024e+03
   3.7947917e+02  -1.4315024e+03
   3.7950417e+02  -1.4315024e+03
   3.7952500e+02  -1.4315024e+03
   3.7954583e+02  -1.4315024e+03
   3.7957083e+02  -1.4315024e+03
   3.7959167e+02  -1.4315024e+03
   3.7961667e+02  -1.4315024e+03
   3.7963750e+02  -1.4315024e+03
   3.7966250e+02  -1.4315024e+03
   3.7968333e+02  -1.4315024e+03
   3.7970833e+02  -1.4315024e+03
   3.7972917e+02  -1.4315024e+03
   3.7975417e+02  -1.4315024e+03
   3.7977500e+02  -1.4315024e+03
   3.7979583e+02  -1.4315024e+03
   3.7982083e+02  -1.4315024e+03
   3.7984167e+02  -1.4315024e+03
   3.7986667e+02  -1.4315024e+03
   3.7988750e+02  -1.4315024e+03
   3.7991250e+02  -1.4315024e+03
   3.7993333e+02  -1.4315024e+03
   3.7995833e+02  -1.4315024e+03
   3.7997917e+02  -1.4315024e+03
   3.8001250e+02  -1.4315742e+03
   3.8003750e+02  -1.4321382e+03
   3.8005833e+02  -1.4332110e+03
   3.8008333e+02  -1.4346875e+03
   3.8010417e+02  -1.4364233e+03
   3.8012500e+02  -1.4382483e+03
   3.8015000e+02  -1.4399841e+03
   3.8017083e+02  -1.4414606e+03
   3.8019583e+02  -1.4425334e+03
   3.8021667e+02  -1.4430974e+03
   3.8024167e+02  -1.4431692e+03
   3.8026250e+02  -1.4431692e+03
   3.8028750e+02  -1.4431692e+03
   3.8030833e+02  -1.4431692e+03
   3.8033333e+02  -1.4431692e+03
   3.8035417e+02  -1.4431692e+03
   3.8037917e+02  -1.4431692e+03
   3.8040000e+02  -1.4431692e+03
   3.8042083e+02  -1.4431692e+03
   3.8044583e+02  -1.4431692e+03
   3.8046667e+02  -1.4431692e+03
   3.8049167e+02  -1.4431692e+03
   3.8051250e+02  -1.4431692e+03
   3.8053750e+02  -1.4431692e+03
   3.8055833e+02  -1.4431692e+03
   3.8058333e+02  -1.4431692e+03
   3.8060417e+02  -1.4431692e+03
   3.8062917e+02  -1.4431692e+03
   3.8065000e+02  -1.4431692e+03
   3.8067083e+02  -1.4431692e+03
   3.8069583e+02  -1.4431692e+03
   3.8071667e+02  -1.4431692e+03
   3.8074167e+02  -1.4431692e+03
   3.8076250e+02  -1.4431692e+03
   3.8078750e+02  -1.4431692e+03
   3.8080833e+02  -1.4431692e+03
   3.8083333e+02  -1.4431692e+03
   3.8085417e+02  -1.4431692e+03
   3.8087917e+02  -1.4431692e+03
   3.8090000e+02  -1.4431692e+03
   3.8092083e+02  -1.4431692e+03
   3.8094583e+02  -1.4431692e+03
   3.8096667e+02  -1.4431692e+03
   3.8099167e+02  -1.4431692e+03
   3.8102500e+02  -1.4433057e+03
   3.8104583e+02  -1.4437019e+03
   3.8107083e+02  -1.4443190e+03
   3.8109167e+02  -1.4450966e+03
   3.8111667e+02  -1.4459585e+03
   3.8113750e+02  -1.4468205e+03
   3.8116250e+02  -1.4475980e+03
   3.8118333e+02  -1.4482151e+03
   3.8120833e+02  -1.4486113e+03
   3.8122917e+02  -1.4487478e+03
   3.8125000e+02  -1.4487478e+03
   3.8127500e+02  -1.4487478e+03
   3.8129583e+02  -1.4487478e+03
   3.8132083e+02  -1.4487478e+03
   3.8134167e+02  -1.4487478e+03
   3.8136667e+02  -1.4487478e+03
   3.8138750e+02  -1.4487478e+03
   3.8141250e+02  -1.4487478e+03
   3.8143333e+02  -1.4487478e+03
   3.8145833e+02  -1.4487478e+03
   3.8147917e+02  -1.4487478e+03
   3.8150417e+02  -1.4487478e+03
   3.8152500e+02  -1.4487478e+03
   3.8154583e+02  -1.4487478e+03
   3.8157083e+02  -1.4487478e+03
   3.8159167e+02  -1.4487478e+03
   3.8161667e+02  -1.4487478e+03
   3.8163750e+02  -1.4487478e+03
   3.8166250e+02  -1.4487478e+03
   3.8168333e+02  -1.4487478e+03
   3.8170833e+02  -1.4487478e+03
   3.8172917e+02  -1.4487478e+03
   3.8175417e+02  -1.4487478e+03
   3.8177500e+02  -1.4487478e+03
   3.8179583e+02  -1.4487478e+03
   3.8182083e+02  -1.4487478e+03
   3.8184167e+02  -1.4487478e+03
   3.8186667e+02  -1.4487478e+03
   3.8188750e+02  -1.4487478e+03
   3.8191250e+02  -1.4487478e+03
   3.8193333e+02  -1.4487478e+03
   3.8195833e+02  -1.4487478e+03
   3.8197917e+02  -1.4487478e+03
   3.8201250e+02  -1.4486597e+03
   3.8203750e+02  -1.4479678e+03
   3.8205833e+02  -1.4466516e+03
   3.8208333e+02  -1.4448400e+03
   3.8210417e+02  -1.4427103e+03
   3.8212500e+02  -1.4404711e+03
   3.8215000e+02  -1.4383415e+03
   3.8217083e+02  -1.4365299e+03
   3.8219583e+02  -1.4352137e+03
   3.8221667e+02  -1.4345217e+03
   3.8224167e+02  -1.4344336e+03
   3.8226250e+02  -1.4344336e+03
   3.8228750e+02  -1.4344336e+03
   3.8230833e+02  -1.4344336e+03
   3.8233333e+02  -1.4344336e+03
   3.8235417e+02  -1.4344336e+03
   3.8237917e+02  -1.4344336e+03
   3.8240000e+02  -1.4344336e+03
   3.8242083e+02  -1.4344336e+03
   3.8244583e+02  -1.4344336e+03
   3.8246667e+02  -1.4344336e+03
   3.8249167e+02  -1.4344336e+03
   3.8251250e+02  -1.4344336e+03
   3.8253750e+02  -1.4344336e+03
   3.8255833e+02  -1.4344336e+03
   3.8258333e+02  -1.4344336e+03
   3.8260417e+02  -1.4344336e+03
   3.8262917e+02  -1.4344336e+03
   3.8265000e+02  -1.4344336e+03
   3.8267083e+02  -1.4344336e+03
   3.8269583e+02  -1.4344336e+03
   3.8271667e+02  -1.4344336e+03
   3.8274167e+02  -1.4344336e+03
   3.8276250e+02  -1.4344336e+03
   3.8278750e+02  -1.4344336e+03
   3.8280833e+02  -1.4344336e+03
   3.8283333e+02  -1.4344336e+03
   3.8285417e+02  -1.4344336e+03
   3.8287917e+02  -1.4344336e+03
   3.8290000e+02  -1.4344336e+03
   3.8292083e+02  -1.4344336e+03
   3.8294583e+02  -1.4344336e+03
   3.8296667e+02  -1.4344336e+03
   3.8299167e+02  -1.4344336e+03
   3.8302500e+02  -1.4344011e+03
   3.8304583e+02  -1.4343069e+03
   3.8307083e+02  -1.4341601e+03
   3.8309167e+02  -1.4339752e+03
   3.8311667e+02  -1.4337701e+03
   3.8313750e+02  -1.4335651e+03
   3.8316250e+02  -1.4333802e+03
   3.8318333e+02  -1.4332334e+03
   3.8320833e+02  -1.4331391e+03
   3.8322917e+02  -1.4331067e+03
   3.8325000e+02  -1.4331067e+03
   3.8327500e+02  -1.4331067e+03
   3.8329583e+02  -1.4331067e+03
   3.8332083e+02  -1.4331067e+03
   3.8334167e+02  -1.4331067e+03
   3.8336667e+02  -1.4331067e+03
   3.8338750e+02  -1.4331067e+03
   3.8341250e+02  -1.4331067e+03
   3.8343333e+02  -1.4331067e+03
   3.8345833e+02  -1.4331067e+03
   3.8347917e+02  -1.4331067e+03
   3.8350417e+02  -1.4331067e+03
   3.8352500e+02  -1.4331067e+03
   3.8354583e+02  -1.4331067e+03
   3.8357083e+02  -1.4331067e+03
   3.8359167e+02  -1.4331067e+03
   3.8361667e+02  -1.4331067e+03
   3.8363750e+02  -1.4331067e+03
   3.8366250e+02  -1.4331067e+03
   3.8368333e+02  -1.4331067e+03
   3.8370833e+02  -1.4331067e+03
   3.8372917e+02  -1.4331067e+03
   3.8375417e+02  -1.4331067e+03
   3.8377500e+02  -1.4331067e+03
   3.8379583e+02  -1.4331067e+03
   3.8382083e+02  -1.4331067e+03
   3.8384167e+02  -1.4331067e+03
   3.8386667e+02  -1.4331067e+03
   3.8388750e+02  -1.4331067e+03
   3.8391250e+02  -1.4331067e+03
   3.8393333e+02  -1.4331067e+03
   3.8395833e+02  -1.4331067e+03
   3.8397917e+02  -1.4331067e+03
   3.8401250e+02  -1.4331213e+03
   3.8403750e+02  -1.4332359e+03
   3.8405833e+02  -1.4334540e+03
   3.8408333e+02  -1.4337542e+03
   3.8410417e+02  -1.4341071e+03
   3.8412500e+02  -1.4344782e+03
   3.8415000e+02  -1.4348311e+03
   3.8417083e+02  -1.4351313e+03
   3.8419583e+02  -1.4353494e+03
   3.8421667e+02  -1.4354640e+03
   3.8424167e+02  -1.4354786e+03
   3.8426250e+02  -1.4354786e+03
   3.8428750e+02  -1.4354786e+03
   3.8430833e+02  -1.4354786e+03
   3.8433333e+02  -1.4354786e+03
   3.8435417e+02  -1.4354786e+03
   3.8437917e+02  -1.4354786e+03
   3.8440000e+02  -1.4354786e+03
   3.8442083e+02  -1.4354786e+03
   3.8444583e+02  -1.4354786e+03
   3.8446667e+02  -1.4354786e+03
   3.8449167e+02  -1.4354786e+03
   3.8451250e+02  -1.4354786e+03
   3.8453750e+02  -1.4354786e+03
   3.8455833e+02  -1.4354786e+03
   3.8458333e+02  -1.4354786e+03
   3.8460417e+02  -1.4354786e+03
   3.8462917e+02  -1.4354786e+03
   3.8465000e+02  -1.4354786e+03
   3.8467083e+02  -1.4354786e+03
   3.8469583e+02  -1.4354786e+03
   3.8471667e+02  -1.4354786e+03
   3.8474167e+02  -1.4354786e+03
   3.8476250e+02  -1.4354786e+03
   3.8478750e+02  -1.4354786e+03
   3.8480833e+02  -1.4354786e+03
   3.8483333e+02  -1.4354786e+03
   3.8485417e+02  -1.4354786e+03
   3.8487917e+02  -1.4354786e+03
   3.8490000e+02  -1.4354786e+03
   3.8492083e+02  -1.4354786e+03
   3.8494583e+02  -1.4354786e+03
   3.8496667e+02  -1.4354786e+03
   3.8499167e+02  -1.4354786e+03
   3.8502500e+02  -1.4356607e+03
   3.8504583e+02  -1.4361891e+03
   3.8507083e+02  -1.4370120e+03
   3.8509167e+02  -1.4380490e+03
   3.8511667e+02  -1.4391985e+03
   3.8513750e+02  -1.4403480e+03
   3.8516250e+02  -1.4413850e+03
   3.8518333e+02  -1.4422079e+03
   3.8520833e+02  -1.4427363e+03
   3.8522917e+02  -1.4429184e+03
   3.8525000e+02  -1.4429184e+03
   3.8527500e+02  -1.4429184e+03
   3.8529583e+02  -1.4429184e+03
   3.8532083e+02  -1.4429184e+03
   3.8534167e+02  -1.4429184e+03
   3.8536667e+02  -1.4429184e+03
   3.8538750e+02  -1.4429184e+03
   3.8541250e+02  -1.4429184e+03
   3.8543333e+02  -1.4429184e+03
   3.8545833e+02  -1.4429184e+03
   3.8547917e+02  -1.4429184e+03
   3.8550417e+02  -1.4429184e+03
   3.8552500e+02  -1.4429184e+03
   3.8554583e+02  -1.4429184e+03
   3.8557083e+02  -1.4429184e+03
   3.8559167e+02  -1.4429184e+03
   3.8561667e+02  -1.4429184e+03
   3.8563750e+02  -1.4429184e+03
   3.8566250e+02  -1.4429184e+03
   3.8568333e+02  -1.4429184e+03
   3.8570833e+02  -1.4429184e+03
   3.8572917e+02  -1.4429184e+03
   3.8575417e+02  -1.4429184e+03
   3.8577500e+02  -1.4429184e+03
   3.8579583e+02  -1.4429184e+03
   3.8582083e+02  -1.4429184e+03
   3.8584167e+02  -1.4429184e+03
   3.8586667e+02  -1.4429184e+03
   3.8588750e+02  -1.4429184e+03
   3.8591250e+02  -1.4429184e+03
   3.8593333e+02  -1.4429184e+03
   3.8595833e+02  -1.4429184e+03
   3.8597917e+02  -1.4429184e+03
   3.8601250e+02  -1.4429692e+03
   3.8603750e+02  -1.4433680e+03
   3.8605833e+02  -1.4441267e+03
   3.8608333e+02  -1.4451710e+03
   3.8610417e+02  -1.4463986e+03
   3.8612500e+02  -1.4476893e+03
   3.8615000e+02  -1.4489169e+03
   3.8617083e+02  -1.4499612e+03
   3.8619583e+02  -1.4507199e+03
   3.8621667e+02  -1.4511188e+03
   3.8624167e+02  -1.4511695e+03
   3.8626250e+02  -1.4511695e+03
   3.8628750e+02  -1.4511695e+03
   3.8630833e+02  -1.4511695e+03
   3.8633333e+02  -1.4511695e+03
   3.8635417e+02  -1.4511695e+03
   3.8637917e+02  -1.4511695e+03
   3.8640000e+02  -1.4511695e+03
   3.8642083e+02  -1.4511695e+03
   3.8644583e+02  -1.4511695e+03
   3.8646667e+02  -1.4511695e+03
   3.8649167e+02  -1.4511695e+03
   3.8651250e+02  -1.4511695e+03
   3.8653750e+02  -1.4511695e+03
   3.8655833e+02  -1.4511695e+03
   3.8658333e+02  -1.4511695e+03
   3.8660417e+02  -1.4511695e+03
   3.8662917e+02  -1.4511695e+03
   3.8665000e+02  -1.4511695e+03
   3.8667083e+02  -1.4511695e+03
   3.8669583e+02  -1.4511695e+03
   3.8671667e+02  -1.4511695e+03
   3.8674167e+02  -1.4511695e+03
   3.8676250e+02  -1.4511695e+03
   3.8678750e+02  -1.4511695e+03
   3.8680833e+02  -1.4511695e+03
   3.8683333e+02  -1.4511695e+03
   3.8685417e+02  -1.4511695e+03
   3.8687917e+02  -1.4511695e+03
   3.8690000e+02  -1.4511695e+03
   3.8692083e+02  -1.4511695e+03
   3.8694583e+02  -1.4511695e+03
   3.8696667e+02  -1.4511695e+03
   3.8699167e+02  -1.4511695e+03
   3.8702500e+02  -1.4515468e+03
   3.8704583e+02  -1.4526417e+03
   3.8707083e+02  -1.4543470e+03
   3.8709167e+02  -1.4564958e+03
   3.8711667e+02  -1.4588778e+03
   3.8713750e+02  -1.4612597e+03
   3.8716250e+02  -1.4634085e+03
   3.8718333e+02  -1.4651138e+03
   3.8720833e+02  -1.4662087e+03
   3.8722917e+02  -1.4665860e+03
   3.8725000e+02  -1.4665860e+03
   3.8727500e+02  -1.4665860e+03
   3.8729583e+02  -1.4665860e+03
   3.8732083e+02  -1.4665860e+03
   3.8734167e+02  -1.4665860e+03
   3.8736667e+02  -1.4665860e+03
   3.8738750e+02  -1.4665860e+03
   3.8741250e+02  -1.4665860e+03
   3.8743333e+02  -1.4665860e+03
   3.8745833e+02  -1.4665860e+03
   3.8747917e+02  -1.4665860e+03
   3.8750417e+02  -1.4665860e+03
   3.8752500e+02  -1.4665860e+03
   3.8754583e+02  -1.4665860e+03
   3.8757083e+02  -1.4665860e+03
   3.8759167e+02  -1.4665860e+03
   3.8761667e+02  -1.4665860e+03
   3.8763750e+02  -1.4665860e+03
   3.8766250e+02  -1.4665860e+03
   3.8768333e+02  -1.4665860e+03
   3.8770833e+02  -1.4665860e+03
   3.8772917e+02  -1.4665860e+03
   3.8775417e+02  -1.4665860e+03
   3.8777500e+02  -1.4665860e+03
   3.8779583e+02  -1.4665860e+03
   3.8782083e+02  -1.4665860e+03
   3.8784167e+02  -1.4665860e+03
   3.8786667e+02  -1.4665860e+03
   3.8788750e+02  -1.4665860e+03
   3.8791250e+02  -1.4665860e+03
   3.8793333e+02  -1.4665860e+03
   3.8795833e+02  -1.4665860e+03
   3.8797917e+02  -1.4665860e+03
   3.8801250e+02  -1.4665842e+03
   3.8803750e+02  -1.4665700e+03
   3.8805833e+02  -1.4665430e+03
   3.8808333e+02  -1.4665058e+03
   3.8810417e+02  -1.4664621e+03
   3.8812500e+02  -1.4664162e+03
   3.8815000e+02  -1.4663725e+03
   3.8817083e+02  -1.4663353e+03
   3.8819583e+02  -1.4663083e+03
   3.8821667e+02  -1.4662941e+03
   3.8824167e+02  -1.4662923e+03
   3.8826250e+02  -1.4662923e+03
   3.8828750e+02  -1.4662923e+03
   3.8830833e+02  -1.4662923e+03
   3.8833333e+02  -1.4662923e+03
   3.8835417e+02  -1.4662923e+03
   3.8837917e+02  -1.4662923e+03
   3.8840000e+02  -1.4662923e+03
   3.8842083e+02  -1.4662923e+03
   3.8844583e+02  -1.4662923e+03
   3.8846667e+02  -1.4662923e+03
   3.8849167e+02  -1.4662923e+03
   3.8851250e+02  -1.4662923e+03
   3.8853750e+02  -1.4662923e+03
   3.8855833e+02  -1.4662923e+03
   3.8858333e+02  -1.4662923e+03
   3.8860417e+02  -1.4662923e+03
   3.8862917e+02  -1.4662923e+03
   3.8865000e+02  -1.4662923e+03
   3.8867083e+02  -1.4662923e+03
   3.8869583e+02  -1.4662923e+03
   3.8871667e+02  -1.4662923e+03
   3.8874167e+02  -1.4662923e+03
   3.8876250e+02  -1.4662923e+03
   3.8878750e+02  -1.4662923e+03
   3.8880833e+02  -1.4662923e+03
   3.8883333e+02  -1.4662923e+03
   3.8885417e+02  -1.4662923e+03
   3.8887917e+02  -1.4662923e+03
   3.8890000e+02  -1.4662923e+03
   3.8892083e+02  -1.4662923e+03
   3.8894583e+02  -1.4662923e+03
   3.8896667e+02  -1.4662923e+03
   3.8899167e+02  -1.4662923e+03
   3.8902500e+02  -1.4662393e+03
   3.8904583e+02  -1.4660856e+03
   3.8907083e+02  -1.4658461e+03
   3.8909167e+02  -1.4655443e+03
   3.8911667e+02  -1.4652097e+03
   3.8913750e+02  -1.4648752e+03
   3.8916250e+02  -1.4645734e+03
   3.8918333e+02  -1.4643339e+03
   3.8920833e+02  -1.4641801e+03
   3.8922917e+02  -1.4641272e+03
   3.8925000e+02  -1.4641272e+03
   3.8927500e+02  -1.4641272e+03
   3.8929583e+02  -1.4641272e+03
   3.8932083e+02  -1.4641272e+03
   3.8934167e+02  -1.4641272e+03
   3.8936667e+02  -1.4641272e+03
   3.8938750e+02  -1.4641272e+03
   3.8941250e+02  -1.4641272e+03
   3.8943333e+02  -1.4641272e+03
   3.8945833e+02  -1.4641272e+03
   3.8947917e+02  -1.4641272e+03
   3.8950417e+02  -1.4641272e+03
   3.8952500e+02  -1.4641272e+03
   3.8954583e+02  -1.4641272e+03
   3.8957083e+02  -1.4641272e+03
   3.8959167e+02  -1.4641272e+03
   3.8961667e+02  -1.4641272e+03
   3.8963750e+02  -1.4641272e+03
   3.8966250e+02  -1.4641272e+03
   3.8968333e+02  -1.4641272e+03
   3.8970833e+02  -1.4641272e+03
   3.8972917e+02  -1.4641272e+03
   3.8975417e+02  -1.4641272e+03
   3.8977500e+02  -1.4641272e+03
   3.8979583e+02  -1.4641272e+03
   3.8982083e+02  -1.4641272e+03
   3.8984167e+02  -1.4641272e+03
   3.8986667e+02  -1.4641272e+03
   3.8988750e+02  -1.4641272e+03
   3.8991250e+02  -1.4641272e+03
   3.8993333e+02  -1.4641272e+03
   3.8995833e+02  -1.4641272e+03
   3.8997917e+02  -1.4641272e+03
   3.9001250e+02  -1.4640428e+03
   3.9003750e+02  -1.4633802e+03
   3.9005833e+02  -1.4621198e+03
   3.9008333e+02  -1.4603851e+03
   3.9010417e+02  -1.4583458e+03
   3.9012500e+02  -1.4562016e+03
   3.9015000e+02  -1.4541623e+03
   3.9017083e+02  -1.4524276e+03
   3.9019583e+02  -1.4511673e+03
   3.9021667e+02  -1.4505047e+03
   3.9024167e+02  -1.4504203e+03
   3.9026250e+02  -1.4504203e+03
   3.9028750e+02  -1.4504203e+03
   3.9030833e+02  -1.4504203e+03
   3.9033333e+02  -1.4504203e+03
   3.9035417e+02  -1.4504203e+03
   3.9037917e+02  -1.4504203e+03
   3.9040000e+02  -1.4504203e+03
   3.9042083e+02  -1.4504203e+03
   3.9044583e+02  -1.4504203e+03
   3.9046667e+02  -1.4504203e+03
   3.9049167e+02  -1.4504203e+03
   3.9051250e+02  -1.4504203e+03
   3.9053750e+02  -1.4504203e+03
   3.9055833e+02  -1.4504203e+03
   3.9058333e+02  -1.4504203e+03
   3.9060417e+02  -1.4504203e+03
   3.9062917e+02  -1.4504203e+03
   3.9065000e+02  -1.4504203e+03
   3.9067083e+02  -1.4504203e+03
   3.9069583e+02  -1.4504203e+03
   3.9071667e+02  -1.4504203e+03
   3.9074167e+02  -1.4504203e+03
   3.9076250e+02  -1.4504203e+03
   3.9078750e+02  -1.4504203e+03
   3.9080833e+02  -1.4504203e+03
   3.9083333e+02  -1.4504203e+03
   3.9085417e+02  -1.4504203e+03
   3.9087917e+02  -1.4504203e+03
   3.9090000e+02  -1.4504203e+03
   3.9092083e+02  -1.4504203e+03
   3.9094583e+02  -1.4504203e+03
   3.9096667e+02  -1.4504203e+03
   3.9099167e+02  -1.4504203e+03
   3.9102500e+02  -1.4503176e+03
   3.9104583e+02  -1.4500194e+03
   3.9107083e+02  -1.4495550e+03
   3.9109167e+02  -1.4489698e+03
   3.9111667e+02  -1.4483212e+03
   3.9113750e+02  -1.4476725e+03
   3.9116250e+02  -1.4470873e+03
   3.9118333e+02  -1.4466229e+03
   3.9120833e+02  -1.4463247e+03
   3.9122917e+02  -1.4462220e+03
   3.9125000e+02  -1.4462220e+03
   3.9127500e+02  -1.4462220e+03
   3.9129583e+02  -1.4462220e+03
   3.9132083e+02  -1.4462220e+03
   3.9134167e+02  -1.4462220e+03
   3.9136667e+02  -1.4462220e+03
   3.9138750e+02  -1.4462220e+03
   3.9141250e+02  -1.4462220e+03
   3.9143333e+02  -1.4462220e+03
   3.9145833e+02  -1.4462220e+03
   3.9147917e+02  -1.4462220e+03
   3.9150417e+02  -1.4462220e+03
   3.9152500e+02  -1.4462220e+03
   3.9154583e+02  -1.4462220e+03
   3.9157083e+02  -1.4462220e+03
   3.9159167e+02  -1.4462220e+03
   3.9161667e+02  -1.4462220e+03
   3.9163750e+02  -1.4462220e+03
   3.9166250e+02  -1.4462220e+03
   3.9168333e+02  -1.4462220e+03
   3.9170833e+02  -1.4462220e+03
   3.9172917e+02  -1.4462220e+03
   3.9175417e+02  -1.4462220e+03
   3.9177500e+02  -1.4462220e+03
   3.9179583e+02  -1.4462220e+03
   3.9182083e+02  -1.4462220e+03
   3.9184167e+02  -1.4462220e+03
   3.9186667e+02  -1.4462220e+03
   3.9188750e+02  -1.4462220e+03
   3.9191250e+02  -1.4462220e+03
   3.9193333e+02  -1.4462220e+03
   3.9195833e+02  -1.4462220e+03
   3.9197917e+02  -1.4462220e+03
   3.9201250e+02  -1.4463020e+03
   3.9203750e+02  -1.4469302e+03
   3.9205833e+02  -1.4481251e+03
   3.9208333e+02  -1.4497698e+03
   3.9210417e+02  -1.4517032e+03
   3.9212500e+02  -1.4537361e+03
   3.9215000e+02  -1.4556695e+03
   3.9217083e+02  -1.4573142e+03
   3.9219583e+02  -1.4585091e+03
   3.9221667e+02  -1.4591373e+03
   3.9224167e+02  -1.4592173e+03
   3.9226250e+02  -1.4592173e+03
   3.9228750e+02  -1.4592173e+03
   3.9230833e+02  -1.4592173e+03
   3.9233333e+02  -1.4592173e+03
   3.9235417e+02  -1.4592173e+03
   3.9237917e+02  -1.4592173e+03
   3.9240000e+02  -1.4592173e+03
   3.9242083e+02  -1.4592173e+03
   3.9244583e+02  -1.4592173e+03
   3.9246667e+02  -1.4592173e+03
   3.9249167e+02  -1.4592173e+03
   3.9251250e+02  -1.4592173e+03
   3.9253750e+02  -1.4592173e+03
   3.9255833e+02  -1.4592173e+03
   3.9258333e+02  -1.4592173e+03
   3.9260417e+02  -1.4592173e+03
   3.9262917e+02  -1.4592173e+03
   3.9265000e+02  -1.4592173e+03
   3.9267083e+02  -1.4592173e+03
   3.9269583e+02  -1.4592173e+03
   3.9271667e+02  -1.4592173e+03
   3.9274167e+02  -1.4592173e+03
   3.9276250e+02  -1.4592173e+03
   3.9278750e+02  -1.4592173e+03
   3.9280833e+02  -1.4592173e+03
   3.9283333e+02  -1.4592173e+03
   3.9285417e+02  -1.4592173e+03
   3.9287917e+02  -1.4592173e+03
   3.9290000e+02  -1.4592173e+03
   3.9292083e+02  -1.4592173e+03
   3.9294583e+02  -1.4592173e+03
   3.9296667e+02  -1.4592173e+03
   3.9299167e+02  -1.4592173e+03
   3.9302500e+02  -1.4591512e+03
   3.9304583e+02  -1.4589596e+03
   3.9307083e+02  -1.4586611e+03
   3.9309167e+02  -1.4582849e+03
   3.9311667e+02  -1.4578679e+03
   3.9313750e+02  -1.4574510e+03
   3.9316250e+02  -1.4570748e+03
   3.9318333e+02  -1.4567763e+03
   3.9320833e+02  -1.4565846e+03
   3.9322917e+02  -1.4565186e+03
   3.9325000e+02  -1.4565186e+03
   3.9327500e+02  -1.4565186e+03
   3.9329583e+02  -1.4565186e+03
   3.9332083e+02  -1.4565186e+03
   3.9334167e+02  -1.4565186e+03
   3.9336667e+02  -1.4565186e+03
   3.9338750e+02  -1.4565186e+03
   3.9341250e+02  -1.4565186e+03
   3.9343333e+02  -1.4565186e+03
   3.9345833e+02  -1.4565186e+03
   3.9347917e+02  -1.4565186e+03
   3.9350417e+02  -1.4565186e+03
   3.9352500e+02  -1.4565186e+03
   3.9354583e+02  -1.4565186e+03
   3.9357083e+02  -1.4565186e+03
   3.9359167e+02  -1.4565186e+03
   3.9361667e+02  -1.4565186e+03
   3.9363750e+02  -1.4565186e+03
   3.9366250e+02  -1.4565186e+03
   3.9368333e+02  -1.4565186e+03
   3.9370833e+02  -1.4565186e+03
   3.9372917e+02  -1.4565186e+03
   3.9375417e+02  -1.4565186e+03
   3.9377500e+02  -1.4565186e+03
   3.9379583e+02  -1.4565186e+03
   3.9382083e+02  -1.4565186e+03
   3.9384167e+02  -1.4565186e+03
   3.9386667e+02  -1.4565186e+03
   3.9388750e+02  -1.4565186e+03
   3.9391250e+02  -1.4565186e+03
   3.9393333e+02  -1.4565186e+03
   3.9395833e+02  -1.4565186e+03
   3.9397917e+02  -1.4565186e+03
   3.9401250e+02  -1.4564825e+03
   3.9403750e+02  -1.4561990e+03
   3.9405833e+02  -1.4556596e+03
   3.9408333e+02  -1.4549173e+03
   3.9410417e+02  -1.4540447e+03
   3.9412500e+02  -1.4531272e+03
   3.9415000e+02  -1.4522546e+03
   3.9417083e+02  -1.4515123e+03
   3.9419583e+02  -1.4509729e+03
   3.9421667e+02  -1.4506894e+03
   3.9424167e+02  -1.4506533e+03
   3.9426250e+02  -1.4506533e+03
   3.9428750e+02  -1.4506533e+03
   3.9430833e+02  -1.4506533e+03
   3.9433333e+02  -1.4506533e+03
   3.9435417e+02  -1.4506533e+03
   3.9437917e+02  -1.4506533e+03
   3.9440000e+02  -1.4506533e+03
   3.9442083e+02  -1.4506533e+03
   3.9444583e+02  -1.4506533e+03
   3.9446667e+02  -1.4506533e+03
   3.9449167e+02  -1.4506533e+03
   3.9451250e+02  -1.4506533e+03
   3.9453750e+02  -1.4506533e+03
   3.9455833e+02  -1.4506533e+03
   3.9458333e+02  -1.4506533e+03
   3.9460417e+02  -1.4506533e+03
   3.9462917e+02  -1.4506533e+03
   3.9465000e+02  -1.4506533e+03
   3.9467083e+02  -1.4506533e+03
   3.9469583e+02  -1.4506533e+03
   3.9471667e+02  -1.4506533e+03
   3.9474167e+02  -1.4506533e+03
   3.9476250e+02  -1.4506533e+03
   3.9478750e+02  -1.4506533e+03
   3.9480833e+02  -1.4506533e+03
   3.9483333e+02  -1.4506533e+03
   3.9485417e+02  -1.4506533e+03
   3.9487917e+02  -1.4506533e+03
   3.9490000e+02  -1.4506533e+03
   3.9492083e+02  -1.4506533e+03
   3.9494583e+02  -1.4506533e+03
   3.9496667e+02  -1.4506533e+03
   3.9499167e+02  -1.4506533e+03
   3.9502500e+02  -1.4503464e+03
   3.9504583e+02  -1.4494557e+03
   3.9507083e+02  -1.4480683e+03
   3.9509167e+02  -1.4463202e+03
   3.9511667e+02  -1.4443823e+03
   3.9513750e+02  -1.4424445e+03
   3.9516250e+02  -1.4406964e+03
   3.9518333e+02  -1.4393090e+03
   3.9520833e+02  -1.4384183e+03
   3.9522917e+02  -1.4381114e+03
   3.9525000e+02  -1.4381114e+03
   3.9527500e+02  -1.4381114e+03
   3.9529583e+02  -1.4381114e+03
   3.9532083e+02  -1.4381114e+03
   3.9534167e+02  -1.4381114e+03
   3.9536667e+02  -1.4381114e+03
   3.9538750e+02  -1.4381114e+03
   3.9541250e+02  -1.4381114e+03
   3.9543333e+02  -1.4381114e+03
   3.9545833e+02  -1.4381114e+03
   3.9547917e+02  -1.4381114e+03
   3.9550417e+02  -1.4381114e+03
   3.9552500e+02  -1.4381114e+03
   3.9554583e+02  -1.4381114e+03
   3.9557083e+02  -1.4381114e+03
   3.9559167e+02  -1.4381114e+03
   3.9561667e+02  -1.4381114e+03
   3.9563750e+02  -1.4381114e+03
   3.9566250e+02  -1.4381114e+03
   3.9568333e+02  -1.4381114e+03
   3.9570833e+02  -1.4381114e+03
   3.9572917e+02  -1.4381114e+03
   3.9575417e+02  -1.4381114e+03
   3.9577500e+02  -1.4381114e+03
   3.9579583e+02  -1.4381114e+03
   3.9582083e+02  -1.4381114e+03
   3.9584167e+02  -1.4381114e+03
   3.9586667e+02  -1.4381114e+03
   3.9588750e+02  -1.4381114e+03
   3.9591250e+02  -1.4381114e+03
   3.9593333e+02  -1.4381114e+03
   3.9595833e+02  -1.4381114e+03
   3.9597917e+02  -1.4381114e+03
   3.9601250e+02  -1.4380527e+03
   3.9603750e+02  -1.4375920e+03
   3.9605833e+02  -1.4367156e+03
   3.9608333e+02  -1.4355094e+03
   3.9610417e+02  -1.4340914e+03
   3.9612500e+02  -1.4326004e+03
   3.9615000e+02  -1.4311824e+03
   3.9617083e+02  -1.4299762e+03
   3.9619583e+02  -1.4290998e+03
   3.9621667e+02  -1.4286391e+03
   3.9624167e+02  -1.4285804e+03
   3.9626250e+02  -1.4285804e+03
   3.9628750e+02  -1.4285804e+03
   3.9630833e+02  -1.4285804e+03
   3.9633333e+02  -1.4285804e+03
   3.9635417e+02  -1.4285804e+03
   3.9637917e+02  -1.4285804e+03
   3.9640000e+02  -1.4285804e+03
   3.9642083e+02  -1.4285804e+03
   3.9644583e+02  -1.4285804e+03
   3.9646667e+02  -1.4285804e+03
   3.9649167e+02  -1.4285804e+03
   3.9651250e+02  -1.4285804e+03
   3.9653750e+02  -1.4285804e+03
   3.9655833e+02  -1.4285804e+03
   3.9658333e+02  -1.4285804e+03
   3.9660417e+02  -1.4285804e+03
   3.9662917e+02  -1.4285804e+03
   3.9665000e+02  -1.4285804e+03
   3.9667083e+02  -1.4285804e+03
   3.9669583e+02  -1.4285804e+03
   3.9671667e+02  -1.4285804e+03
   3.9674167e+02  -1.4285804e+03
   3.9676250e+02  -1.4285804e+03
   3.9678750e+02  -1.4285804e+03
   3.9680833e+02  -1.4285804e+03
   3.9683333e+02  -1.4285804e+03
   3.9685417e+02  -1.4285804e+03
   3.9687917e+02  -1.4285804e+03
   3.9690000e+02  -1.4285804e+03
   3.9692083e+02  -1.4285804e+03
   3.9694583e+02  -1.4285804e+03
   3.9696667e+02  -1.4285804e+03
   3.9699167e+02  -1.4285804e+03
   3.9702500e+02  -1.4283203e+03
   3.9704583e+02  -1.4275653e+03
   3.9707083e+02  -1.4263894e+03
   3.9709167e+02  -1.4249076e+03
   3.9711667e+02  -1.4232651e+03
   3.9713750e+02  -1.4216226e+03
   3.9716250e+02  -1.4201408e+03
   3.9718333e+02  -1.4189649e+03
   3.9720833e+02  -1.4182099e+03
   3.9722917e+02  -1.4179498e+03
   3.9725000e+02  -1.4179498e+03
   3.9727500e+02  -1.4179498e+03
   3.9729583e+02  -1.4179498e+03
   3.9732083e+02  -1.4179498e+03
   3.9734167e+02  -1.4179498e+03
   3.9736667e+02  -1.4179498e+03
   3.9738750e+02  -1.4179498e+03
   3.9741250e+02  -1.4179498e+03
   3.9743333e+02  -1.4179498e+03
   3.9745833e+02  -1.4179498e+03
   3.9747917e+02  -1.4179498e+03
   3.9750417e+02  -1.4179498e+03
   3.9752500e+02  -1.4179498e+03
   3.9754583e+02  -1.4179498e+03
   3.9757083e+02  -1.4179498e+03
   3.9759167e+02  -1.4179498e+03
   3.9761667e+02  -1.4179498e+03
   3.9763750e+02  -1.4179498e+03
   3.9766250e+02  -1.4179498e+03
   3.9768333e+02  -1.4179498e+03
   3.9770833e+02  -1.4179498e+03
   3.9772917e+02  -1.4179498e+03
   3.9775417e+02  -1.4179498e+03
   3.9777500e+02  -1.4179498e+03
   3.9779583e+02  -1.4179498e+03
   3.9782083e+02  -1.4179498e+03
   3.9784167e+02  -1.4179498e+03
   3.9786667e+02  -1.4179498e+03
   3.9788750e+02  -1.4179498e+03
   3.9791250e+02  -1.4179498e+03
   3.9793333e+02  -1.4179498e+03
   3.9795833e+02  -1.4179498e+03
   3.9797917e+02  -1.4179498e+03
   3.9801250e+02  -1.4178726e+03
   3.9803750e+02  -1.4172662e+03
   3.9805833e+02  -1.4161129e+03
   3.9808333e+02  -1.4145255e+03
   3.9810417e+02  -1.4126594e+03
   3.9812500e+02  -1.4106972e+03
   3.9815000e+02  -1.4088311e+03
   3.9817083e+02  -1.4072437e+03
   3.9819583e+02  -1.4060904e+03
   3.9821667e+02  -1.4054841e+03
   3.9824167e+02  -1.4054069e+03
   3.9826250e+02  -1.4054069e+03
   3.9828750e+02  -1.4054069e+03
   3.9830833e+02  -1.4054069e+03
   3.9833333e+02  -1.4054069e+03
   3.9835417e+02  -1.4054069e+03
   3.9837917e+02  -1.4054069e+03
   3.9840000e+02  -1.4054069e+03
   3.9842083e+02  -1.4054069e+03
   3.9844583e+02  -1.4054069e+03
   3.9846667e+02  -1.4054069e+03
   3.9849167e+02  -1.4054069e+03
   3.9851250e+02  -1.4054069e+03
   3.9853750e+02  -1.4054069e+03
   3.9855833e+02  -1.4054069e+03
   3.9858333e+02  -1.4054069e+03
   3.9860417e+02  -1.4054069e+03
   3.9862917e+02  -1.4054069e+03
   3.9865000e+02  -1.4054069e+03
   3.9867083e+02  -1.4054069e+03
   3.9869583e+02  -1.4054069e+03
   3.9871667e+02  -1.4054069e+03
   3.9874167e+02  -1.4054069e+03
   3.9876250e+02  -1.4054069e+03
   3.9878750e+02  -1.4054069e+03
   3.9880833e+02  -1.4054069e+03
   3.9883333e+02  -1.4054069e+03
   3.9885417e+02  -1.4054069e+03
   3.9887917e+02  -1.4054069e+03
   3.9890000e+02  -1.4054069e+03
   3.9892083e+02  -1.4054069e+03
   3.9894583e+02  -1.4054069e+03
   3.9896667e+02  -1.4054069e+03
   3.9899167e+02  -1.4054069e+03
   3.9902500e+02  -1.4057819e+03
   3.9904583e+02  -1.4068705e+03
   3.9907083e+02  -1.4085658e+03
   3.9909167e+02  -1.4107022e+03
   3.9911667e+02  -1.4130703e+03
   3.9913750e+02  -1.4154384e+03
   3.9916250e+02  -1.4175747e+03
   3.9918333e+02  -1.4192701e+03
   3.9920833e+02  -1.4203586e+03
   3.9922917e+02  -1.4207337e+03
   3.9925000e+02  -1.4207337e+03
   3.9927500e+02  -1.4207337e+03
   3.9929583e+02  -1.4207337e+03
   3.9932083e+02  -1.4207337e+03
   3.9934167e+02  -1.4207337e+03
   3.9936667e+02  -1.4207337e+03
   3.9938750e+02  -1.4207337e+03
   3.9941250e+02  -1.4207337e+03
   3.9943333e+02  -1.4207337e+03
   3.9945833e+02  -1.4207337e+03
   3.9947917e+02  -1.4207337e+03
   3.9950417e+02  -1.4207337e+03
   3.9952500e+02  -1.4207337e+03
   3.9954583e+02  -1.4207337e+03
   3.9957083e+02  -1.4207337e+03
   3.9959167e+02  -1.4207337e+03
   3.9961667e+02  -1.4207337e+03
   3.9963750e+02  -1.4207337e+03
   3.9966250e+02  -1.4207337e+03
   3.9968333e+02  -1.4207337e+03
   3.9970833e+02  -1.4207337e+03
   3.9972917e+02  -1.4207337e+03
   3.9975417e+02  -1.4207337e+03
   3.9977500e+02  -1.4207337e+03
   3.9979583e+02  -1.4207337e+03
   3.9982083e+02  -1.4207337e+03
   3.9984167e+02  -1.4207337e+03
   3.9986667e+02  -1.4207337e+03
   3.9988750e+02  -1.4207337e+03
   3.9991250e+02  -1.4207337e+03
   3.9993333e+02  -1.4207337e+03
   3.9995833e+02  -1.4207337e+03
   3.9997917e+02  -1.4207337e+03
   4.0001250e+02  -1.4207554e+03
   4.0003750e+02  -1.4209256e+03
   4.0005833e+02  -1.4212493e+03
   4.0008333e+02  -1.4216949e+03
   4.0010417e+02  -1.4222187e+03
   4.0012500e+02  -1.4227695e+03
   4.0015000e+02  -1.4232933e+03
   4.0017083e+02  -1.4237388e+03
   4.0019583e+02  -1.4240626e+03
   4.0021667e+02  -1.4242328e+03
   4.0024167e+02  -1.4242544e+03
   4.0026250e+02  -1.4242544e+03
   4.0028750e+02  -1.4242544e+03
   4.0030833e+02  -1.4242544e+03
   4.0033333e+02  -1.4242544e+03
   4.0035417e+02  -1.4242544e+03
   4.0037917e+02  -1.4242544e+03
   4.0040000e+02  -1.4242544e+03
   4.0042083e+02  -1.4242544e+03
   4.0044583e+02  -1.4242544e+03
   4.0046667e+02  -1.4242544e+03
   4.0049167e+02  -1.4242544e+03
   4.0051250e+02  -1.4242544e+03
   4.0053750e+02  -1.4242544e+03
   4.0055833e+02  -1.4242544e+03
   4.0058333e+02  -1.4242544e+03
   4.0060417e+02  -1.4242544e+03
   4.0062917e+02  -1.4242544e+03
   4.0065000e+02  -1.4242544e+03
   4.0067083e+02  -1.4242544e+03
   4.0069583e+02  -1.4242544e+03
   4.0071667e+02  -1.4242544e+03
   4.0074167e+02  -1.4242544e+03
   4.0076250e+02  -1.4242544e+03
   4.0078750e+02  -1.4242544e+03
   4.0080833e+02  -1.4242544e+03
   4.0083333e+02  -1.4242544e+03
   4.0085417e+02  -1.4242544e+03
   4.0087917e+02  -1.4242544e+03
   4.0090000e+02  -1.4242544e+03
   4.0092083e+02  -1.4242544e+03
   4.0094583e+02  -1.4242544e+03
   4.0096667e+02  -1.4242544e+03
   4.0099167e+02  -1.4242544e+03
   4.0102500e+02  -1.4238191e+03
   4.0104583e+02  -1.4225555e+03
   4.0107083e+02  -1.4205876e+03
   4.0109167e+02  -1.4181078e+03
   4.0111667e+02  -1.4153589e+03
   4.0113750e+02  -1.4126101e+03
   4.0116250e+02  -1.4101303e+03
   4.0118333e+02  -1.4081623e+03
   4.0120833e+02  -1.4068988e+03
   4.0122917e+02  -1.4064634e+03
   4.0125000e+02  -1.4064634e+03
   4.0127500e+02  -1.4064634e+03
   4.0129583e+02  -1.4064634e+03
   4.0132083e+02  -1.4064634e+03
   4.0134167e+02  -1.4064634e+03
   4.0136667e+02  -1.4064634e+03
   4.0138750e+02  -1.4064634e+03
   4.0141250e+02  -1.4064634e+03
   4.0143333e+02  -1.4064634e+03
   4.0145833e+02  -1.4064634e+03
   4.0147917e+02  -1.4064634e+03
   4.0150417e+02  -1.4064634e+03
   4.0152500e+02  -1.4064634e+03
   4.0154583e+02  -1.4064634e+03
   4.0157083e+02  -1.4064634e+03
   4.0159167e+02  -1.4064634e+03
   4.0161667e+02  -1.4064634e+03
   4.0163750e+02  -1.4064634e+03
   4.0166250e+02  -1.4064634e+03
   4.0168333e+02  -1.4064634e+03
   4.0170833e+02  -1.4064634e+03
   4.0172917e+02  -1.4064634e+03
   4.0175417e+02  -1.4064634e+03
   4.0177500e+02  -1.4064634e+03
   4.0179583e+02  -1.4064634e+03
   4.0182083e+02  -1.4064634e+03
   4.0184167e+02  -1.4064634e+03
   4.0186667e+02  -1.4064634e+03
   4.0188750e+02  -1.4064634e+03
   4.0191250e+02  -1.4064634e+03
   4.0193333e+02  -1.4064634e+03
   4.0195833e+02  -1.4064634e+03
   4.0197917e+02  -1.4064634e+03
   4.0201250e+02  -1.4064627e+03
   4.0203750e+02  -1.4064573e+03
   4.0205833e+02  -1.4064468e+03
   4.0208333e+02  -1.4064325e+03
   4.0210417e+02  -1.4064156e+03
   4.0212500e+02  -1.4063979e+03
   4.0215000e+02  -1.4063810e+03
   4.0217083e+02  -1.4063667e+03
   4.0219583e+02  -1.4063562e+03
   4.0221667e+02  -1.4063507e+03
   4.0224167e+02  -1.4063501e+03
   4.0226250e+02  -1.4063501e+03
   4.0228750e+02  -1.4063501e+03
   4.0230833e+02  -1.4063501e+03
   4.0233333e+02  -1.4063501e+03
   4.0235417e+02  -1.4063501e+03
   4.0237917e+02  -1.4063501e+03
   4.0240000e+02  -1.4063501e+03
   4.0242083e+02  -1.4063501e+03
   4.0244583e+02  -1.4063501e+03
   4.0246667e+02  -1.4063501e+03
   4.0249167e+02  -1.4063501e+03
   4.0251250e+02  -1.4063501e+03
   4.0253750e+02  -1.4063501e+03
   4.0255833e+02  -1.4063501e+03
   4.0258333e+02  -1.4063501e+03
   4.0260417e+02  -1.4063501e+03
   4.0262917e+02  -1.4063501e+03
   4.0265000e+02  -1.4063501e+03
   4.0267083e+02  -1.4063501e+03
   4.0269583e+02  -1.4063501e+03
   4.0271667e+02  -1.4063501e+03
   4.0274167e+02  -1.4063501e+03
   4.0276250e+02  -1.4063501e+03
   4.0278750e+02  -1.4063501e+03
   4.0280833e+02  -1.4063501e+03
   4.0283333e+02  -1.4063501e+03
   4.0285417e+02  -1.4063501e+03
   4.0287917e+02  -1.4063501e+03
   4.0290000e+02  -1.4063501e+03
   4.0292083e+02  -1.4063501e+03
   4.0294583e+02  -1.4063501e+03
   4.0296667e+02  -1.4063501e+03
   4.0299167e+02  -1.4063501e+03
   4.0302500e+02  -1.4065654e+03
   4.0304583e+02  -1.4071905e+03
   4.0307083e+02  -1.4081640e+03
   4.0309167e+02  -1.4093907e+03
   4.0311667e+02  -1.4107505e+03
   4.0313750e+02  -1.4121104e+03
   4.0316250e+02  -1.4133371e+03
   4.0318333e+02  -1.4143106e+03
   4.0320833e+02  -1.4149356e+03
   4.0322917e+02  -1.4151510e+03
   4.0325000e+02  -1.4151510e+03
   4.0327500e+02  -1.4151510e+03
   4.0329583e+02  -1.4151510e+03
   4.0332083e+02  -1.4151510e+03
   4.0334167e+02  -1.4151510e+03
   4.0336667e+02  -1.4151510e+03
   4.0338750e+02  -1.4151510e+03
   4.0341250e+02  -1.4151510e+03
   4.0343333e+02  -1.4151510e+03
   4.0345833e+02  -1.4151510e+03
   4.0347917e+02  -1.4151510e+03
   4.0350417e+02  -1.4151510e+03
   4.0352500e+02  -1.4151510e+03
   4.0354583e+02  -1.4151510e+03
   4.0357083e+02  -1.4151510e+03
   4.0359167e+02  -1.4151510e+03
   4.0361667e+02  -1.4151510e+03
   4.0363750e+02  -1.4151510e+03
   4.0366250e+02  -1.4151510e+03
   4.0368333e+02  -1.4151510e+03
   4.0370833e+02  -1.4151510e+03
   4.0372917e+02  -1.4151510e+03
   4.0375417e+02  -1.4151510e+03
   4.0377500e+02  -1.4151510e+03
   4.0379583e+02  -1.4151510e+03
   4.0382083e+02  -1.4151510e+03
   4.0384167e+02  -1.4151510e+03
   4.0386667e+02  -1.4151510e+03
   4.0388750e+02  -1.4151510e+03
   4.0391250e+02  -1.4151510e+03
   4.0393333e+02  -1.4151510e+03
   4.0395833e+02  -1.4151510e+03
   4.0397917e+02  -1.4151510e+03
   4.0401250e+02  -1.4150909e+03
   4.0403750e+02  -1.4146193e+03
   4.0405833e+02  -1.4137221e+03
   4.0408333e+02  -1.4124873e+03
   4.0410417e+02  -1.4110356e+03
   4.0412500e+02  -1.4095093e+03
   4.0415000e+02  -1.4080577e+03
   4.0417083e+02  -1.4068228e+03
   4.0419583e+02  -1.4059257e+03
   4.0421667e+02  -1.4054540e+03
   4.0424167e+02  -1.4053940e+03
   4.0426250e+02  -1.4053940e+03
   4.0428750e+02  -1.4053940e+03
   4.0430833e+02  -1.4053940e+03
   4.0433333e+02  -1.4053940e+03
   4.0435417e+02  -1.4053940e+03
   4.0437917e+02  -1.4053940e+03
   4.0440000e+02  -1.4053940e+03
   4.0442083e+02  -1.4053940e+03
   4.0444583e+02  -1.4053940e+03
   4.0446667e+02  -1.4053940e+03
   4.0449167e+02  -1.4053940e+03
   4.0451250e+02  -1.4053940e+03
   4.0453750e+02  -1.4053940e+03
   4.0455833e+02  -1.4053940e+03
   4.0458333e+02  -1.4053940e+03
   4.0460417e+02  -1.4053940e+03
   4.0462917e+02  -1.4053940e+03
   4.0465000e+02  -1.4053940e+03
   4.0467083e+02  -1.4053940e+03
   4.0469583e+02  -1.4053940e+03
   4.0471667e+02  -1.4053940e+03
   4.0474167e+02  -1.4053940e+03
   4.0476250e+02  -1.4053940e+03
   4.0478750e+02  -1.4053940e+03
   4.0480833e+02  -1.4053940e+03
   4.0483333e+02  -1.4053940e+03
   4.0485417e+02  -1.4053940e+03
   4.0487917e+02  -1.4053940e+03
   4.0490000e+02  -1.4053940e+03
   4.0492083e+02  -1.4053940e+03
   4.0494583e+02  -1.4053940e+03
   4.0496667e+02  -1.4053940e+03
   4.0499167e+02  -1.4053940e+03
   4.0502500e+02  -1.4055069e+03
   4.0504583e+02  -1.4058345e+03
   4.0507083e+02  -1.4063449e+03
   4.0509167e+02  -1.4069880e+03
   4.0511667e+02  -1.4077009e+03
   4.0513750e+02  -1.4084137e+03
   4.0516250e+02  -1.4090568e+03
   4.0518333e+02  -1.4095672e+03
   4.0520833e+02  -1.4098949e+03
   4.0522917e+02  -1.4100078e+03
   4.0525000e+02  -1.4100078e+03
   4.0527500e+02  -1.4100078e+03
   4.0529583e+02  -1.4100078e+03
   4.0532083e+02  -1.4100078e+03
   4.0534167e+02  -1.4100078e+03
   4.0536667e+02  -1.4100078e+03
   4.0538750e+02  -1.4100078e+03
   4.0541250e+02  -1.4100078e+03
   4.0543333e+02  -1.4100078e+03
   4.0545833e+02  -1.4100078e+03
   4.0547917e+02  -1.4100078e+03
   4.0550417e+02  -1.4100078e+03
   4.0552500e+02  -1.4100078e+03
   4.0554583e+02  -1.4100078e+03
   4.0557083e+02  -1.4100078e+03
   4.0559167e+02  -1.4100078e+03
   4.0561667e+02  -1.4100078e+03
   4.0563750e+02  -1.4100078e+03
   4.0566250e+02  -1.4100078e+03
   4.0568333e+02  -1.4100078e+03
   4.0570833e+02  -1.4100078e+03
   4.0572917e+02  -1.4100078e+03
