   3.5975000e+02  -1.4713544e+03
   3.5977500e+02  -1.4722952e+03
   3.5979750e+02  -1.4741910e+03
   3.5982000e+02  -1.4766842e+03
   3.5984250e+02  -1.4767722e+03
   3.5986500e+02  -1.4764401e+03
   3.5988750e+02  -1.4751149e+03
   3.5991000e+02  -1.4752197e+03
   3.5993250e+02  -1.4744330e+03
   3.5995500e+02  -1.4737272e+03
   3.5997750e+02  -1.4720959e+03
   3.6001250e+02  -1.4732683e+03
   3.6003500e+02  -1.4742654e+03
   3.6005750e+02  -1.4746677e+03
   3.6008000e+02  -1.4724291e+03
   3.6010250e+02  -1.4702044e+03
   3.6012500e+02  -1.4673503e+03
   3.6015000e+02  -1.4649080e+03
   3.6017250e+02  -1.4627220e+03
   3.6019500e+02  -1.4597516e+03
   3.6021750e+02  -1.4589980e+03
   3.6024000e+02  -1.4588489e+03
   3.6026250e+02  -1.4593536e+03
   3.6028500e+02  -1.4578138e+03
   3.6030750e+02  -1.4562427e+03
   3.6033000e+02  -1.4536506e+03
   3.6035250e+02  -1.4525937e+03
   3.6037500e+02  -1.4511917e+03
   3.6040000e+02  -1.4497648e+03
   3.6042250e+02  -1.4489236e+03
   3.6044500e+02  -1.4483994e+03
   3.6046750e+02  -1.4500280e+03
   3.6049000e+02  -1.4508426e+03
   3.6051250e+02  -1.4512366e+03
   3.6053500e+02  -1.4501572e+03
   3.6055750e+02  -1.4503029e+03
   3.6058000e+02  -1.4501867e+03
   3.6060250e+02  -1.4507387e+03
   3.6062500e+02  -1.4496622e+03
   3.6065000e+02  -1.4490198e+03
   3.6067250e+02  -1.4498848e+03
   3.6069500e+02  -1.4503103e+03
   3.6071750e+02  -1.4513428e+03
   3.6074000e+02  -1.4508770e+03
   3.6076250e+02  -1.4514365e+03
   3.6078500e+02  -1.4517894e+03
   3.6080750e+02  -1.4533681e+03
   3.6083000e+02  -1.4534416e+03
   3.6085250e+02  -1.4533545e+03
   3.6087500e+02  -1.4522426e+03
   3.6090000e+02  -1.4518442e+03
   3.6092250e+02  -1.4517241e+03
   3.6094500e+02  -1.4503124e+03
   3.6096750e+02  -1.4498673e+03
   3.6099000e+02  -1.4494636e+03
   3.6102500e+02  -1.4512851e+03
   3.6104750e+02  -1.4514492e+03
   3.6107000e+02  -1.4519292e+03
   3.6109250e+02  -1.4513070e+03
   3.6111500e+02  -1.4515507e+03
   3.6113750e+02  -1.4504773e+03
   3.6116000e+02  -1.4493513e+03
   3.6118250e+02  -1.4470853e+03
   3.6120500e+02  -1.4465788e+03
   3.6122750e+02  -1.4466081e+03
   3.6125000e+02  -1.4479458e+03
   3.6127500e+02  -1.4479657e+03
   3.6129750e+02  -1.4470365e+03
   3.6132000e+02  -1.4471735e+03
   3.6134250e+02  -1.4467213e+03
   3.6136500e+02  -1.4462890e+03
   3.6138750e+02  -1.4436690e+03
   3.6141000e+02  -1.4416104e+03
   3.6143250e+02  -1.4397876e+03
   3.6145500e+02  -1.4400758e+03
   3.6147750e+02  -1.4398048e+03
   3.6150000e+02  -1.4396988e+03
   3.6152500e+02  -1.4391891e+03
   3.6154750e+02  -1.4395072e+03
   3.6157000e+02  -1.4415124e+03
   3.6159250e+02  -1.4420723e+03
   3.6161500e+02  -1.4422745e+03
   3.6163750e+02  -1.4411938e+03
   3.6166000e+02  -1.4419637e+03
   3.6168250e+02  -1.4426292e+03
   3.6170500e+02  -1.4434000e+03
   3.6172750e+02  -1.4419216e+03
   3.6175000e+02  -1.4412861e+03
   3.6177500e+02  -1.4414133e+03
   3.6179750e+02  -1.4414870e+03
   3.6182000e+02  -1.4418198e+03
   3.6184250e+02  -1.4408101e+03
   3.6186500e+02  -1.4410012e+03
   3.6188750e+02  -1.4415265e+03
   3.6191000e+02  -1.4434987e+03
   3.6193250e+02  -1.4438703e+03
   3.6195500e+02  -1.4440602e+03
   3.6197750e+02  -1.4432157e+03
   3.6201250e+02  -1.4437902e+03
   3.6203500e+02  -1.4431051e+03
   3.6205750e+02  -1.4416905e+03
   3.6208000e+02  -1.4385839e+03
   3.6210250e+02  -1.4371848e+03
   3.6212500e+02  -1.4362046e+03
   3.6215000e+02  -1.4359737e+03
   3.6217250e+02  -1.4358050e+03
   3.6219500e+02  -1.4344909e+03
   3.6221750e+02  -1.4342398e+03
   3.6224000e+02  -1.4334529e+03
   3.6226250e+02  -1.4327194e+03
   3.6228500e+02  -1.4297998e+03
   3.6230750e+02  -1.4275285e+03
   3.6233000e+02  -1.4253563e+03
   3.6235250e+02  -1.4251995e+03
   3.6237500e+02  -1.4249026e+03
   3.6240000e+02  -1.4254271e+03
   3.6242250e+02  -1.4268205e+03
   3.6244500e+02  -1.4276486e+03
   3.6246750e+02  -1.4288295e+03
   3.6249000e+02  -1.4279150e+03
   3.6251250e+02  -1.4268125e+03
   3.6253500e+02  -1.4249100e+03
   3.6255750e+02  -1.4245929e+03
   3.6258000e+02  -1.4242649e+03
   3.6260250e+02  -1.4253868e+03
   3.6262500e+02  -1.4261993e+03
   3.6265000e+02  -1.4279088e+03
   3.6267250e+02  -1.4295930e+03
   3.6269500e+02  -1.4297535e+03
   3.6271750e+02  -1.4298780e+03
   3.6274000e+02  -1.4285565e+03
   3.6276250e+02  -1.4280477e+03
   3.6278500e+02  -1.4268589e+03
   3.6280750e+02  -1.4267685e+03
   3.6283000e+02  -1.4262229e+03
   3.6285250e+02  -1.4273121e+03
   3.6287500e+02  -1.4281839e+03
   3.6290000e+02  -1.4296400e+03
   3.6292250e+02  -1.4305186e+03
   3.6294500e+02  -1.4296072e+03
   3.6296750e+02  -1.4295756e+03
   3.6299000e+02  -1.4291446e+03
   3.6302500e+02  -1.4290879e+03
   3.6304750e+02  -1.4278773e+03
   3.6307000e+02  -1.4279858e+03
   3.6309250e+02  -1.4277737e+03
   3.6311500e+02  -1.4284351e+03
   3.6313750e+02  -1.4275705e+03
   3.6316000e+02  -1.4268310e+03
   3.6318250e+02  -1.4251307e+03
   3.6320500e+02  -1.4251137e+03
   3.6322750e+02  -1.4249277e+03
   3.6325000e+02  -1.4252645e+03
   3.6327500e+02  -1.4246363e+03
   3.6329750e+02  -1.4240928e+03
   3.6332000e+02  -1.4252877e+03
   3.6334250e+02  -1.4256009e+03
   3.6336500e+02  -1.4258016e+03
   3.6338750e+02  -1.4240074e+03
   3.6341000e+02  -1.4232708e+03
   3.6343250e+02  -1.4228105e+03
   3.6345500e+02  -1.4240102e+03
   3.6347750e+02  -1.4241425e+03
   3.6350000e+02  -1.4247633e+03
   3.6352500e+02  -1.4251498e+03
   3.6354750e+02  -1.4253348e+03
   3.6357000e+02  -1.4259573e+03
   3.6359250e+02  -1.4244973e+03
   3.6361500e+02  -1.4231063e+03
   3.6363750e+02  -1.4210581e+03
   3.6366000e+02  -1.4210995e+03
   3.6368250e+02  -1.4214742e+03
   3.6370500e+02  -1.4231177e+03
   3.6372750e+02  -1.4237993e+03
   3.6375000e+02  -1.4255863e+03
   3.6377500e+02  -1.4277691e+03
   3.6379750e+02  -1.4289214e+03
   3.6382000e+02  -1.4292430e+03
   3.6384250e+02  -1.4269418e+03
   3.6386500e+02  -1.4250490e+03
   3.6388750e+02  -1.4230277e+03
   3.6391000e+02  -1.4226583e+03
   3.6393250e+02  -1.4218342e+03
   3.6395500e+02  -1.4225326e+03
   3.6397750e+02  -1.4234310e+03
   3.6401250e+02  -1.4269789e+03
   3.6403500e+02  -1.4280375e+03
   3.6405750e+02  -1.4285179e+03
   3.6408000e+02  -1.4268999e+03
   3.6410250e+02  -1.4257087e+03
   3.6412500e+02  -1.4236509e+03
   3.6415000e+02  -1.4219323e+03
   3.6417250e+02  -1.4207513e+03
   3.6419500e+02  -1.4194769e+03
   3.6421750e+02  -1.4207889e+03
   3.6424000e+02  -1.4225683e+03
   3.6426250e+02  -1.4254013e+03
   3.6428500e+02  -1.4264283e+03
   3.6430750e+02  -1.4270724e+03
   3.6433000e+02  -1.4259439e+03
   3.6435250e+02  -1.4251943e+03
   3.6437500e+02  -1.4228998e+03
   3.6440000e+02  -1.4199521e+03
   3.6442250e+02  -1.4180118e+03
   3.6444500e+02  -1.4166650e+03
   3.6446750e+02  -1.4174975e+03
   3.6449000e+02  -1.4182755e+03
   3.6451250e+02  -1.4202567e+03
   3.6453500e+02  -1.4213079e+03
   3.6455750e+02  -1.4229178e+03
   3.6458000e+02  -1.4231335e+03
   3.6460250e+02  -1.4229417e+03
   3.6462500e+02  -1.4206207e+03
   3.6465000e+02  -1.4180285e+03
   3.6467250e+02  -1.4166812e+03
   3.6469500e+02  -1.4152958e+03
   3.6471750e+02  -1.4156401e+03
   3.6474000e+02  -1.4157402e+03
   3.6476250e+02  -1.4171557e+03
   3.6478500e+02  -1.4181424e+03
   3.6480750e+02  -1.4201171e+03
   3.6483000e+02  -1.4205901e+03
   3.6485250e+02  -1.4208738e+03
   3.6487500e+02  -1.4195469e+03
   3.6490000e+02  -1.4180802e+03
   3.6492250e+02  -1.4173367e+03
   3.6494500e+02  -1.4162754e+03
   3.6496750e+02  -1.4166849e+03
   3.6499000e+02  -1.4166395e+03
   3.6502500e+02  -1.4189345e+03
   3.6504750e+02  -1.4195729e+03
   3.6507000e+02  -1.4197583e+03
   3.6509250e+02  -1.4178835e+03
   3.6511500e+02  -1.4162230e+03
   3.6513750e+02  -1.4134975e+03
   3.6516000e+02  -1.4115304e+03
   3.6518250e+02  -1.4088505e+03
   3.6520500e+02  -1.4078824e+03
   3.6522750e+02  -1.4073167e+03
   3.6525000e+02  -1.4085738e+03
   3.6527500e+02  -1.4096790e+03
   3.6529750e+02  -1.4098787e+03
   3.6532000e+02  -1.4102321e+03
   3.6534250e+02  -1.4089116e+03
   3.6536500e+02  -1.4081244e+03
   3.6538750e+02  -1.4065706e+03
   3.6541000e+02  -1.4061023e+03
   3.6543250e+02  -1.4053440e+03
   3.6545500e+02  -1.4065720e+03
   3.6547750e+02  -1.4078712e+03
   3.6550000e+02  -1.4104189e+03
   3.6552500e+02  -1.4126508e+03
   3.6554750e+02  -1.4137129e+03
   3.6557000e+02  -1.4147396e+03
   3.6559250e+02  -1.4139712e+03
   3.6561500e+02  -1.4130641e+03
   3.6563750e+02  -1.4107477e+03
   3.6566000e+02  -1.4097698e+03
   3.6568250e+02  -1.4087896e+03
   3.6570500e+02  -1.4096229e+03
   3.6572750e+02  -1.4106345e+03
   3.6575000e+02  -1.4133582e+03
   3.6577500e+02  -1.4158078e+03
   3.6579750e+02  -1.4166206e+03
   3.6582000e+02  -1.4168679e+03
   3.6584250e+02  -1.4148569e+03
   3.6586500e+02  -1.4128614e+03
   3.6588750e+02  -1.4098107e+03
   3.6591000e+02  -1.4079140e+03
   3.6593250e+02  -1.4057683e+03
   3.6595500e+02  -1.4058472e+03
   3.6597750e+02  -1.4068324e+03
   3.6601250e+02  -1.4114315e+03
   3.6603500e+02  -1.4131879e+03
   3.6605750e+02  -1.4133550e+03
   3.6608000e+02  -1.4106468e+03
   3.6610250e+02  -1.4075899e+03
   3.6612500e+02  -1.4030107e+03
   3.6615000e+02  -1.3983668e+03
   3.6617250e+02  -1.3954353e+03
   3.6619500e+02  -1.3930374e+03
   3.6621750e+02  -1.3934856e+03
   3.6624000e+02  -1.3944934e+03
   3.6626250e+02  -1.3960998e+03
   3.6628500e+02  -1.3952386e+03
   3.6630750e+02  -1.3933557e+03
   3.6633000e+02  -1.3896078e+03
   3.6635250e+02  -1.3867640e+03
   3.6637500e+02  -1.3836932e+03
   3.6640000e+02  -1.3816762e+03
   3.6642250e+02  -1.3816169e+03
   3.6644500e+02  -1.3823772e+03
   3.6646750e+02  -1.3856476e+03
   3.6649000e+02  -1.3883981e+03
   3.6651250e+02  -1.3905293e+03
   3.6653500e+02  -1.3897341e+03
   3.6655750e+02  -1.3886095e+03
   3.6658000e+02  -1.3865420e+03
   3.6660250e+02  -1.3855124e+03
   3.6662500e+02  -1.3836696e+03
   3.6665000e+02  -1.3827109e+03
   3.6667250e+02  -1.3838387e+03
   3.6669500e+02  -1.3858501e+03
   3.6671750e+02  -1.3894925e+03
   3.6674000e+02  -1.3915461e+03
   3.6676250e+02  -1.3929058e+03
   3.6678500e+02  -1.3919622e+03
   3.6680750e+02  -1.3907793e+03
   3.6683000e+02  -1.3878775e+03
   3.6685250e+02  -1.3853317e+03
   3.6687500e+02  -1.3819878e+03
   3.6690000e+02  -1.3797667e+03
   3.6692250e+02  -1.3799186e+03
   3.6694500e+02  -1.3807886e+03
   3.6696750e+02  -1.3834066e+03
   3.6699000e+02  -1.3850660e+03
   3.6702500e+02  -1.3870869e+03
   3.6704750e+02  -1.3864166e+03
   3.6707000e+02  -1.3854873e+03
   3.6709250e+02  -1.3823522e+03
   3.6711500e+02  -1.3793183e+03
   3.6713750e+02  -1.3756179e+03
   3.6716000e+02  -1.3739116e+03
   3.6718250e+02  -1.3730845e+03
   3.6720500e+02  -1.3746017e+03
   3.6722750e+02  -1.3760406e+03
   3.6725000e+02  -1.3785385e+03
   3.6727500e+02  -1.3802201e+03
   3.6729750e+02  -1.3801457e+03
   3.6732000e+02  -1.3796135e+03
   3.6734250e+02  -1.3770220e+03
   3.6736500e+02  -1.3748503e+03
   3.6738750e+02  -1.3719228e+03
   3.6741000e+02  -1.3706772e+03
   3.6743250e+02  -1.3700153e+03
   3.6745500e+02  -1.3716388e+03
   3.6747750e+02  -1.3733438e+03
   3.6750000e+02  -1.3760770e+03
   3.6752500e+02  -1.3780325e+03
   3.6754750e+02  -1.3785652e+03
   3.6757000e+02  -1.3790350e+03
   3.6759250e+02  -1.3775934e+03
   3.6761500e+02  -1.3762267e+03
   3.6763750e+02  -1.3744080e+03
   3.6766000e+02  -1.3748153e+03
   3.6768250e+02  -1.3757970e+03
   3.6770500e+02  -1.3784754e+03
   3.6772750e+02  -1.3804940e+03
   3.6775000e+02  -1.3831134e+03
   3.6777500e+02  -1.3850286e+03
   3.6779750e+02  -1.3851606e+03
   3.6782000e+02  -1.3842617e+03
   3.6784250e+02  -1.3808367e+03
   3.6786500e+02  -1.3783889e+03
   3.6788750e+02  -1.3763705e+03
   3.6791000e+02  -1.3766723e+03
   3.6793250e+02  -1.3770511e+03
   3.6795500e+02  -1.3788750e+03
   3.6797750e+02  -1.3802212e+03
   3.6801250e+02  -1.3830408e+03
   3.6803500e+02  -1.3829286e+03
   3.6805750e+02  -1.3818080e+03
   3.6808000e+02  -1.3785005e+03
   3.6810250e+02  -1.3764193e+03
   3.6812500e+02  -1.3749398e+03
   3.6815000e+02  -1.3753973e+03
   3.6817250e+02  -1.3773718e+03
   3.6819500e+02  -1.3794421e+03
   3.6821750e+02  -1.3831576e+03
   3.6824000e+02  -1.3859395e+03
   3.6826250e+02  -1.3879596e+03
   3.6828500e+02  -1.3861229e+03
   3.6830750e+02  -1.3832022e+03
   3.6833000e+02  -1.3795767e+03
   3.6835250e+02  -1.3776851e+03
   3.6837500e+02  -1.3758130e+03
   3.6840000e+02  -1.3757930e+03
   3.6842250e+02  -1.3780913e+03
   3.6844500e+02  -1.3811526e+03
   3.6846750e+02  -1.3854195e+03
   3.6849000e+02  -1.3872242e+03
   3.6851250e+02  -1.3870089e+03
   3.6853500e+02  -1.3837419e+03
   3.6855750e+02  -1.3807380e+03
   3.6858000e+02  -1.3769236e+03
   3.6860250e+02  -1.3742257e+03
   3.6862500e+02  -1.3717580e+03
   3.6865000e+02  -1.3722256e+03
   3.6867250e+02  -1.3758923e+03
   3.6869500e+02  -1.3797938e+03
   3.6871750e+02  -1.3834061e+03
   3.6874000e+02  -1.3840854e+03
   3.6876250e+02  -1.3842058e+03
   3.6878500e+02  -1.3823051e+03
   3.6880750e+02  -1.3799817e+03
   3.6883000e+02  -1.3760307e+03
   3.6885250e+02  -1.3736023e+03
   3.6887500e+02  -1.3724018e+03
   3.6890000e+02  -1.3742274e+03
   3.6892250e+02  -1.3775477e+03
   3.6894500e+02  -1.3799822e+03
   3.6896750e+02  -1.3823089e+03
   3.6899000e+02  -1.3828707e+03
   3.6902500e+02  -1.3826108e+03
   3.6904750e+02  -1.3800514e+03
   3.6907000e+02  -1.3777393e+03
   3.6909250e+02  -1.3755147e+03
   3.6911500e+02  -1.3764987e+03
   3.6913750e+02  -1.3782249e+03
   3.6916000e+02  -1.3808568e+03
   3.6918250e+02  -1.3820377e+03
   3.6920500e+02  -1.3840364e+03
   3.6922750e+02  -1.3852024e+03
   3.6925000e+02  -1.3864268e+03
   3.6927500e+02  -1.3857138e+03
   3.6929750e+02  -1.3837418e+03
   3.6932000e+02  -1.3834394e+03
   3.6934250e+02  -1.3839868e+03
   3.6936500e+02  -1.3861197e+03
   3.6938750e+02  -1.3866793e+03
   3.6941000e+02  -1.3876972e+03
   3.6943250e+02  -1.3883115e+03
   3.6945500e+02  -1.3899718e+03
   3.6947750e+02  -1.3895253e+03
   3.6950000e+02  -1.3878863e+03
   3.6952500e+02  -1.3845632e+03
   3.6954750e+02  -1.3824699e+03
   3.6957000e+02  -1.3828750e+03
   3.6959250e+02  -1.3825731e+03
   3.6961500e+02  -1.3826833e+03
   3.6963750e+02  -1.3823493e+03
   3.6966000e+02  -1.3843199e+03
   3.6968250e+02  -1.3862813e+03
   3.6970500e+02  -1.3883519e+03
   3.6972750e+02  -1.3878659e+03
   3.6975000e+02  -1.3874150e+03
   3.6977500e+02  -1.3866701e+03
   3.6979750e+02  -1.3859066e+03
   3.6982000e+02  -1.3853342e+03
   3.6984250e+02  -1.3832418e+03
   3.6986500e+02  -1.3827545e+03
   3.6988750e+02  -1.3829278e+03
   3.6991000e+02  -1.3848510e+03
   3.6993250e+02  -1.3854598e+03
   3.6995500e+02  -1.3865362e+03
   3.6997750e+02  -1.3871494e+03
   3.7001250e+02  -1.3898026e+03
   3.7003500e+02  -1.3899494e+03
   3.7005750e+02  -1.3885603e+03
   3.7008000e+02  -1.3851329e+03
   3.7010250e+02  -1.3829782e+03
   3.7012500e+02  -1.3806903e+03
   3.7015000e+02  -1.3789402e+03
   3.7017250e+02  -1.3776059e+03
   3.7019500e+02  -1.3762416e+03
   3.7021750e+02  -1.3774119e+03
   3.7024000e+02  -1.3787543e+03
   3.7026250e+02  -1.3804039e+03
   3.7028500e+02  -1.3799937e+03
   3.7030750e+02  -1.3800922e+03
   3.7033000e+02  -1.3796401e+03
   3.7035250e+02  -1.3798120e+03
   3.7037500e+02  -1.3780086e+03
   3.7040000e+02  -1.3760432e+03
   3.7042250e+02  -1.3760132e+03
   3.7044500e+02  -1.3766992e+03
   3.7046750e+02  -1.3789815e+03
   3.7049000e+02  -1.3794331e+03
   3.7051250e+02  -1.3798025e+03
   3.7053500e+02  -1.3795087e+03
   3.7055750e+02  -1.3805784e+03
   3.7058000e+02  -1.3801914e+03
   3.7060250e+02  -1.3792908e+03
   3.7062500e+02  -1.3768119e+03
   3.7065000e+02  -1.3756292e+03
   3.7067250e+02  -1.3762731e+03
   3.7069500e+02  -1.3764437e+03
   3.7071750e+02  -1.3771164e+03
   3.7074000e+02  -1.3768347e+03
   3.7076250e+02  -1.3776410e+03
   3.7078500e+02  -1.3773230e+03
   3.7080750e+02  -1.3770159e+03
   3.7083000e+02  -1.3749502e+03
   3.7085250e+02  -1.3740766e+03
   3.7087500e+02  -1.3734451e+03
   3.7090000e+02  -1.3744535e+03
   3.7092250e+02  -1.3761538e+03
   3.7094500e+02  -1.3767920e+03
   3.7096750e+02  -1.3784041e+03
   3.7099000e+02  -1.3790915e+03
   3.7102500e+02  -1.3792935e+03
   3.7104750e+02  -1.3770945e+03
   3.7107000e+02  -1.3753561e+03
   3.7109250e+02  -1.3728452e+03
   3.7111500e+02  -1.3714219e+03
   3.7113750e+02  -1.3695606e+03
   3.7116000e+02  -1.3696228e+03
   3.7118250e+02  -1.3701496e+03
   3.7120500e+02  -1.3727122e+03
   3.7122750e+02  -1.3745272e+03
   3.7125000e+02  -1.3761546e+03
   3.7127500e+02  -1.3763260e+03
   3.7129750e+02  -1.3759117e+03
   3.7132000e+02  -1.3761887e+03
   3.7134250e+02  -1.3749011e+03
   3.7136500e+02  -1.3741964e+03
   3.7138750e+02  -1.3732495e+03
   3.7141000e+02  -1.3748598e+03
   3.7143250e+02  -1.3772750e+03
   3.7145500e+02  -1.3807953e+03
   3.7147750e+02  -1.3824382e+03
   3.7150000e+02  -1.3843369e+03
   3.7152500e+02  -1.3857832e+03
   3.7154750e+02  -1.3852532e+03
   3.7157000e+02  -1.3832334e+03
   3.7159250e+02  -1.3789056e+03
   3.7161500e+02  -1.3761012e+03
   3.7163750e+02  -1.3744280e+03
   3.7166000e+02  -1.3754718e+03
   3.7168250e+02  -1.3762673e+03
   3.7170500e+02  -1.3778571e+03
   3.7172750e+02  -1.3792093e+03
   3.7175000e+02  -1.3823662e+03
   3.7177500e+02  -1.3842414e+03
   3.7179750e+02  -1.3825951e+03
   3.7182000e+02  -1.3797095e+03
   3.7184250e+02  -1.3760207e+03
   3.7186500e+02  -1.3747324e+03
   3.7188750e+02  -1.3741515e+03
   3.7191000e+02  -1.3751310e+03
   3.7193250e+02  -1.3758831e+03
   3.7195500e+02  -1.3790725e+03
   3.7197750e+02  -1.3825997e+03
   3.7201250e+02  -1.3864205e+03
   3.7203500e+02  -1.3844037e+03
   3.7205750e+02  -1.3800239e+03
   3.7208000e+02  -1.3738282e+03
   3.7210250e+02  -1.3687789e+03
   3.7212500e+02  -1.3632791e+03
   3.7215000e+02  -1.3587427e+03
   3.7217250e+02  -1.3569301e+03
   3.7219500e+02  -1.3569996e+03
   3.7221750e+02  -1.3599268e+03
   3.7224000e+02  -1.3617379e+03
   3.7226250e+02  -1.3613873e+03
   3.7228500e+02  -1.3575190e+03
   3.7230750e+02  -1.3538448e+03
   3.7233000e+02  -1.3495760e+03
   3.7235250e+02  -1.3467966e+03
   3.7237500e+02  -1.3439198e+03
   3.7240000e+02  -1.3430688e+03
   3.7242250e+02  -1.3452707e+03
   3.7244500e+02  -1.3486247e+03
   3.7246750e+02  -1.3529116e+03
   3.7249000e+02  -1.3539555e+03
   3.7251250e+02  -1.3529436e+03
   3.7253500e+02  -1.3493329e+03
   3.7255750e+02  -1.3460246e+03
   3.7258000e+02  -1.3422906e+03
   3.7260250e+02  -1.3402853e+03
   3.7262500e+02  -1.3387319e+03
   3.7265000e+02  -1.3402822e+03
   3.7267250e+02  -1.3446332e+03
   3.7269500e+02  -1.3486688e+03
   3.7271750e+02  -1.3521240e+03
   3.7274000e+02  -1.3525638e+03
   3.7276250e+02  -1.3519988e+03
   3.7278500e+02  -1.3493221e+03
   3.7280750e+02  -1.3472977e+03
   3.7283000e+02  -1.3445309e+03
   3.7285250e+02  -1.3430259e+03
   3.7287500e+02  -1.3421659e+03
   3.7290000e+02  -1.3446385e+03
   3.7292250e+02  -1.3489738e+03
   3.7294500e+02  -1.3520009e+03
   3.7296750e+02  -1.3540620e+03
   3.7299000e+02  -1.3533279e+03
   3.7302500e+02  -1.3517846e+03
   3.7304750e+02  -1.3488323e+03
   3.7307000e+02  -1.3454310e+03
   3.7309250e+02  -1.3406104e+03
   3.7311500e+02  -1.3376156e+03
   3.7313750e+02  -1.3356862e+03
   3.7316000e+02  -1.3361908e+03
   3.7318250e+02  -1.3361273e+03
   3.7320500e+02  -1.3362984e+03
   3.7322750e+02  -1.3355817e+03
   3.7325000e+02  -1.3360721e+03
   3.7327500e+02  -1.3351455e+03
   3.7329750e+02  -1.3323504e+03
   3.7332000e+02  -1.3294580e+03
   3.7334250e+02  -1.3264763e+03
   3.7336500e+02  -1.3263225e+03
   3.7338750e+02  -1.3263879e+03
   3.7341000e+02  -1.3267860e+03
   3.7343250e+02  -1.3256758e+03
   3.7345500e+02  -1.3257631e+03
   3.7347750e+02  -1.3257101e+03
   3.7350000e+02  -1.3267443e+03
   3.7352500e+02  -1.3265948e+03
   3.7354750e+02  -1.3256089e+03
   3.7357000e+02  -1.3261668e+03
   3.7359250e+02  -1.3272796e+03
   3.7361500e+02  -1.3296740e+03
   3.7363750e+02  -1.3305854e+03
   3.7366000e+02  -1.3316338e+03
   3.7368250e+02  -1.3318244e+03
   3.7370500e+02  -1.3329548e+03
   3.7372750e+02  -1.3325079e+03
   3.7375000e+02  -1.3318873e+03
   3.7377500e+02  -1.3304967e+03
   3.7379750e+02  -1.3298308e+03
   3.7382000e+02  -1.3312498e+03
   3.7384250e+02  -1.3323778e+03
   3.7386500e+02  -1.3342975e+03
   3.7388750e+02  -1.3353157e+03
   3.7391000e+02  -1.3372058e+03
   3.7393250e+02  -1.3378551e+03
   3.7395500e+02  -1.3384630e+03
   3.7397750e+02  -1.3368513e+03
   3.7401250e+02  -1.3342438e+03
   3.7403500e+02  -1.3323089e+03
   3.7405750e+02  -1.3323054e+03
   3.7408000e+02  -1.3325539e+03
   3.7410250e+02  -1.3349629e+03
   3.7412500e+02  -1.3379128e+03
   3.7415000e+02  -1.3424323e+03
   3.7417250e+02  -1.3463124e+03
   3.7419500e+02  -1.3477235e+03
   3.7421750e+02  -1.3489302e+03
   3.7424000e+02  -1.3484389e+03
   3.7426250e+02  -1.3481285e+03
   3.7428500e+02  -1.3464310e+03
   3.7430750e+02  -1.3454714e+03
   3.7433000e+02  -1.3442886e+03
   3.7435250e+02  -1.3452992e+03
   3.7437500e+02  -1.3461731e+03
   3.7440000e+02  -1.3474248e+03
   3.7442250e+02  -1.3487481e+03
   3.7444500e+02  -1.3494455e+03
   3.7446750e+02  -1.3508306e+03
   3.7449000e+02  -1.3501757e+03
   3.7451250e+02  -1.3491429e+03
   3.7453500e+02  -1.3469539e+03
   3.7455750e+02  -1.3464814e+03
   3.7458000e+02  -1.3462229e+03
   3.7460250e+02  -1.3470533e+03
   3.7462500e+02  -1.3466780e+03
   3.7465000e+02  -1.3472267e+03
   3.7467250e+02  -1.3492631e+03
   3.7469500e+02  -1.3505876e+03
   3.7471750e+02  -1.3514367e+03
   3.7474000e+02  -1.3497045e+03
   3.7476250e+02  -1.3484329e+03
   3.7478500e+02  -1.3473182e+03
   3.7480750e+02  -1.3479252e+03
   3.7483000e+02  -1.3474008e+03
   3.7485250e+02  -1.3473575e+03
   3.7487500e+02  -1.3473491e+03
   3.7490000e+02  -1.3495148e+03
   3.7492250e+02  -1.3521523e+03
   3.7494500e+02  -1.3522938e+03
   3.7496750e+02  -1.3519210e+03
   3.7499000e+02  -1.3502773e+03
   3.7502500e+02  -1.3499808e+03
   3.7504750e+02  -1.3497206e+03
   3.7507000e+02  -1.3505492e+03
   3.7509250e+02  -1.3516370e+03
   3.7511500e+02  -1.3558110e+03
   3.7513750e+02  -1.3605333e+03
   3.7516000e+02  -1.3651076e+03
   3.7518250e+02  -1.3663351e+03
   3.7520500e+02  -1.3669247e+03
   3.7522750e+02  -1.3665850e+03
   3.7525000e+02  -1.3670685e+03
   3.7527500e+02  -1.3664915e+03
   3.7529750e+02  -1.3651913e+03
   3.7532000e+02  -1.3657322e+03
   3.7534250e+02  -1.3671353e+03
   3.7536500e+02  -1.3700378e+03
   3.7538750e+02  -1.3708082e+03
   3.7541000e+02  -1.3703182e+03
   3.7543250e+02  -1.3682404e+03
   3.7545500e+02  -1.3673708e+03
   3.7547750e+02  -1.3654164e+03
   3.7550000e+02  -1.3635371e+03
   3.7552500e+02  -1.3609044e+03
   3.7554750e+02  -1.3598797e+03
   3.7557000e+02  -1.3616810e+03
   3.7559250e+02  -1.3634070e+03
   3.7561500e+02  -1.3652221e+03
   3.7563750e+02  -1.3653889e+03
   3.7566000e+02  -1.3664083e+03
   3.7568250e+02  -1.3666937e+03
   3.7570500e+02  -1.3668367e+03
   3.7572750e+02  -1.3646624e+03
   3.7575000e+02  -1.3629271e+03
   3.7577500e+02  -1.3618103e+03
   3.7579750e+02  -1.3618502e+03
   3.7582000e+02  -1.3630671e+03
   3.7584250e+02  -1.3630269e+03
   3.7586500e+02  -1.3638898e+03
   3.7588750e+02  -1.3645067e+03
   3.7591000e+02  -1.3658325e+03
   3.7593250e+02  -1.3649500e+03
   3.7595500e+02  -1.3636932e+03
   3.7597750e+02  -1.3617113e+03
   3.7601250e+02  -1.3619225e+03
   3.7603500e+02  -1.3620982e+03
   3.7605750e+02  -1.3637474e+03
   3.7608000e+02  -1.3652333e+03
   3.7610250e+02  -1.3688948e+03
   3.7612500e+02  -1.3723819e+03
   3.7615000e+02  -1.3753623e+03
   3.7617250e+02  -1.3763396e+03
   3.7619500e+02  -1.3757002e+03
   3.7621750e+02  -1.3766444e+03
   3.7624000e+02  -1.3776443e+03
   3.7626250e+02  -1.3802909e+03
   3.7628500e+02  -1.3824418e+03
   3.7630750e+02  -1.3860126e+03
   3.7633000e+02  -1.3892927e+03
   3.7635250e+02  -1.3927183e+03
   3.7637500e+02  -1.3926706e+03
   3.7640000e+02  -1.3897088e+03
   3.7642250e+02  -1.3864379e+03
   3.7644500e+02  -1.3833603e+03
   3.7646750e+02  -1.3825237e+03
   3.7649000e+02  -1.3818619e+03
   3.7651250e+02  -1.3831983e+03
   3.7653500e+02  -1.3857202e+03
   3.7655750e+02  -1.3909543e+03
   3.7658000e+02  -1.3947579e+03
   3.7660250e+02  -1.3966682e+03
   3.7662500e+02  -1.3947112e+03
   3.7665000e+02  -1.3915612e+03
   3.7667250e+02  -1.3892996e+03
   3.7669500e+02  -1.3864112e+03
   3.7671750e+02  -1.3847487e+03
   3.7674000e+02  -1.3838912e+03
   3.7676250e+02  -1.3867447e+03
   3.7678500e+02  -1.3908818e+03
   3.7680750e+02  -1.3956716e+03
   3.7683000e+02  -1.3976986e+03
   3.7685250e+02  -1.3988135e+03
   3.7687500e+02  -1.3979875e+03
   3.7690000e+02  -1.3963268e+03
   3.7692250e+02  -1.3939926e+03
   3.7694500e+02  -1.3901213e+03
   3.7696750e+02  -1.3883228e+03
   3.7699000e+02  -1.3882933e+03
   3.7702500e+02  -1.3924344e+03
   3.7704750e+02  -1.3950691e+03
   3.7707000e+02  -1.3985576e+03
   3.7709250e+02  -1.4012705e+03
   3.7711500e+02  -1.4045928e+03
   3.7713750e+02  -1.4053825e+03
   3.7716000e+02  -1.4051241e+03
   3.7718250e+02  -1.4034611e+03
   3.7720500e+02  -1.4038198e+03
   3.7722750e+02  -1.4046254e+03
   3.7725000e+02  -1.4069688e+03
   3.7727500e+02  -1.4095152e+03
   3.7729750e+02  -1.4116549e+03
   3.7732000e+02  -1.4150287e+03
   3.7734250e+02  -1.4171191e+03
   3.7736500e+02  -1.4180608e+03
   3.7738750e+02  -1.4158924e+03
   3.7741000e+02  -1.4137358e+03
   3.7743250e+02  -1.4116140e+03
   3.7745500e+02  -1.4120360e+03
   3.7747750e+02  -1.4126369e+03
   3.7750000e+02  -1.4144866e+03
   3.7752500e+02  -1.4168778e+03
   3.7754750e+02  -1.4195388e+03
   3.7757000e+02  -1.4225197e+03
   3.7759250e+02  -1.4222564e+03
   3.7761500e+02  -1.4203112e+03
   3.7763750e+02  -1.4164767e+03
   3.7766000e+02  -1.4139300e+03
   3.7768250e+02  -1.4112782e+03
   3.7770500e+02  -1.4102695e+03
   3.7772750e+02  -1.4096553e+03
   3.7775000e+02  -1.4116050e+03
   3.7777500e+02  -1.4150976e+03
   3.7779750e+02  -1.4181778e+03
   3.7782000e+02  -1.4207214e+03
   3.7784250e+02  -1.4200792e+03
   3.7786500e+02  -1.4184112e+03
   3.7788750e+02  -1.4149904e+03
   3.7791000e+02  -1.4124312e+03
   3.7793250e+02  -1.4093762e+03
   3.7795500e+02  -1.4081642e+03
   3.7797750e+02  -1.4078813e+03
   3.7801250e+02  -1.4122088e+03
   3.7803500e+02  -1.4160097e+03
   3.7805750e+02  -1.4206639e+03
   3.7808000e+02  -1.4233811e+03
   3.7810250e+02  -1.4256091e+03
   3.7812500e+02  -1.4252994e+03
   3.7815000e+02  -1.4235410e+03
   3.7817250e+02  -1.4212544e+03
   3.7819500e+02  -1.4184388e+03
   3.7821750e+02  -1.4179990e+03
   3.7824000e+02  -1.4182984e+03
   3.7826250e+02  -1.4212240e+03
   3.7828500e+02  -1.4245974e+03
   3.7830750e+02  -1.4291051e+03
   3.7833000e+02  -1.4317416e+03
   3.7835250e+02  -1.4331844e+03
   3.7837500e+02  -1.4314963e+03
   3.7840000e+02  -1.4285237e+03
   3.7842250e+02  -1.4259118e+03
   3.7844500e+02  -1.4227752e+03
   3.7846750e+02  -1.4217148e+03
   3.7849000e+02  -1.4215894e+03
   3.7851250e+02  -1.4241812e+03
   3.7853500e+02  -1.4268460e+03
   3.7855750e+02  -1.4301112e+03
   3.7858000e+02  -1.4309099e+03
   3.7860250e+02  -1.4306352e+03
   3.7862500e+02  -1.4280533e+03
   3.7865000e+02  -1.4251533e+03
   3.7867250e+02  -1.4230782e+03
   3.7869500e+02  -1.4208646e+03
   3.7871750e+02  -1.4207328e+03
   3.7874000e+02  -1.4213987e+03
   3.7876250e+02  -1.4241019e+03
   3.7878500e+02  -1.4261548e+03
   3.7880750e+02  -1.4281463e+03
   3.7883000e+02  -1.4278138e+03
   3.7885250e+02  -1.4274972e+03
   3.7887500e+02  -1.4259487e+03
   3.7890000e+02  -1.4243929e+03
   3.7892250e+02  -1.4236037e+03
   3.7894500e+02  -1.4227199e+03
   3.7896750e+02  -1.4237874e+03
   3.7899000e+02  -1.4250453e+03
   3.7902500e+02  -1.4282882e+03
   3.7904750e+02  -1.4290188e+03
   3.7907000e+02  -1.4295939e+03
   3.7909250e+02  -1.4286371e+03
   3.7911500e+02  -1.4284331e+03
   3.7913750e+02  -1.4269660e+03
   3.7916000e+02  -1.4260378e+03
   3.7918250e+02  -1.4243879e+03
   3.7920500e+02  -1.4242637e+03
   3.7922750e+02  -1.4238964e+03
   3.7925000e+02  -1.4246706e+03
   3.7927500e+02  -1.4250940e+03
   3.7929750e+02  -1.4247733e+03
   3.7932000e+02  -1.4252946e+03
   3.7934250e+02  -1.4252812e+03
   3.7936500e+02  -1.4259543e+03
   3.7938750e+02  -1.4251500e+03
   3.7941000e+02  -1.4246275e+03
   3.7943250e+02  -1.4232275e+03
   3.7945500e+02  -1.4229990e+03
   3.7947750e+02  -1.4221846e+03
   3.7950000e+02  -1.4222582e+03
   3.7952500e+02  -1.4219060e+03
   3.7954750e+02  -1.4215630e+03
   3.7957000e+02  -1.4226847e+03
   3.7959250e+02  -1.4233037e+03
   3.7961500e+02  -1.4246226e+03
   3.7963750e+02  -1.4244884e+03
   3.7966000e+02  -1.4246664e+03
   3.7968250e+02  -1.4236916e+03
   3.7970500e+02  -1.4233416e+03
   3.7972750e+02  -1.4218322e+03
   3.7975000e+02  -1.4214450e+03
   3.7977500e+02  -1.4215499e+03
   3.7979750e+02  -1.4224378e+03
   3.7982000e+02  -1.4251444e+03
   3.7984250e+02  -1.4269558e+03
   3.7986500e+02  -1.4287354e+03
   3.7988750e+02  -1.4283590e+03
   3.7991000e+02  -1.4279592e+03
   3.7993250e+02  -1.4259407e+03
   3.7995500e+02  -1.4239931e+03
   3.7997750e+02  -1.4207284e+03
   3.8001250e+02  -1.4186057e+03
   3.8003500e+02  -1.4191180e+03
   3.8005750e+02  -1.4226453e+03
   3.8008000e+02  -1.4262165e+03
   3.8010250e+02  -1.4306792e+03
   3.8012500e+02  -1.4331796e+03
   3.8015000e+02  -1.4340292e+03
   3.8017250e+02  -1.4328554e+03
   3.8019500e+02  -1.4290535e+03
   3.8021750e+02  -1.4256764e+03
   3.8024000e+02  -1.4222382e+03
   3.8026250e+02  -1.4213293e+03
   3.8028500e+02  -1.4214767e+03
   3.8030750e+02  -1.4243128e+03
   3.8033000e+02  -1.4273690e+03
   3.8035250e+02  -1.4311823e+03
   3.8037500e+02  -1.4325595e+03
   3.8040000e+02  -1.4322551e+03
   3.8042250e+02  -1.4305167e+03
   3.8044500e+02  -1.4270953e+03
   3.8046750e+02  -1.4244125e+03
   3.8049000e+02  -1.4218413e+03
   3.8051250e+02  -1.4218760e+03
   3.8053500e+02  -1.4228882e+03
   3.8055750e+02  -1.4260956e+03
   3.8058000e+02  -1.4286873e+03
   3.8060250e+02  -1.4311185e+03
   3.8062500e+02  -1.4310825e+03
   3.8065000e+02  -1.4299294e+03
   3.8067250e+02  -1.4287407e+03
   3.8069500e+02  -1.4268432e+03
   3.8071750e+02  -1.4266667e+03
   3.8074000e+02  -1.4266848e+03
   3.8076250e+02  -1.4286765e+03
   3.8078500e+02  -1.4309778e+03
   3.8080750e+02  -1.4348767e+03
   3.8083000e+02  -1.4371041e+03
   3.8085250e+02  -1.4382600e+03
   3.8087500e+02  -1.4365670e+03
   3.8090000e+02  -1.4334762e+03
   3.8092250e+02  -1.4306280e+03
   3.8094500e+02  -1.4271543e+03
   3.8096750e+02  -1.4255046e+03
   3.8099000e+02  -1.4246920e+03
   3.8102500e+02  -1.4274505e+03
   3.8104750e+02  -1.4299598e+03
   3.8107000e+02  -1.4335346e+03
   3.8109250e+02  -1.4352731e+03
   3.8111500e+02  -1.4365912e+03
   3.8113750e+02  -1.4356861e+03
   3.8116000e+02  -1.4342263e+03
   3.8118250e+02  -1.4313125e+03
   3.8120500e+02  -1.4296567e+03
   3.8122750e+02  -1.4283138e+03
   3.8125000e+02  -1.4294279e+03
   3.8127500e+02  -1.4324530e+03
   3.8129750e+02  -1.4359922e+03
   3.8132000e+02  -1.4405156e+03
   3.8134250e+02  -1.4434588e+03
   3.8136500e+02  -1.4455736e+03
   3.8138750e+02  -1.4447566e+03
   3.8141000e+02  -1.4432921e+03
   3.8143250e+02  -1.4401333e+03
   3.8145500e+02  -1.4377956e+03
   3.8147750e+02  -1.4353373e+03
   3.8150000e+02  -1.4351751e+03
   3.8152500e+02  -1.4363855e+03
   3.8154750e+02  -1.4383979e+03
   3.8157000e+02  -1.4419723e+03
   3.8159250e+02  -1.4438962e+03
   3.8161500e+02  -1.4449792e+03
   3.8163750e+02  -1.4434668e+03
   3.8166000e+02  -1.4417254e+03
   3.8168250e+02  -1.4386493e+03
   3.8170500e+02  -1.4366219e+03
   3.8172750e+02  -1.4345000e+03
   3.8175000e+02  -1.4345613e+03
   3.8177500e+02  -1.4363850e+03
   3.8179750e+02  -1.4390065e+03
   3.8182000e+02  -1.4424172e+03
   3.8184250e+02  -1.4438085e+03
   3.8186500e+02  -1.4444971e+03
   3.8188750e+02  -1.4428780e+03
   3.8191000e+02  -1.4413727e+03
   3.8193250e+02  -1.4385451e+03
   3.8195500e+02  -1.4365784e+03
   3.8197750e+02  -1.4348652e+03
   3.8201250e+02  -1.4375402e+03
   3.8203500e+02  -1.4404695e+03
   3.8205750e+02  -1.4436058e+03
   3.8208000e+02  -1.4442299e+03
   3.8210250e+02  -1.4440297e+03
   3.8212500e+02  -1.4412614e+03
   3.8215000e+02  -1.4366820e+03
   3.8217250e+02  -1.4317820e+03
   3.8219500e+02  -1.4262539e+03
   3.8221750e+02  -1.4236342e+03
   3.8224000e+02  -1.4232871e+03
   3.8226250e+02  -1.4261628e+03
   3.8228500e+02  -1.4289151e+03
   3.8230750e+02  -1.4322573e+03
   3.8233000e+02  -1.4340616e+03
   3.8235250e+02  -1.4356666e+03
   3.8237500e+02  -1.4346543e+03
   3.8240000e+02  -1.4316733e+03
   3.8242250e+02  -1.4285614e+03
   3.8244500e+02  -1.4258645e+03
   3.8246750e+02  -1.4263820e+03
   3.8249000e+02  -1.4278118e+03
   3.8251250e+02  -1.4308157e+03
   3.8253500e+02  -1.4331872e+03
   3.8255750e+02  -1.4363478e+03
   3.8258000e+02  -1.4375050e+03
   3.8260250e+02  -1.4372590e+03
   3.8262500e+02  -1.4336023e+03
   3.8265000e+02  -1.4287072e+03
   3.8267250e+02  -1.4258450e+03
   3.8269500e+02  -1.4244219e+03
   3.8271750e+02  -1.4256804e+03
   3.8274000e+02  -1.4273838e+03
   3.8276250e+02  -1.4311435e+03
   3.8278500e+02  -1.4347303e+03
   3.8280750e+02  -1.4384131e+03
   3.8283000e+02  -1.4384147e+03
   3.8285250e+02  -1.4360510e+03
   3.8287500e+02  -1.4310844e+03
   3.8290000e+02  -1.4262358e+03
   3.8292250e+02  -1.4233116e+03
   3.8294500e+02  -1.4206938e+03
   3.8296750e+02  -1.4209898e+03
   3.8299000e+02  -1.4233048e+03
   3.8302500e+02  -1.4306995e+03
   3.8304750e+02  -1.4339118e+03
   3.8307000e+02  -1.4351873e+03
   3.8309250e+02  -1.4329308e+03
   3.8311500e+02  -1.4301605e+03
   3.8313750e+02  -1.4259637e+03
   3.8316000e+02  -1.4221067e+03
   3.8318250e+02  -1.4174864e+03
   3.8320500e+02  -1.4157158e+03
   3.8322750e+02  -1.4163857e+03
   3.8325000e+02  -1.4201419e+03
   3.8327500e+02  -1.4235716e+03
   3.8329750e+02  -1.4244121e+03
   3.8332000e+02  -1.4247307e+03
   3.8334250e+02  -1.4239127e+03
   3.8336500e+02  -1.4232223e+03
   3.8338750e+02  -1.4201854e+03
   3.8341000e+02  -1.4174034e+03
   3.8343250e+02  -1.4149955e+03
   3.8345500e+02  -1.4161712e+03
   3.8347750e+02  -1.4183639e+03
   3.8350000e+02  -1.4213959e+03
   3.8352500e+02  -1.4222266e+03
   3.8354750e+02  -1.4216495e+03
   3.8357000e+02  -1.4224552e+03
   3.8359250e+02  -1.4220654e+03
   3.8361500e+02  -1.4207376e+03
   3.8363750e+02  -1.4170959e+03
   3.8366000e+02  -1.4153165e+03
   3.8368250e+02  -1.4152421e+03
   3.8370500e+02  -1.4179343e+03
   3.8372750e+02  -1.4195503e+03
   3.8375000e+02  -1.4210612e+03
   3.8377500e+02  -1.4219248e+03
   3.8379750e+02  -1.4222872e+03
   3.8382000e+02  -1.4225679e+03
   3.8384250e+02  -1.4198866e+03
   3.8386500e+02  -1.4167129e+03
   3.8388750e+02  -1.4132515e+03
   3.8391000e+02  -1.4127147e+03
   3.8393250e+02  -1.4127519e+03
   3.8395500e+02  -1.4137873e+03
   3.8397750e+02  -1.4140672e+03
   3.8401250e+02  -1.4172128e+03
   3.8403500e+02  -1.4193363e+03
   3.8405750e+02  -1.4214889e+03
   3.8408000e+02  -1.4209984e+03
   3.8410250e+02  -1.4202246e+03
   3.8412500e+02  -1.4186486e+03
   3.8415000e+02  -1.4182777e+03
   3.8417250e+02  -1.4192508e+03
   3.8419500e+02  -1.4195453e+03
   3.8421750e+02  -1.4209497e+03
   3.8424000e+02  -1.4221861e+03
   3.8426250e+02  -1.4250680e+03
   3.8428500e+02  -1.4264639e+03
   3.8430750e+02  -1.4268282e+03
   3.8433000e+02  -1.4245575e+03
   3.8435250e+02  -1.4228157e+03
   3.8437500e+02  -1.4207182e+03
   3.8440000e+02  -1.4189186e+03
   3.8442250e+02  -1.4174769e+03
   3.8444500e+02  -1.4161156e+03
   3.8446750e+02  -1.4177986e+03
   3.8449000e+02  -1.4203639e+03
   3.8451250e+02  -1.4240654e+03
   3.8453500e+02  -1.4261965e+03
   3.8455750e+02  -1.4280543e+03
   3.8458000e+02  -1.4280023e+03
   3.8460250e+02  -1.4282578e+03
   3.8462500e+02  -1.4271269e+03
   3.8465000e+02  -1.4261303e+03
   3.8467250e+02  -1.4261136e+03
   3.8469500e+02  -1.4261957e+03
   3.8471750e+02  -1.4280700e+03
   3.8474000e+02  -1.4295101e+03
   3.8476250e+02  -1.4319792e+03
   3.8478500e+02  -1.4331177e+03
   3.8480750e+02  -1.4340309e+03
   3.8483000e+02  -1.4327086e+03
   3.8485250e+02  -1.4313887e+03
   3.8487500e+02  -1.4291905e+03
   3.8490000e+02  -1.4279076e+03
   3.8492250e+02  -1.4281272e+03
   3.8494500e+02  -1.4287118e+03
   3.8496750e+02  -1.4316456e+03
   3.8499000e+02  -1.4343569e+03
   3.8502500e+02  -1.4375997e+03
   3.8504750e+02  -1.4372390e+03
   3.8507000e+02  -1.4369096e+03
   3.8509250e+02  -1.4353590e+03
   3.8511500e+02  -1.4349058e+03
   3.8513750e+02  -1.4338227e+03
   3.8516000e+02  -1.4340622e+03
   3.8518250e+02  -1.4343723e+03
   3.8520500e+02  -1.4366258e+03
   3.8522750e+02  -1.4384280e+03
   3.8525000e+02  -1.4402578e+03
   3.8527500e+02  -1.4394895e+03
   3.8529750e+02  -1.4363700e+03
   3.8532000e+02  -1.4334392e+03
   3.8534250e+02  -1.4298645e+03
   3.8536500e+02  -1.4277075e+03
   3.8538750e+02  -1.4257590e+03
   3.8541000e+02  -1.4263210e+03
   3.8543250e+02  -1.4277314e+03
   3.8545500e+02  -1.4308076e+03
   3.8547750e+02  -1.4328321e+03
   3.8550000e+02  -1.4344932e+03
   3.8552500e+02  -1.4344797e+03
   3.8554750e+02  -1.4334234e+03
   3.8557000e+02  -1.4326506e+03
   3.8559250e+02  -1.4306417e+03
   3.8561500e+02  -1.4295858e+03
   3.8563750e+02  -1.4288777e+03
   3.8566000e+02  -1.4307992e+03
   3.8568250e+02  -1.4327767e+03
   3.8570500e+02  -1.4353321e+03
   3.8572750e+02  -1.4357322e+03
   3.8575000e+02  -1.4360346e+03
   3.8577500e+02  -1.4355578e+03
   3.8579750e+02  -1.4343386e+03
   3.8582000e+02  -1.4334403e+03
   3.8584250e+02  -1.4319052e+03
   3.8586500e+02  -1.4324190e+03
   3.8588750e+02  -1.4332776e+03
   3.8591000e+02  -1.4353398e+03
   3.8593250e+02  -1.4363811e+03
   3.8595500e+02  -1.4376339e+03
   3.8597750e+02  -1.4376398e+03
   3.8601250e+02  -1.4385286e+03
   3.8603500e+02  -1.4377024e+03
   3.8605750e+02  -1.4371731e+03
   3.8608000e+02  -1.4359952e+03
   3.8610250e+02  -1.4366405e+03
   3.8612500e+02  -1.4374721e+03
   3.8615000e+02  -1.4396484e+03
   3.8617250e+02  -1.4417718e+03
   3.8619500e+02  -1.4419673e+03
   3.8621750e+02  -1.4424593e+03
   3.8624000e+02  -1.4423199e+03
   3.8626250e+02  -1.4433233e+03
   3.8628500e+02  -1.4428558e+03
   3.8630750e+02  -1.4422227e+03
   3.8633000e+02  -1.4405081e+03
   3.8635250e+02  -1.4404520e+03
   3.8637500e+02  -1.4402931e+03
   3.8640000e+02  -1.4402966e+03
   3.8642250e+02  -1.4398476e+03
   3.8644500e+02  -1.4386374e+03
   3.8646750e+02  -1.4389788e+03
   3.8649000e+02  -1.4388855e+03
   3.8651250e+02  -1.4393550e+03
   3.8653500e+02  -1.4385506e+03
   3.8655750e+02  -1.4384652e+03
   3.8658000e+02  -1.4377716e+03
   3.8660250e+02  -1.4383768e+03
   3.8662500e+02  -1.4380743e+03
   3.8665000e+02  -1.4375452e+03
   3.8667250e+02  -1.4372890e+03
   3.8669500e+02  -1.4369941e+03
   3.8671750e+02  -1.4384917e+03
   3.8674000e+02  -1.4390310e+03
   3.8676250e+02  -1.4395611e+03
   3.8678500e+02  -1.4382118e+03
   3.8680750e+02  -1.4372577e+03
   3.8683000e+02  -1.4355356e+03
   3.8685250e+02  -1.4351024e+03
   3.8687500e+02  -1.4339306e+03
   3.8690000e+02  -1.4336638e+03
   3.8692250e+02  -1.4349288e+03
   3.8694500e+02  -1.4364213e+03
   3.8696750e+02  -1.4392819e+03
   3.8699000e+02  -1.4410350e+03
   3.8702500e+02  -1.4430305e+03
   3.8704750e+02  -1.4426841e+03
   3.8707000e+02  -1.4424718e+03
   3.8709250e+02  -1.4408459e+03
   3.8711500e+02  -1.4405674e+03
   3.8713750e+02  -1.4409704e+03
   3.8716000e+02  -1.4438761e+03
   3.8718250e+02  -1.4469957e+03
   3.8720500e+02  -1.4516142e+03
   3.8722750e+02  -1.4553148e+03
   3.8725000e+02  -1.4591118e+03
   3.8727500e+02  -1.4616304e+03
   3.8729750e+02  -1.4616158e+03
   3.8732000e+02  -1.4607354e+03
   3.8734250e+02  -1.4578178e+03
   3.8736500e+02  -1.4559780e+03
   3.8738750e+02  -1.4542638e+03
   3.8741000e+02  -1.4545497e+03
   3.8743250e+02  -1.4548916e+03
   3.8745500e+02  -1.4574784e+03
   3.8747750e+02  -1.4603182e+03
   3.8750000e+02  -1.4639818e+03
   3.8752500e+02  -1.4659082e+03
   3.8754750e+02  -1.4654716e+03
   3.8757000e+02  -1.4648768e+03
   3.8759250e+02  -1.4629448e+03
   3.8761500e+02  -1.4617170e+03
   3.8763750e+02  -1.4595769e+03
   3.8766000e+02  -1.4586353e+03
   3.8768250e+02  -1.4578592e+03
   3.8770500e+02  -1.4591347e+03
   3.8772750e+02  -1.4600352e+03
   3.8775000e+02  -1.4614635e+03
   3.8777500e+02  -1.4616199e+03
   3.8779750e+02  -1.4607145e+03
   3.8782000e+02  -1.4602959e+03
   3.8784250e+02  -1.4587299e+03
   3.8786500e+02  -1.4579785e+03
   3.8788750e+02  -1.4567803e+03
   3.8791000e+02  -1.4575351e+03
   3.8793250e+02  -1.4582201e+03
   3.8795500e+02  -1.4596961e+03
   3.8797750e+02  -1.4601059e+03
   3.8801250e+02  -1.4617041e+03
   3.8803500e+02  -1.4617663e+03
   3.8805750e+02  -1.4614668e+03
   3.8808000e+02  -1.4592926e+03
   3.8810250e+02  -1.4577374e+03
   3.8812500e+02  -1.4557385e+03
   3.8815000e+02  -1.4547107e+03
   3.8817250e+02  -1.4549083e+03
   3.8819500e+02  -1.4550090e+03
   3.8821750e+02  -1.4569081e+03
   3.8824000e+02  -1.4588034e+03
   3.8826250e+02  -1.4614501e+03
   3.8828500e+02  -1.4619645e+03
   3.8830750e+02  -1.4620207e+03
   3.8833000e+02  -1.4606102e+03
   3.8835250e+02  -1.4600806e+03
   3.8837500e+02  -1.4584567e+03
   3.8840000e+02  -1.4566762e+03
   3.8842250e+02  -1.4557125e+03
   3.8844500e+02  -1.4551706e+03
   3.8846750e+02  -1.4573476e+03
   3.8849000e+02  -1.4596166e+03
   3.8851250e+02  -1.4621725e+03
   3.8853500e+02  -1.4629339e+03
   3.8855750e+02  -1.4639007e+03
   3.8858000e+02  -1.4631867e+03
   3.8860250e+02  -1.4623690e+03
   3.8862500e+02  -1.4596067e+03
   3.8865000e+02  -1.4567839e+03
   3.8867250e+02  -1.4558579e+03
   3.8869500e+02  -1.4556142e+03
   3.8871750e+02  -1.4570951e+03
   3.8874000e+02  -1.4578809e+03
   3.8876250e+02  -1.4599540e+03
   3.8878500e+02  -1.4613033e+03
   3.8880750e+02  -1.4626271e+03
   3.8883000e+02  -1.4613118e+03
   3.8885250e+02  -1.4593683e+03
   3.8887500e+02  -1.4560461e+03
   3.8890000e+02  -1.4536884e+03
   3.8892250e+02  -1.4533475e+03
   3.8894500e+02  -1.4532340e+03
   3.8896750e+02  -1.4548837e+03
   3.8899000e+02  -1.4563374e+03
   3.8902500e+02  -1.4592953e+03
   3.8904750e+02  -1.4589433e+03
   3.8907000e+02  -1.4576598e+03
   3.8909250e+02  -1.4544914e+03
   3.8911500e+02  -1.4519640e+03
   3.8913750e+02  -1.4489900e+03
   3.8916000e+02  -1.4479891e+03
   3.8918250e+02  -1.4472988e+03
   3.8920500e+02  -1.4491314e+03
   3.8922750e+02  -1.4519448e+03
   3.8925000e+02  -1.4562621e+03
   3.8927500e+02  -1.4589937e+03
   3.8929750e+02  -1.4587697e+03
   3.8932000e+02  -1.4576969e+03
   3.8934250e+02  -1.4548078e+03
   3.8936500e+02  -1.4526023e+03
   3.8938750e+02  -1.4496967e+03
   3.8941000e+02  -1.4483976e+03
   3.8943250e+02  -1.4476540e+03
   3.8945500e+02  -1.4495641e+03
   3.8947750e+02  -1.4517244e+03
   3.8950000e+02  -1.4545332e+03
   3.8952500e+02  -1.4559208e+03
   3.8954750e+02  -1.4554758e+03
   3.8957000e+02  -1.4547849e+03
   3.8959250e+02  -1.4522346e+03
   3.8961500e+02  -1.4504341e+03
   3.8963750e+02  -1.4485228e+03
   3.8966000e+02  -1.4489624e+03
   3.8968250e+02  -1.4498661e+03
   3.8970500e+02  -1.4525221e+03
   3.8972750e+02  -1.4544651e+03
   3.8975000e+02  -1.4566041e+03
   3.8977500e+02  -1.4572700e+03
   3.8979750e+02  -1.4558565e+03
   3.8982000e+02  -1.4540054e+03
   3.8984250e+02  -1.4509635e+03
   3.8986500e+02  -1.4497010e+03
   3.8988750e+02  -1.4488731e+03
   3.8991000e+02  -1.4503336e+03
   3.8993250e+02  -1.4522694e+03
   3.8995500e+02  -1.4562185e+03
   3.8997750e+02  -1.4595100e+03
   3.9001250e+02  -1.4630815e+03
   3.9003500e+02  -1.4617549e+03
   3.9005750e+02  -1.4586575e+03
   3.9008000e+02  -1.4531144e+03
   3.9010250e+02  -1.4480449e+03
   3.9012500e+02  -1.4428365e+03
   3.9015000e+02  -1.4394027e+03
   3.9017250e+02  -1.4389948e+03
   3.9019500e+02  -1.4398248e+03
   3.9021750e+02  -1.4431441e+03
   3.9024000e+02  -1.4459103e+03
   3.9026250e+02  -1.4478454e+03
   3.9028500e+02  -1.4466962e+03
   3.9030750e+02  -1.4447794e+03
   3.9033000e+02  -1.4409892e+03
   3.9035250e+02  -1.4374550e+03
   3.9037500e+02  -1.4337976e+03
   3.9040000e+02  -1.4326368e+03
   3.9042250e+02  -1.4345385e+03
   3.9044500e+02  -1.4373241e+03
   3.9046750e+02  -1.4417102e+03
   3.9049000e+02  -1.4447414e+03
   3.9051250e+02  -1.4477018e+03
   3.9053500e+02  -1.4483286e+03
   3.9055750e+02  -1.4477532e+03
   3.9058000e+02  -1.4442936e+03
   3.9060250e+02  -1.4409706e+03
   3.9062500e+02  -1.4380199e+03
   3.9065000e+02  -1.4374118e+03
   3.9067250e+02  -1.4385950e+03
   3.9069500e+02  -1.4397657e+03
   3.9071750e+02  -1.4428166e+03
   3.9074000e+02  -1.4459687e+03
   3.9076250e+02  -1.4492888e+03
   3.9078500e+02  -1.4495224e+03
   3.9080750e+02  -1.4483620e+03
   3.9083000e+02  -1.4455887e+03
   3.9085250e+02  -1.4441741e+03
   3.9087500e+02  -1.4424417e+03
   3.9090000e+02  -1.4417436e+03
   3.9092250e+02  -1.4427839e+03
   3.9094500e+02  -1.4446031e+03
   3.9096750e+02  -1.4485194e+03
   3.9099000e+02  -1.4512305e+03
   3.9102500e+02  -1.4530555e+03
   3.9104750e+02  -1.4512359e+03
   3.9107000e+02  -1.4492931e+03
   3.9109250e+02  -1.4460124e+03
   3.9111500e+02  -1.4430343e+03
   3.9113750e+02  -1.4392666e+03
   3.9116000e+02  -1.4378319e+03
   3.9118250e+02  -1.4377848e+03
   3.9120500e+02  -1.4401956e+03
   3.9122750e+02  -1.4420973e+03
   3.9125000e+02  -1.4441551e+03
   3.9127500e+02  -1.4444723e+03
   3.9129750e+02  -1.4433411e+03
   3.9132000e+02  -1.4421778e+03
   3.9134250e+02  -1.4393592e+03
   3.9136500e+02  -1.4369849e+03
   3.9138750e+02  -1.4346147e+03
   3.9141000e+02  -1.4348096e+03
   3.9143250e+02  -1.4356311e+03
   3.9145500e+02  -1.4380987e+03
   3.9147750e+02  -1.4397507e+03
   3.9150000e+02  -1.4421452e+03
   3.9152500e+02  -1.4439386e+03
   3.9154750e+02  -1.4440162e+03
   3.9157000e+02  -1.4433460e+03
   3.9159250e+02  -1.4406800e+03
   3.9161500e+02  -1.4392240e+03
   3.9163750e+02  -1.4378665e+03
   3.9166000e+02  -1.4379475e+03
   3.9168250e+02  -1.4372897e+03
   3.9170500e+02  -1.4377675e+03
   3.9172750e+02  -1.4377856e+03
   3.9175000e+02  -1.4388521e+03
   3.9177500e+02  -1.4387477e+03
   3.9179750e+02  -1.4371876e+03
   3.9182000e+02  -1.4360569e+03
   3.9184250e+02  -1.4345537e+03
   3.9186500e+02  -1.4346179e+03
   3.9188750e+02  -1.4340081e+03
   3.9191000e+02  -1.4344741e+03
   3.9193250e+02  -1.4347584e+03
   3.9195500e+02  -1.4367156e+03
   3.9197750e+02  -1.4379024e+03
   3.9201250e+02  -1.4395215e+03
   3.9203500e+02  -1.4391456e+03
   3.9205750e+02  -1.4400228e+03
   3.9208000e+02  -1.4403629e+03
   3.9210250e+02  -1.4413776e+03
   3.9212500e+02  -1.4413557e+03
   3.9215000e+02  -1.4420357e+03
   3.9217250e+02  -1.4435161e+03
   3.9219500e+02  -1.4442067e+03
   3.9221750e+02  -1.4453824e+03
   3.9224000e+02  -1.4455266e+03
   3.9226250e+02  -1.4467585e+03
   3.9228500e+02  -1.4471165e+03
   3.9230750e+02  -1.4480308e+03
   3.9233000e+02  -1.4478392e+03
   3.9235250e+02  -1.4487134e+03
   3.9237500e+02  -1.4489470e+03
   3.9240000e+02  -1.4495814e+03
   3.9242250e+02  -1.4499802e+03
   3.9244500e+02  -1.4490356e+03
   3.9246750e+02  -1.4490382e+03
   3.9249000e+02  -1.4484853e+03
   3.9251250e+02  -1.4488503e+03
   3.9253500e+02  -1.4485221e+03
   3.9255750e+02  -1.4494547e+03
   3.9258000e+02  -1.4499593e+03
   3.9260250e+02  -1.4512249e+03
   3.9262500e+02  -1.4513560e+03
   3.9265000e+02  -1.4520980e+03
   3.9267250e+02  -1.4534028e+03
   3.9269500e+02  -1.4535630e+03
   3.9271750e+02  -1.4540111e+03
   3.9274000e+02  -1.4529387e+03
   3.9276250e+02  -1.4525550e+03
   3.9278500e+02  -1.4514156e+03
   3.9280750e+02  -1.4513263e+03
   3.9283000e+02  -1.4504664e+03
   3.9285250e+02  -1.4507472e+03
   3.9287500e+02  -1.4506230e+03
   3.9290000e+02  -1.4518258e+03
   3.9292250e+02  -1.4537755e+03
   3.9294500e+02  -1.4543399e+03
   3.9296750e+02  -1.4548190e+03
   3.9299000e+02  -1.4542630e+03
   3.9302500e+02  -1.4551662e+03
   3.9304750e+02  -1.4540980e+03
   3.9307000e+02  -1.4524445e+03
   3.9309250e+02  -1.4492149e+03
   3.9311500e+02  -1.4476461e+03
   3.9313750e+02  -1.4467663e+03
   3.9316000e+02  -1.4471235e+03
   3.9318250e+02  -1.4462520e+03
   3.9320500e+02  -1.4461213e+03
   3.9322750e+02  -1.4459608e+03
   3.9325000e+02  -1.4476564e+03
   3.9327500e+02  -1.4485689e+03
   3.9329750e+02  -1.4475084e+03
   3.9332000e+02  -1.4466304e+03
   3.9334250e+02  -1.4457021e+03
   3.9336500e+02  -1.4467191e+03
   3.9338750e+02  -1.4465112e+03
   3.9341000e+02  -1.4461896e+03
   3.9343250e+02  -1.4449826e+03
   3.9345500e+02  -1.4457370e+03
   3.9347750e+02  -1.4464514e+03
   3.9350000e+02  -1.4476735e+03
   3.9352500e+02  -1.4471949e+03
   3.9354750e+02  -1.4460044e+03
   3.9357000e+02  -1.4465999e+03
   3.9359250e+02  -1.4471024e+03
   3.9361500e+02  -1.4483672e+03
   3.9363750e+02  -1.4480895e+03
   3.9366000e+02  -1.4483357e+03
   3.9368250e+02  -1.4477489e+03
   3.9370500e+02  -1.4481294e+03
   3.9372750e+02  -1.4475922e+03
   3.9375000e+02  -1.4476357e+03
   3.9377500e+02  -1.4475637e+03
   3.9379750e+02  -1.4476123e+03
   3.9382000e+02  -1.4485203e+03
   3.9384250e+02  -1.4480192e+03
   3.9386500e+02  -1.4484280e+03
   3.9388750e+02  -1.4483962e+03
   3.9391000e+02  -1.4491911e+03
   3.9393250e+02  -1.4485616e+03
   3.9395500e+02  -1.4484712e+03
   3.9397750e+02  -1.4476374e+03
   3.9401250e+02  -1.4484914e+03
   3.9403500e+02  -1.4485153e+03
   3.9405750e+02  -1.4488198e+03
   3.9408000e+02  -1.4478645e+03
   3.9410250e+02  -1.4478005e+03
   3.9412500e+02  -1.4463947e+03
   3.9415000e+02  -1.4438461e+03
   3.9417250e+02  -1.4412169e+03
   3.9419500e+02  -1.4385937e+03
   3.9421750e+02  -1.4387259e+03
   3.9424000e+02  -1.4395877e+03
   3.9426250e+02  -1.4414738e+03
   3.9428500e+02  -1.4421909e+03
   3.9430750e+02  -1.4445927e+03
   3.9433000e+02  -1.4471551e+03
   3.9435250e+02  -1.4497207e+03
   3.9437500e+02  -1.4489253e+03
   3.9440000e+02  -1.4464187e+03
   3.9442250e+02  -1.4445010e+03
   3.9444500e+02  -1.4426069e+03
   3.9446750e+02  -1.4422852e+03
   3.9449000e+02  -1.4414426e+03
   3.9451250e+02  -1.4421722e+03
   3.9453500e+02  -1.4435944e+03
   3.9455750e+02  -1.4468757e+03
   3.9458000e+02  -1.4482298e+03
   3.9460250e+02  -1.4485452e+03
   3.9462500e+02  -1.4467554e+03
   3.9465000e+02  -1.4455569e+03
   3.9467250e+02  -1.4452615e+03
   3.9469500e+02  -1.4433655e+03
   3.9471750e+02  -1.4417893e+03
   3.9474000e+02  -1.4407857e+03
   3.9476250e+02  -1.4433389e+03
   3.9478500e+02  -1.4460440e+03
   3.9480750e+02  -1.4481147e+03
   3.9483000e+02  -1.4475041e+03
   3.9485250e+02  -1.4473206e+03
   3.9487500e+02  -1.4464023e+03
   3.9490000e+02  -1.4448892e+03
   3.9492250e+02  -1.4424030e+03
   3.9494500e+02  -1.4389308e+03
   3.9496750e+02  -1.4383852e+03
   3.9499000e+02  -1.4393345e+03
   3.9502500e+02  -1.4425505e+03
   3.9504750e+02  -1.4419267e+03
   3.9507000e+02  -1.4410643e+03
   3.9509250e+02  -1.4392371e+03
   3.9511500e+02  -1.4377378e+03
   3.9513750e+02  -1.4333109e+03
   3.9516000e+02  -1.4279730e+03
   3.9518250e+02  -1.4226770e+03
   3.9520500e+02  -1.4215422e+03
   3.9522750e+02  -1.4226270e+03
   3.9525000e+02  -1.4255550e+03
   3.9527500e+02  -1.4273298e+03
   3.9529750e+02  -1.4284042e+03
   3.9532000e+02  -1.4309379e+03
   3.9534250e+02  -1.4319923e+03
   3.9536500e+02  -1.4314948e+03
   3.9538750e+02  -1.4279028e+03
   3.9541000e+02  -1.4248555e+03
   3.9543250e+02  -1.4224890e+03
   3.9545500e+02  -1.4223519e+03
   3.9547750e+02  -1.4215688e+03
   3.9550000e+02  -1.4218343e+03
   3.9552500e+02  -1.4233737e+03
   3.9554750e+02  -1.4256802e+03
   3.9557000e+02  -1.4281371e+03
   3.9559250e+02  -1.4279137e+03
   3.9561500e+02  -1.4276617e+03
   3.9563750e+02  -1.4266925e+03
   3.9566000e+02  -1.4266976e+03
   3.9568250e+02  -1.4252273e+03
   3.9570500e+02  -1.4239318e+03
   3.9572750e+02  -1.4221889e+03
   3.9575000e+02  -1.4228517e+03
   3.9577500e+02  -1.4240982e+03
   3.9579750e+02  -1.4239473e+03
   3.9582000e+02  -1.4236344e+03
   3.9584250e+02  -1.4223825e+03
   3.9586500e+02  -1.4226662e+03
   3.9588750e+02  -1.4223585e+03
   3.9591000e+02  -1.4223427e+03
   3.9593250e+02  -1.4211790e+03
   3.9595500e+02  -1.4220987e+03
   3.9597750e+02  -1.4240020e+03
   3.9601250e+02  -1.4278098e+03
   3.9603500e+02  -1.4278881e+03
   3.9605750e+02  -1.4278700e+03
   3.9608000e+02  -1.4266579e+03
   3.9610250e+02  -1.4258284e+03
   3.9612500e+02  -1.4231376e+03
   3.9615000e+02  -1.4196199e+03
   3.9617250e+02  -1.4177962e+03
   3.9619500e+02  -1.4175684e+03
   3.9621750e+02  -1.4203396e+03
   3.9624000e+02  -1.4225378e+03
   3.9626250e+02  -1.4248539e+03
   3.9628500e+02  -1.4257917e+03
   3.9630750e+02  -1.4275283e+03
   3.9633000e+02  -1.4274028e+03
   3.9635250e+02  -1.4261879e+03
   3.9637500e+02  -1.4227178e+03
   3.9640000e+02  -1.4200018e+03
   3.9642250e+02  -1.4197252e+03
   3.9644500e+02  -1.4199201e+03
   3.9646750e+02  -1.4215877e+03
   3.9649000e+02  -1.4232813e+03
   3.9651250e+02  -1.4267623e+03
   3.9653500e+02  -1.4292567e+03
   3.9655750e+02  -1.4312458e+03
   3.9658000e+02  -1.4301555e+03
   3.9660250e+02  -1.4283721e+03
   3.9662500e+02  -1.4255913e+03
   3.9665000e+02  -1.4237935e+03
   3.9667250e+02  -1.4234501e+03
   3.9669500e+02  -1.4226251e+03
   3.9671750e+02  -1.4230073e+03
   3.9674000e+02  -1.4238428e+03
   3.9676250e+02  -1.4266129e+03
   3.9678500e+02  -1.4277933e+03
   3.9680750e+02  -1.4276835e+03
   3.9683000e+02  -1.4253162e+03
   3.9685250e+02  -1.4236220e+03
   3.9687500e+02  -1.4214145e+03
   3.9690000e+02  -1.4196430e+03
   3.9692250e+02  -1.4188519e+03
   3.9694500e+02  -1.4184967e+03
   3.9696750e+02  -1.4207246e+03
   3.9699000e+02  -1.4229396e+03
   3.9702500e+02  -1.4262546e+03
   3.9704750e+02  -1.4253886e+03
   3.9707000e+02  -1.4237572e+03
   3.9709250e+02  -1.4205361e+03
   3.9711500e+02  -1.4177346e+03
   3.9713750e+02  -1.4139352e+03
   3.9716000e+02  -1.4116112e+03
   3.9718250e+02  -1.4100135e+03
   3.9720500e+02  -1.4109987e+03
   3.9722750e+02  -1.4124875e+03
   3.9725000e+02  -1.4153033e+03
   3.9727500e+02  -1.4169709e+03
   3.9729750e+02  -1.4162921e+03
   3.9732000e+02  -1.4148579e+03
   3.9734250e+02  -1.4116968e+03
   3.9736500e+02  -1.4095291e+03
   3.9738750e+02  -1.4068811e+03
   3.9741000e+02  -1.4056068e+03
   3.9743250e+02  -1.4044557e+03
   3.9745500e+02  -1.4053927e+03
   3.9747750e+02  -1.4062148e+03
   3.9750000e+02  -1.4079984e+03
   3.9752500e+02  -1.4091365e+03
   3.9754750e+02  -1.4091310e+03
   3.9757000e+02  -1.4093853e+03
   3.9759250e+02  -1.4085054e+03
   3.9761500e+02  -1.4085368e+03
   3.9763750e+02  -1.4079178e+03
   3.9766000e+02  -1.4085313e+03
   3.9768250e+02  -1.4087248e+03
   3.9770500e+02  -1.4101386e+03
   3.9772750e+02  -1.4107136e+03
   3.9775000e+02  -1.4116071e+03
   3.9777500e+02  -1.4108248e+03
   3.9779750e+02  -1.4090022e+03
   3.9782000e+02  -1.4082368e+03
   3.9784250e+02  -1.4068286e+03
   3.9786500e+02  -1.4063355e+03
   3.9788750e+02  -1.4051809e+03
   3.9791000e+02  -1.4053390e+03
   3.9793250e+02  -1.4051858e+03
   3.9795500e+02  -1.4063152e+03
   3.9797750e+02  -1.4065934e+03
   3.9801250e+02  -1.4076835e+03
   3.9803500e+02  -1.4075011e+03
   3.9805750e+02  -1.4073039e+03
   3.9808000e+02  -1.4052646e+03
   3.9810250e+02  -1.4037316e+03
   3.9812500e+02  -1.4017264e+03
   3.9815000e+02  -1.4003114e+03
   3.9817250e+02  -1.3992903e+03
   3.9819500e+02  -1.3972752e+03
   3.9821750e+02  -1.3962940e+03
   3.9824000e+02  -1.3952560e+03
   3.9826250e+02  -1.3957294e+03
   3.9828500e+02  -1.3952797e+03
   3.9830750e+02  -1.3951569e+03
   3.9833000e+02  -1.3941122e+03
   3.9835250e+02  -1.3943447e+03
   3.9837500e+02  -1.3937696e+03
   3.9840000e+02  -1.3929383e+03
   3.9842250e+02  -1.3923720e+03
   3.9844500e+02  -1.3912741e+03
   3.9846750e+02  -1.3913380e+03
   3.9849000e+02  -1.3905255e+03
   3.9851250e+02  -1.3907561e+03
   3.9853500e+02  -1.3908226e+03
   3.9855750e+02  -1.3928244e+03
   3.9858000e+02  -1.3945334e+03
   3.9860250e+02  -1.3968178e+03
   3.9862500e+02  -1.3975355e+03
   3.9865000e+02  -1.3981950e+03
   3.9867250e+02  -1.3986517e+03
   3.9869500e+02  -1.3974435e+03
   3.9871750e+02  -1.3964522e+03
   3.9874000e+02  -1.3945425e+03
   3.9876250e+02  -1.3940781e+03
   3.9878500e+02  -1.3934867e+03
   3.9880750e+02  -1.3942417e+03
   3.9883000e+02  -1.3941804e+03
   3.9885250e+02  -1.3951062e+03
   3.9887500e+02  -1.3957355e+03
   3.9890000e+02  -1.3969222e+03
   3.9892250e+02  -1.3972804e+03
   3.9894500e+02  -1.3955362e+03
   3.9896750e+02  -1.3945027e+03
   3.9899000e+02  -1.3935153e+03
   3.9902500e+02  -1.3949206e+03
   3.9904750e+02  -1.3958638e+03
   3.9907000e+02  -1.3977322e+03
   3.9909250e+02  -1.3991690e+03
   3.9911500e+02  -1.4024679e+03
   3.9913750e+02  -1.4050127e+03
   3.9916000e+02  -1.4070205e+03
   3.9918250e+02  -1.4068568e+03
   3.9920500e+02  -1.4073334e+03
   3.9922750e+02  -1.4073394e+03
   3.9925000e+02  -1.4087663e+03
   3.9927500e+02  -1.4099062e+03
   3.9929750e+02  -1.4101073e+03
   3.9932000e+02  -1.4115654e+03
   3.9934250e+02  -1.4126805e+03
   3.9936500e+02  -1.4138504e+03
   3.9938750e+02  -1.4122065e+03
   3.9941000e+02  -1.4101565e+03
   3.9943250e+02  -1.4076472e+03
   3.9945500e+02  -1.4072848e+03
   3.9947750e+02  -1.4068238e+03
   3.9950000e+02  -1.4075033e+03
   3.9952500e+02  -1.4081067e+03
   3.9954750e+02  -1.4089943e+03
   3.9957000e+02  -1.4112398e+03
   3.9959250e+02  -1.4118348e+03
   3.9961500e+02  -1.4119989e+03
   3.9963750e+02  -1.4107350e+03
   3.9966000e+02  -1.4104915e+03
   3.9968250e+02  -1.4094384e+03
   3.9970500e+02  -1.4090904e+03
   3.9972750e+02  -1.4083635e+03
   3.9975000e+02  -1.4097650e+03
   3.9977500e+02  -1.4119724e+03
   3.9979750e+02  -1.4132169e+03
   3.9982000e+02  -1.4139740e+03
   3.9984250e+02  -1.4124153e+03
   3.9986500e+02  -1.4114141e+03
   3.9988750e+02  -1.4101787e+03
   3.9991000e+02  -1.4099626e+03
   3.9993250e+02  -1.4081777e+03
   3.9995500e+02  -1.4071068e+03
   3.9997750e+02  -1.4063924e+03
   4.0001250e+02  -1.4088367e+03
   4.0003500e+02  -1.4098908e+03
   4.0005750e+02  -1.4109156e+03
   4.0008000e+02  -1.4107043e+03
   4.0010250e+02  -1.4119487e+03
   4.0012500e+02  -1.4124966e+03
   4.0015000e+02  -1.4121842e+03
   4.0017250e+02  -1.4111835e+03
   4.0019500e+02  -1.4098918e+03
   4.0021750e+02  -1.4111697e+03
   4.0024000e+02  -1.4126944e+03
   4.0026250e+02  -1.4148449e+03
   4.0028500e+02  -1.4149051e+03
   4.0030750e+02  -1.4155471e+03
   4.0033000e+02  -1.4162541e+03
   4.0035250e+02  -1.4179779e+03
   4.0037500e+02  -1.4170731e+03
   4.0040000e+02  -1.4146050e+03
   4.0042250e+02  -1.4129089e+03
   4.0044500e+02  -1.4117827e+03
   4.0046750e+02  -1.4125583e+03
   4.0049000e+02  -1.4126501e+03
   4.0051250e+02  -1.4134768e+03
   4.0053500e+02  -1.4137829e+03
   4.0055750e+02  -1.4154522e+03
   4.0058000e+02  -1.4156910e+03
   4.0060250e+02  -1.4152554e+03
   4.0062500e+02  -1.4129167e+03
   4.0065000e+02  -1.4110795e+03
   4.0067250e+02  -1.4108393e+03
   4.0069500e+02  -1.4103632e+03
   4.0071750e+02  -1.4108079e+03
   4.0074000e+02  -1.4107538e+03
   4.0076250e+02  -1.4123492e+03
   4.0078500e+02  -1.4134300e+03
   4.0080750e+02  -1.4146063e+03
   4.0083000e+02  -1.4136735e+03
   4.0085250e+02  -1.4129162e+03
   4.0087500e+02  -1.4111373e+03
   4.0090000e+02  -1.4094632e+03
   4.0092250e+02  -1.4084962e+03
   4.0094500e+02  -1.4077571e+03
   4.0096750e+02  -1.4093789e+03
   4.0099000e+02  -1.4112416e+03
   4.0102500e+02  -1.4145014e+03
   4.0104750e+02  -1.4138141e+03
   4.0107000e+02  -1.4126436e+03
   4.0109250e+02  -1.4103733e+03
   4.0111500e+02  -1.4084611e+03
   4.0113750e+02  -1.4045572e+03
   4.0116000e+02  -1.4007830e+03
   4.0118250e+02  -1.3971727e+03
   4.0120500e+02  -1.3968139e+03
   4.0122750e+02  -1.3977440e+03
   4.0125000e+02  -1.3999976e+03
   4.0127500e+02  -1.4007182e+03
   4.0129750e+02  -1.4004768e+03
   4.0132000e+02  -1.4013640e+03
   4.0134250e+02  -1.4008497e+03
   4.0136500e+02  -1.3997614e+03
   4.0138750e+02  -1.3968905e+03
   4.0141000e+02  -1.3956711e+03
   4.0143250e+02  -1.3955997e+03
   4.0145500e+02  -1.3977205e+03
   4.0147750e+02  -1.3987900e+03
   4.0150000e+02  -1.3997872e+03
   4.0152500e+02  -1.4002259e+03
   4.0154750e+02  -1.4004718e+03
   4.0157000e+02  -1.4011667e+03
   4.0159250e+02  -1.3995324e+03
   4.0161500e+02  -1.3974189e+03
   4.0163750e+02  -1.3945658e+03
   4.0166000e+02  -1.3943027e+03
   4.0168250e+02  -1.3946841e+03
   4.0170500e+02  -1.3960682e+03
   4.0172750e+02  -1.3961856e+03
   4.0175000e+02  -1.3973143e+03
   4.0177500e+02  -1.3984156e+03
   4.0179750e+02  -1.3981433e+03
   4.0182000e+02  -1.3972567e+03
   4.0184250e+02  -1.3946757e+03
   4.0186500e+02  -1.3934527e+03
   4.0188750e+02  -1.3920707e+03
   4.0191000e+02  -1.3921380e+03
   4.0193250e+02  -1.3918999e+03
   4.0195500e+02  -1.3930965e+03
   4.0197750e+02  -1.3941118e+03
   4.0201250e+02  -1.3972489e+03
   4.0203500e+02  -1.3983476e+03
   4.0205750e+02  -1.3996245e+03
   4.0208000e+02  -1.3995851e+03
   4.0210250e+02  -1.4000699e+03
   4.0212500e+02  -1.3994463e+03
   4.0215000e+02  -1.3993366e+03
   4.0217250e+02  -1.3998598e+03
   4.0219500e+02  -1.3996120e+03
   4.0221750e+02  -1.4000713e+03
   4.0224000e+02  -1.3995776e+03
   4.0226250e+02  -1.4000966e+03
   4.0228500e+02  -1.4001827e+03
   4.0230750e+02  -1.4013208e+03
   4.0233000e+02  -1.4013603e+03
   4.0235250e+02  -1.4019518e+03
   4.0237500e+02  -1.4013931e+03
   4.0240000e+02  -1.4007729e+03
   4.0242250e+02  -1.4006294e+03
   4.0244500e+02  -1.3998066e+03
   4.0246750e+02  -1.3998389e+03
   4.0249000e+02  -1.3986880e+03
   4.0251250e+02  -1.3985717e+03
   4.0253500e+02  -1.3980117e+03
   4.0255750e+02  -1.3983046e+03
   4.0258000e+02  -1.3975682e+03
   4.0260250e+02  -1.3975109e+03
   4.0262500e+02  -1.3967115e+03
   4.0265000e+02  -1.3964504e+03
   4.0267250e+02  -1.3965481e+03
   4.0269500e+02  -1.3954450e+03
   4.0271750e+02  -1.3955468e+03
   4.0274000e+02  -1.3953872e+03
   4.0276250e+02  -1.3962509e+03
   4.0278500e+02  -1.3959024e+03
   4.0280750e+02  -1.3958186e+03
   4.0283000e+02  -1.3946423e+03
   4.0285250e+02  -1.3942982e+03
   4.0287500e+02  -1.3933003e+03
   4.0290000e+02  -1.3927928e+03
   4.0292250e+02  -1.3930501e+03
   4.0294500e+02  -1.3930990e+03
   4.0296750e+02  -1.3946856e+03
   4.0299000e+02  -1.3957911e+03
   4.0302500e+02  -1.3982873e+03
   4.0304750e+02  -1.3991059e+03
   4.0307000e+02  -1.4006640e+03
   4.0309250e+02  -1.4009285e+03
   4.0311500e+02  -1.4017220e+03
   4.0313750e+02  -1.4018520e+03
   4.0316000e+02  -1.4033091e+03
   4.0318250e+02  -1.4042730e+03
   4.0320500e+02  -1.4064418e+03
   4.0322750e+02  -1.4079525e+03
   4.0325000e+02  -1.4103109e+03
   4.0327500e+02  -1.4124606e+03
   4.0329750e+02  -1.4135403e+03
   4.0332000e+02  -1.4150995e+03
   4.0334250e+02  -1.4152875e+03
   4.0336500e+02  -1.4154495e+03
   4.0338750e+02  -1.4143681e+03
   4.0341000e+02  -1.4143614e+03
   4.0343250e+02  -1.4136828e+03
   4.0345500e+02  -1.4139678e+03
   4.0347750e+02  -1.4133860e+03
   4.0350000e+02  -1.4135737e+03
   4.0352500e+02  -1.4129682e+03
   4.0354750e+02  -1.4115293e+03
   4.0357000e+02  -1.4107002e+03
   4.0359250e+02  -1.4089951e+03
   4.0361500e+02  -1.4086878e+03
   4.0363750e+02  -1.4084210e+03
   4.0366000e+02  -1.4099455e+03
   4.0368250e+02  -1.4108845e+03
   4.0370500e+02  -1.4124769e+03
   4.0372750e+02  -1.4127183e+03
   4.0375000e+02  -1.4135231e+03
   4.0377500e+02  -1.4134757e+03
   4.0379750e+02  -1.4121152e+03
   4.0382000e+02  -1.4107729e+03
   4.0384250e+02  -1.4083628e+03
   4.0386500e+02  -1.4078188e+03
   4.0388750e+02  -1.4081929e+03
   4.0391000e+02  -1.4108221e+03
   4.0393250e+02  -1.4125323e+03
   4.0395500e+02  -1.4141876e+03
   4.0397750e+02  -1.4143446e+03
   4.0401250e+02  -1.4155744e+03
   4.0403500e+02  -1.4143948e+03
   4.0405750e+02  -1.4120078e+03
   4.0408000e+02  -1.4077866e+03
   4.0410250e+02  -1.4054025e+03
   4.0412500e+02  -1.4036072e+03
   4.0415000e+02  -1.4028323e+03
   4.0417250e+02  -1.4025431e+03
   4.0419500e+02  -1.4014509e+03
   4.0421750e+02  -1.4017784e+03
   4.0424000e+02  -1.4018367e+03
   4.0426250e+02  -1.4017329e+03
   4.0428500e+02  -1.3989921e+03
   4.0430750e+02  -1.3965453e+03
   4.0433000e+02  -1.3944414e+03
   4.0435250e+02  -1.3954201e+03
   4.0437500e+02  -1.3970258e+03
   4.0440000e+02  -1.3989142e+03
   4.0442250e+02  -1.4000489e+03
   4.0444500e+02  -1.4002143e+03
   4.0446750e+02  -1.4014422e+03
   4.0449000e+02  -1.4010835e+03
   4.0451250e+02  -1.3998911e+03
   4.0453500e+02  -1.3967351e+03
   4.0455750e+02  -1.3951184e+03
   4.0458000e+02  -1.3946187e+03
   4.0460250e+02  -1.3964429e+03
   4.0462500e+02  -1.3977505e+03
   4.0465000e+02  -1.3992820e+03
   4.0467250e+02  -1.4009763e+03
   4.0469500e+02  -1.4014102e+03
   4.0471750e+02  -1.4015314e+03
   4.0474000e+02  -1.3991764e+03
   4.0476250e+02  -1.3967164e+03
   4.0478500e+02  -1.3937976e+03
   4.0480750e+02  -1.3930565e+03
   4.0483000e+02  -1.3926019e+03
   4.0485250e+02  -1.3937459e+03
   4.0487500e+02  -1.3944392e+03
   4.0490000e+02  -1.3955958e+03
   4.0492250e+02  -1.3966653e+03
   4.0494500e+02  -1.3960657e+03
   4.0496750e+02  -1.3956080e+03
   4.0499000e+02  -1.3937371e+03
   4.0502500e+02  -1.3918459e+03
   4.0504750e+02  -1.3907164e+03
   4.0507000e+02  -1.3919812e+03
   4.0509250e+02  -1.3933475e+03
   4.0511500e+02  -1.3956604e+03
   4.0513750e+02  -1.3967712e+03
   4.0516000e+02  -1.3980524e+03
   4.0518250e+02  -1.3973097e+03
   4.0520500e+02  -1.3966806e+03
   4.0522750e+02  -1.3946757e+03
   4.0525000e+02  -1.3931881e+03
   4.0527500e+02  -1.3914007e+03
   4.0529750e+02  -1.3909221e+03
   4.0532000e+02  -1.3930055e+03
   4.0534250e+02  -1.3953021e+03
   4.0536500e+02  -1.3985867e+03
   4.0538750e+02  -1.4001804e+03
   4.0541000e+02  -1.4016397e+03
   4.0543250e+02  -1.4017430e+03
   4.0545500e+02  -1.4020032e+03
   4.0547750e+02  -1.3999174e+03
   4.0550000e+02  -1.3976464e+03
   4.0552500e+02  -1.3952623e+03
   4.0554750e+02  -1.3945455e+03
   4.0557000e+02  -1.3964080e+03
   4.0559250e+02  -1.3980300e+03
   4.0561500e+02  -1.4004120e+03
   4.0563750e+02  -1.4017913e+03
   4.0566000e+02  -1.4042782e+03
   4.0568250e+02  -1.4053684e+03
   4.0570500e+02  -1.4054300e+03
   4.0572750e+02  -1.4029391e+03
