   3.5975000e+02  -1.4620135e+03
   3.5977500e+02  -1.4628296e+03
   3.5979750e+02  -1.4635518e+03
   3.5982000e+02  -1.4641429e+03
   3.5984250e+02  -1.4634655e+03
   3.5986500e+02  -1.4640271e+03
   3.5988750e+02  -1.4641320e+03
   3.5991000e+02  -1.4640015e+03
   3.5993250e+02  -1.4618425e+03
   3.5995500e+02  -1.4607597e+03
   3.5997750e+02  -1.4601084e+03
   3.6001250e+02  -1.4621214e+03
   3.6003500e+02  -1.4625741e+03
   3.6005750e+02  -1.4628689e+03
   3.6008000e+02  -1.4619391e+03
   3.6010250e+02  -1.4620033e+03
   3.6012500e+02  -1.4609892e+03
   3.6015000e+02  -1.4590729e+03
   3.6017250e+02  -1.4573137e+03
   3.6019500e+02  -1.4550946e+03
   3.6021750e+02  -1.4548433e+03
   3.6024000e+02  -1.4545630e+03
   3.6026250e+02  -1.4545026e+03
   3.6028500e+02  -1.4529514e+03
   3.6030750e+02  -1.4520687e+03
   3.6033000e+02  -1.4505697e+03
   3.6035250e+02  -1.4502754e+03
   3.6037500e+02  -1.4489817e+03
   3.6040000e+02  -1.4477537e+03
   3.6042250e+02  -1.4474288e+03
   3.6044500e+02  -1.4475906e+03
   3.6046750e+02  -1.4492864e+03
   3.6049000e+02  -1.4498366e+03
   3.6051250e+02  -1.4504233e+03
   3.6053500e+02  -1.4499211e+03
   3.6055750e+02  -1.4506517e+03
   3.6058000e+02  -1.4506267e+03
   3.6060250e+02  -1.4507301e+03
   3.6062500e+02  -1.4492888e+03
   3.6065000e+02  -1.4487131e+03
   3.6067250e+02  -1.4497801e+03
   3.6069500e+02  -1.4504987e+03
   3.6071750e+02  -1.4515435e+03
   3.6074000e+02  -1.4512985e+03
   3.6076250e+02  -1.4522250e+03
   3.6078500e+02  -1.4527377e+03
   3.6080750e+02  -1.4540916e+03
   3.6083000e+02  -1.4538535e+03
   3.6085250e+02  -1.4538476e+03
   3.6087500e+02  -1.4528250e+03
   3.6090000e+02  -1.4526701e+03
   3.6092250e+02  -1.4528772e+03
   3.6094500e+02  -1.4518994e+03
   3.6096750e+02  -1.4519365e+03
   3.6099000e+02  -1.4519045e+03
   3.6102500e+02  -1.4535720e+03
   3.6104750e+02  -1.4531183e+03
   3.6107000e+02  -1.4527031e+03
   3.6109250e+02  -1.4515019e+03
   3.6111500e+02  -1.4514396e+03
   3.6113750e+02  -1.4502480e+03
   3.6116000e+02  -1.4497363e+03
   3.6118250e+02  -1.4484214e+03
   3.6120500e+02  -1.4486086e+03
   3.6122750e+02  -1.4484257e+03
   3.6125000e+02  -1.4490419e+03
   3.6127500e+02  -1.4485898e+03
   3.6129750e+02  -1.4474498e+03
   3.6132000e+02  -1.4476455e+03
   3.6134250e+02  -1.4474639e+03
   3.6136500e+02  -1.4477727e+03
   3.6138750e+02  -1.4461405e+03
   3.6141000e+02  -1.4452479e+03
   3.6143250e+02  -1.4442139e+03
   3.6145500e+02  -1.4444850e+03
   3.6147750e+02  -1.4432623e+03
   3.6150000e+02  -1.4419611e+03
   3.6152500e+02  -1.4400518e+03
   3.6154750e+02  -1.4390374e+03
   3.6157000e+02  -1.4400829e+03
   3.6159250e+02  -1.4404584e+03
   3.6161500e+02  -1.4413752e+03
   3.6163750e+02  -1.4415426e+03
   3.6166000e+02  -1.4430590e+03
   3.6168250e+02  -1.4434341e+03
   3.6170500e+02  -1.4434481e+03
   3.6172750e+02  -1.4416006e+03
   3.6175000e+02  -1.4405134e+03
   3.6177500e+02  -1.4400443e+03
   3.6179750e+02  -1.4399513e+03
   3.6182000e+02  -1.4402936e+03
   3.6184250e+02  -1.4396752e+03
   3.6186500e+02  -1.4409986e+03
   3.6188750e+02  -1.4426405e+03
   3.6191000e+02  -1.4450383e+03
   3.6193250e+02  -1.4452051e+03
   3.6195500e+02  -1.4450638e+03
   3.6197750e+02  -1.4434781e+03
   3.6201250e+02  -1.4422137e+03
   3.6203500e+02  -1.4402555e+03
   3.6205750e+02  -1.4382837e+03
   3.6208000e+02  -1.4357511e+03
   3.6210250e+02  -1.4350051e+03
   3.6212500e+02  -1.4345863e+03
   3.6215000e+02  -1.4343854e+03
   3.6217250e+02  -1.4339806e+03
   3.6219500e+02  -1.4330083e+03
   3.6221750e+02  -1.4336893e+03
   3.6224000e+02  -1.4332562e+03
   3.6226250e+02  -1.4315295e+03
   3.6228500e+02  -1.4274621e+03
   3.6230750e+02  -1.4248940e+03
   3.6233000e+02  -1.4230914e+03
   3.6235250e+02  -1.4233849e+03
   3.6237500e+02  -1.4232048e+03
   3.6240000e+02  -1.4233807e+03
   3.6242250e+02  -1.4247403e+03
   3.6244500e+02  -1.4257513e+03
   3.6246750e+02  -1.4271675e+03
   3.6249000e+02  -1.4263056e+03
   3.6251250e+02  -1.4250369e+03
   3.6253500e+02  -1.4229102e+03
   3.6255750e+02  -1.4224869e+03
   3.6258000e+02  -1.4217172e+03
   3.6260250e+02  -1.4216967e+03
   3.6262500e+02  -1.4216176e+03
   3.6265000e+02  -1.4235800e+03
   3.6267250e+02  -1.4264594e+03
   3.6269500e+02  -1.4276384e+03
   3.6271750e+02  -1.4280988e+03
   3.6274000e+02  -1.4272501e+03
   3.6276250e+02  -1.4279572e+03
   3.6278500e+02  -1.4278308e+03
   3.6280750e+02  -1.4277696e+03
   3.6283000e+02  -1.4266543e+03
   3.6285250e+02  -1.4270356e+03
   3.6287500e+02  -1.4272057e+03
   3.6290000e+02  -1.4278283e+03
   3.6292250e+02  -1.4281113e+03
   3.6294500e+02  -1.4272290e+03
   3.6296750e+02  -1.4277615e+03
   3.6299000e+02  -1.4278278e+03
   3.6302500e+02  -1.4273146e+03
   3.6304750e+02  -1.4250703e+03
   3.6307000e+02  -1.4245469e+03
   3.6309250e+02  -1.4243460e+03
   3.6311500e+02  -1.4250726e+03
   3.6313750e+02  -1.4239918e+03
   3.6316000e+02  -1.4228655e+03
   3.6318250e+02  -1.4214897e+03
   3.6320500e+02  -1.4221732e+03
   3.6322750e+02  -1.4226909e+03
   3.6325000e+02  -1.4232288e+03
   3.6327500e+02  -1.4221394e+03
   3.6329750e+02  -1.4210362e+03
   3.6332000e+02  -1.4218316e+03
   3.6334250e+02  -1.4216545e+03
   3.6336500e+02  -1.4210992e+03
   3.6338750e+02  -1.4187424e+03
   3.6341000e+02  -1.4181805e+03
   3.6343250e+02  -1.4183202e+03
   3.6345500e+02  -1.4196033e+03
   3.6347750e+02  -1.4184225e+03
   3.6350000e+02  -1.4172832e+03
   3.6352500e+02  -1.4169312e+03
   3.6354750e+02  -1.4176044e+03
   3.6357000e+02  -1.4186604e+03
   3.6359250e+02  -1.4173200e+03
   3.6361500e+02  -1.4160117e+03
   3.6363750e+02  -1.4148502e+03
   3.6366000e+02  -1.4159782e+03
   3.6368250e+02  -1.4167946e+03
   3.6370500e+02  -1.4181414e+03
   3.6372750e+02  -1.4184789e+03
   3.6375000e+02  -1.4202673e+03
   3.6377500e+02  -1.4222697e+03
   3.6379750e+02  -1.4230886e+03
   3.6382000e+02  -1.4227421e+03
   3.6384250e+02  -1.4200275e+03
   3.6386500e+02  -1.4184226e+03
   3.6388750e+02  -1.4169843e+03
   3.6391000e+02  -1.4165575e+03
   3.6393250e+02  -1.4150099e+03
   3.6395500e+02  -1.4155341e+03
   3.6397750e+02  -1.4171380e+03
   3.6401250e+02  -1.4222190e+03
   3.6403500e+02  -1.4243142e+03
   3.6405750e+02  -1.4254769e+03
   3.6408000e+02  -1.4247135e+03
   3.6410250e+02  -1.4248258e+03
   3.6412500e+02  -1.4238702e+03
   3.6415000e+02  -1.4228666e+03
   3.6417250e+02  -1.4222159e+03
   3.6419500e+02  -1.4218338e+03
   3.6421750e+02  -1.4239946e+03
   3.6424000e+02  -1.4259373e+03
   3.6426250e+02  -1.4282245e+03
   3.6428500e+02  -1.4289497e+03
   3.6430750e+02  -1.4296805e+03
   3.6433000e+02  -1.4286243e+03
   3.6435250e+02  -1.4274832e+03
   3.6437500e+02  -1.4243841e+03
   3.6440000e+02  -1.4210950e+03
   3.6442250e+02  -1.4193707e+03
   3.6444500e+02  -1.4184897e+03
   3.6446750e+02  -1.4198108e+03
   3.6449000e+02  -1.4210601e+03
   3.6451250e+02  -1.4233562e+03
   3.6453500e+02  -1.4242974e+03
   3.6455750e+02  -1.4254335e+03
   3.6458000e+02  -1.4250117e+03
   3.6460250e+02  -1.4246084e+03
   3.6462500e+02  -1.4225921e+03
   3.6465000e+02  -1.4206913e+03
   3.6467250e+02  -1.4193528e+03
   3.6469500e+02  -1.4177149e+03
   3.6471750e+02  -1.4181973e+03
   3.6474000e+02  -1.4187634e+03
   3.6476250e+02  -1.4205226e+03
   3.6478500e+02  -1.4208561e+03
   3.6480750e+02  -1.4215503e+03
   3.6483000e+02  -1.4209718e+03
   3.6485250e+02  -1.4210481e+03
   3.6487500e+02  -1.4200951e+03
   3.6490000e+02  -1.4190802e+03
   3.6492250e+02  -1.4188361e+03
   3.6494500e+02  -1.4183635e+03
   3.6496750e+02  -1.4192060e+03
   3.6499000e+02  -1.4190844e+03
   3.6502500e+02  -1.4197560e+03
   3.6504750e+02  -1.4186194e+03
   3.6507000e+02  -1.4176764e+03
   3.6509250e+02  -1.4153935e+03
   3.6511500e+02  -1.4133626e+03
   3.6513750e+02  -1.4097968e+03
   3.6516000e+02  -1.4074341e+03
   3.6518250e+02  -1.4055425e+03
   3.6520500e+02  -1.4054534e+03
   3.6522750e+02  -1.4049388e+03
   3.6525000e+02  -1.4052301e+03
   3.6527500e+02  -1.4041521e+03
   3.6529750e+02  -1.4025345e+03
   3.6532000e+02  -1.4018700e+03
   3.6534250e+02  -1.4002959e+03
   3.6536500e+02  -1.3995848e+03
   3.6538750e+02  -1.3984027e+03
   3.6541000e+02  -1.3988963e+03
   3.6543250e+02  -1.3994287e+03
   3.6545500e+02  -1.4015001e+03
   3.6547750e+02  -1.4024468e+03
   3.6550000e+02  -1.4039727e+03
   3.6552500e+02  -1.4049001e+03
   3.6554750e+02  -1.4049436e+03
   3.6557000e+02  -1.4049423e+03
   3.6559250e+02  -1.4030250e+03
   3.6561500e+02  -1.4019723e+03
   3.6563750e+02  -1.4008547e+03
   3.6566000e+02  -1.4014494e+03
   3.6568250e+02  -1.4015998e+03
   3.6570500e+02  -1.4026855e+03
   3.6572750e+02  -1.4032565e+03
   3.6575000e+02  -1.4053123e+03
   3.6577500e+02  -1.4073764e+03
   3.6579750e+02  -1.4078285e+03
   3.6582000e+02  -1.4076834e+03
   3.6584250e+02  -1.4056820e+03
   3.6586500e+02  -1.4045299e+03
   3.6588750e+02  -1.4027312e+03
   3.6591000e+02  -1.4017778e+03
   3.6593250e+02  -1.4003909e+03
   3.6595500e+02  -1.4010429e+03
   3.6597750e+02  -1.4020882e+03
   3.6601250e+02  -1.4058939e+03
   3.6603500e+02  -1.4068880e+03
   3.6605750e+02  -1.4070151e+03
   3.6608000e+02  -1.4050529e+03
   3.6610250e+02  -1.4033932e+03
   3.6612500e+02  -1.4006848e+03
   3.6615000e+02  -1.3977959e+03
   3.6617250e+02  -1.3960782e+03
   3.6619500e+02  -1.3944605e+03
   3.6621750e+02  -1.3950911e+03
   3.6624000e+02  -1.3961393e+03
   3.6626250e+02  -1.3975261e+03
   3.6628500e+02  -1.3967218e+03
   3.6630750e+02  -1.3956933e+03
   3.6633000e+02  -1.3934416e+03
   3.6635250e+02  -1.3922374e+03
   3.6637500e+02  -1.3906297e+03
   3.6640000e+02  -1.3899310e+03
   3.6642250e+02  -1.3905437e+03
   3.6644500e+02  -1.3913108e+03
   3.6646750e+02  -1.3937139e+03
   3.6649000e+02  -1.3954758e+03
   3.6651250e+02  -1.3973704e+03
   3.6653500e+02  -1.3971320e+03
   3.6655750e+02  -1.3968576e+03
   3.6658000e+02  -1.3955341e+03
   3.6660250e+02  -1.3952096e+03
   3.6662500e+02  -1.3943550e+03
   3.6665000e+02  -1.3945046e+03
   3.6667250e+02  -1.3957029e+03
   3.6669500e+02  -1.3968148e+03
   3.6671750e+02  -1.3993797e+03
   3.6674000e+02  -1.4008408e+03
   3.6676250e+02  -1.4020732e+03
   3.6678500e+02  -1.4011972e+03
   3.6680750e+02  -1.4001201e+03
   3.6683000e+02  -1.3976006e+03
   3.6685250e+02  -1.3960243e+03
   3.6687500e+02  -1.3939103e+03
   3.6690000e+02  -1.3923067e+03
   3.6692250e+02  -1.3918116e+03
   3.6694500e+02  -1.3918340e+03
   3.6696750e+02  -1.3939389e+03
   3.6699000e+02  -1.3957215e+03
   3.6702500e+02  -1.3977572e+03
   3.6704750e+02  -1.3959602e+03
   3.6707000e+02  -1.3940925e+03
   3.6709250e+02  -1.3913520e+03
   3.6711500e+02  -1.3886724e+03
   3.6713750e+02  -1.3840986e+03
   3.6716000e+02  -1.3805101e+03
   3.6718250e+02  -1.3780702e+03
   3.6720500e+02  -1.3787390e+03
   3.6722750e+02  -1.3799008e+03
   3.6725000e+02  -1.3817026e+03
   3.6727500e+02  -1.3817506e+03
   3.6729750e+02  -1.3807722e+03
   3.6732000e+02  -1.3804118e+03
   3.6734250e+02  -1.3783511e+03
   3.6736500e+02  -1.3757934e+03
   3.6738750e+02  -1.3720224e+03
   3.6741000e+02  -1.3702595e+03
   3.6743250e+02  -1.3695756e+03
   3.6745500e+02  -1.3712502e+03
   3.6747750e+02  -1.3721195e+03
   3.6750000e+02  -1.3732021e+03
   3.6752500e+02  -1.3743227e+03
   3.6754750e+02  -1.3756068e+03
   3.6757000e+02  -1.3773527e+03
   3.6759250e+02  -1.3765180e+03
   3.6761500e+02  -1.3753910e+03
   3.6763750e+02  -1.3738709e+03
   3.6766000e+02  -1.3748965e+03
   3.6768250e+02  -1.3759703e+03
   3.6770500e+02  -1.3775173e+03
   3.6772750e+02  -1.3776515e+03
   3.6775000e+02  -1.3788739e+03
   3.6777500e+02  -1.3803270e+03
   3.6779750e+02  -1.3807590e+03
   3.6782000e+02  -1.3802708e+03
   3.6784250e+02  -1.3775264e+03
   3.6786500e+02  -1.3762336e+03
   3.6788750e+02  -1.3753583e+03
   3.6791000e+02  -1.3760210e+03
   3.6793250e+02  -1.3754554e+03
   3.6795500e+02  -1.3757384e+03
   3.6797750e+02  -1.3762031e+03
   3.6801250e+02  -1.3792621e+03
   3.6803500e+02  -1.3792354e+03
   3.6805750e+02  -1.3786836e+03
   3.6808000e+02  -1.3768902e+03
   3.6810250e+02  -1.3767043e+03
   3.6812500e+02  -1.3768861e+03
   3.6815000e+02  -1.3780247e+03
   3.6817250e+02  -1.3790096e+03
   3.6819500e+02  -1.3794456e+03
   3.6821750e+02  -1.3817018e+03
   3.6824000e+02  -1.3836324e+03
   3.6826250e+02  -1.3850344e+03
   3.6828500e+02  -1.3835120e+03
   3.6830750e+02  -1.3822285e+03
   3.6833000e+02  -1.3812535e+03
   3.6835250e+02  -1.3821111e+03
   3.6837500e+02  -1.3818283e+03
   3.6840000e+02  -1.3821706e+03
   3.6842250e+02  -1.3842529e+03
   3.6844500e+02  -1.3866624e+03
   3.6846750e+02  -1.3897516e+03
   3.6849000e+02  -1.3902293e+03
   3.6851250e+02  -1.3896782e+03
   3.6853500e+02  -1.3875470e+03
   3.6855750e+02  -1.3859934e+03
   3.6858000e+02  -1.3837440e+03
   3.6860250e+02  -1.3826136e+03
   3.6862500e+02  -1.3813875e+03
   3.6865000e+02  -1.3827375e+03
   3.6867250e+02  -1.3856552e+03
   3.6869500e+02  -1.3877641e+03
   3.6871750e+02  -1.3898910e+03
   3.6874000e+02  -1.3902494e+03
   3.6876250e+02  -1.3908966e+03
   3.6878500e+02  -1.3899802e+03
   3.6880750e+02  -1.3890428e+03
   3.6883000e+02  -1.3866817e+03
   3.6885250e+02  -1.3858897e+03
   3.6887500e+02  -1.3857789e+03
   3.6890000e+02  -1.3875376e+03
   3.6892250e+02  -1.3900581e+03
   3.6894500e+02  -1.3913457e+03
   3.6896750e+02  -1.3928854e+03
   3.6899000e+02  -1.3932288e+03
   3.6902500e+02  -1.3933853e+03
   3.6904750e+02  -1.3910436e+03
   3.6907000e+02  -1.3892960e+03
   3.6909250e+02  -1.3879233e+03
   3.6911500e+02  -1.3889910e+03
   3.6913750e+02  -1.3892394e+03
   3.6916000e+02  -1.3892126e+03
   3.6918250e+02  -1.3884380e+03
   3.6920500e+02  -1.3900274e+03
   3.6922750e+02  -1.3911509e+03
   3.6925000e+02  -1.3915596e+03
   3.6927500e+02  -1.3892790e+03
   3.6929750e+02  -1.3873237e+03
   3.6932000e+02  -1.3881572e+03
   3.6934250e+02  -1.3887361e+03
   3.6936500e+02  -1.3892577e+03
   3.6938750e+02  -1.3880561e+03
   3.6941000e+02  -1.3882360e+03
   3.6943250e+02  -1.3885557e+03
   3.6945500e+02  -1.3894151e+03
   3.6947750e+02  -1.3871951e+03
   3.6950000e+02  -1.3846397e+03
   3.6952500e+02  -1.3829386e+03
   3.6954750e+02  -1.3823608e+03
   3.6957000e+02  -1.3823523e+03
   3.6959250e+02  -1.3806482e+03
   3.6961500e+02  -1.3798423e+03
   3.6963750e+02  -1.3798430e+03
   3.6966000e+02  -1.3821812e+03
   3.6968250e+02  -1.3830902e+03
   3.6970500e+02  -1.3827639e+03
   3.6972750e+02  -1.3809505e+03
   3.6975000e+02  -1.3810086e+03
   3.6977500e+02  -1.3813905e+03
   3.6979750e+02  -1.3802005e+03
   3.6982000e+02  -1.3784852e+03
   3.6984250e+02  -1.3761710e+03
   3.6986500e+02  -1.3765710e+03
   3.6988750e+02  -1.3773786e+03
   3.6991000e+02  -1.3785006e+03
   3.6993250e+02  -1.3775996e+03
   3.6995500e+02  -1.3783759e+03
   3.6997750e+02  -1.3800704e+03
   3.7001250e+02  -1.3839123e+03
   3.7003500e+02  -1.3827744e+03
   3.7005750e+02  -1.3809171e+03
   3.7008000e+02  -1.3787655e+03
   3.7010250e+02  -1.3785881e+03
   3.7012500e+02  -1.3773802e+03
   3.7015000e+02  -1.3748744e+03
   3.7017250e+02  -1.3729803e+03
   3.7019500e+02  -1.3724259e+03
   3.7021750e+02  -1.3750066e+03
   3.7024000e+02  -1.3771237e+03
   3.7026250e+02  -1.3787837e+03
   3.7028500e+02  -1.3783643e+03
   3.7030750e+02  -1.3792426e+03
   3.7033000e+02  -1.3795901e+03
   3.7035250e+02  -1.3797035e+03
   3.7037500e+02  -1.3770643e+03
   3.7040000e+02  -1.3746994e+03
   3.7042250e+02  -1.3747897e+03
   3.7044500e+02  -1.3755012e+03
   3.7046750e+02  -1.3770800e+03
   3.7049000e+02  -1.3775376e+03
   3.7051250e+02  -1.3788847e+03
   3.7053500e+02  -1.3798580e+03
   3.7055750e+02  -1.3812891e+03
   3.7058000e+02  -1.3804926e+03
   3.7060250e+02  -1.3791660e+03
   3.7062500e+02  -1.3768863e+03
   3.7065000e+02  -1.3761171e+03
   3.7067250e+02  -1.3765039e+03
   3.7069500e+02  -1.3760223e+03
   3.7071750e+02  -1.3769564e+03
   3.7074000e+02  -1.3777126e+03
   3.7076250e+02  -1.3796032e+03
   3.7078500e+02  -1.3798942e+03
   3.7080750e+02  -1.3798980e+03
   3.7083000e+02  -1.3786330e+03
   3.7085250e+02  -1.3788366e+03
   3.7087500e+02  -1.3786634e+03
   3.7090000e+02  -1.3786651e+03
   3.7092250e+02  -1.3788203e+03
   3.7094500e+02  -1.3790043e+03
   3.7096750e+02  -1.3813655e+03
   3.7099000e+02  -1.3824565e+03
   3.7102500e+02  -1.3818915e+03
   3.7104750e+02  -1.3796088e+03
   3.7107000e+02  -1.3786847e+03
   3.7109250e+02  -1.3772237e+03
   3.7111500e+02  -1.3764603e+03
   3.7113750e+02  -1.3749085e+03
   3.7116000e+02  -1.3753736e+03
   3.7118250e+02  -1.3769109e+03
   3.7120500e+02  -1.3801869e+03
   3.7122750e+02  -1.3820517e+03
   3.7125000e+02  -1.3835118e+03
   3.7127500e+02  -1.3842370e+03
   3.7129750e+02  -1.3847260e+03
   3.7132000e+02  -1.3852946e+03
   3.7134250e+02  -1.3835943e+03
   3.7136500e+02  -1.3822970e+03
   3.7138750e+02  -1.3813530e+03
   3.7141000e+02  -1.3831817e+03
   3.7143250e+02  -1.3851921e+03
   3.7145500e+02  -1.3876445e+03
   3.7147750e+02  -1.3883103e+03
   3.7150000e+02  -1.3896515e+03
   3.7152500e+02  -1.3906434e+03
   3.7154750e+02  -1.3901253e+03
   3.7157000e+02  -1.3885864e+03
   3.7159250e+02  -1.3852465e+03
   3.7161500e+02  -1.3834289e+03
   3.7163750e+02  -1.3821592e+03
   3.7166000e+02  -1.3827806e+03
   3.7168250e+02  -1.3828460e+03
   3.7170500e+02  -1.3842015e+03
   3.7172750e+02  -1.3855622e+03
   3.7175000e+02  -1.3879293e+03
   3.7177500e+02  -1.3882461e+03
   3.7179750e+02  -1.3857830e+03
   3.7182000e+02  -1.3835283e+03
   3.7184250e+02  -1.3811188e+03
   3.7186500e+02  -1.3812511e+03
   3.7188750e+02  -1.3811141e+03
   3.7191000e+02  -1.3819351e+03
   3.7193250e+02  -1.3827866e+03
   3.7195500e+02  -1.3858647e+03
   3.7197750e+02  -1.3884264e+03
   3.7201250e+02  -1.3905885e+03
   3.7203500e+02  -1.3877001e+03
   3.7205750e+02  -1.3827895e+03
   3.7208000e+02  -1.3760285e+03
   3.7210250e+02  -1.3702847e+03
   3.7212500e+02  -1.3643793e+03
   3.7215000e+02  -1.3600418e+03
   3.7217250e+02  -1.3584845e+03
   3.7219500e+02  -1.3577638e+03
   3.7221750e+02  -1.3588506e+03
   3.7224000e+02  -1.3588708e+03
   3.7226250e+02  -1.3571863e+03
   3.7228500e+02  -1.3533266e+03
   3.7230750e+02  -1.3503990e+03
   3.7233000e+02  -1.3467099e+03
   3.7235250e+02  -1.3444369e+03
   3.7237500e+02  -1.3423273e+03
   3.7240000e+02  -1.3422476e+03
   3.7242250e+02  -1.3447862e+03
   3.7244500e+02  -1.3479541e+03
   3.7246750e+02  -1.3513987e+03
   3.7249000e+02  -1.3513804e+03
   3.7251250e+02  -1.3498108e+03
   3.7253500e+02  -1.3462431e+03
   3.7255750e+02  -1.3436750e+03
   3.7258000e+02  -1.3410708e+03
   3.7260250e+02  -1.3402367e+03
   3.7262500e+02  -1.3393850e+03
   3.7265000e+02  -1.3406789e+03
   3.7267250e+02  -1.3440597e+03
   3.7269500e+02  -1.3466300e+03
   3.7271750e+02  -1.3486349e+03
   3.7274000e+02  -1.3483227e+03
   3.7276250e+02  -1.3479658e+03
   3.7278500e+02  -1.3461998e+03
   3.7280750e+02  -1.3451227e+03
   3.7283000e+02  -1.3430081e+03
   3.7285250e+02  -1.3422740e+03
   3.7287500e+02  -1.3424261e+03
   3.7290000e+02  -1.3457383e+03
   3.7292250e+02  -1.3498732e+03
   3.7294500e+02  -1.3514713e+03
   3.7296750e+02  -1.3518574e+03
   3.7299000e+02  -1.3505562e+03
   3.7302500e+02  -1.3495428e+03
   3.7304750e+02  -1.3463772e+03
   3.7307000e+02  -1.3423676e+03
   3.7309250e+02  -1.3371756e+03
   3.7311500e+02  -1.3345128e+03
   3.7313750e+02  -1.3330800e+03
   3.7316000e+02  -1.3331665e+03
   3.7318250e+02  -1.3319075e+03
   3.7320500e+02  -1.3317077e+03
   3.7322750e+02  -1.3315760e+03
   3.7325000e+02  -1.3325642e+03
   3.7327500e+02  -1.3311681e+03
   3.7329750e+02  -1.3277819e+03
   3.7332000e+02  -1.3253486e+03
   3.7334250e+02  -1.3238253e+03
   3.7336500e+02  -1.3246511e+03
   3.7338750e+02  -1.3240907e+03
   3.7341000e+02  -1.3232405e+03
   3.7343250e+02  -1.3218418e+03
   3.7345500e+02  -1.3225878e+03
   3.7347750e+02  -1.3231408e+03
   3.7350000e+02  -1.3239771e+03
   3.7352500e+02  -1.3232875e+03
   3.7354750e+02  -1.3224450e+03
   3.7357000e+02  -1.3237779e+03
   3.7359250e+02  -1.3249570e+03
   3.7361500e+02  -1.3266804e+03
   3.7363750e+02  -1.3270687e+03
   3.7366000e+02  -1.3280028e+03
   3.7368250e+02  -1.3282408e+03
   3.7370500e+02  -1.3288639e+03
   3.7372750e+02  -1.3278217e+03
   3.7375000e+02  -1.3272146e+03
   3.7377500e+02  -1.3268700e+03
   3.7379750e+02  -1.3269120e+03
   3.7382000e+02  -1.3282710e+03
   3.7384250e+02  -1.3286993e+03
   3.7386500e+02  -1.3297097e+03
   3.7388750e+02  -1.3303677e+03
   3.7391000e+02  -1.3319838e+03
   3.7393250e+02  -1.3320744e+03
   3.7395500e+02  -1.3318904e+03
   3.7397750e+02  -1.3301815e+03
   3.7401250e+02  -1.3290761e+03
   3.7403500e+02  -1.3282735e+03
   3.7405750e+02  -1.3292175e+03
   3.7408000e+02  -1.3304595e+03
   3.7410250e+02  -1.3341670e+03
   3.7412500e+02  -1.3380292e+03
   3.7415000e+02  -1.3419066e+03
   3.7417250e+02  -1.3442871e+03
   3.7419500e+02  -1.3452649e+03
   3.7421750e+02  -1.3473538e+03
   3.7424000e+02  -1.3477453e+03
   3.7426250e+02  -1.3478943e+03
   3.7428500e+02  -1.3462484e+03
   3.7430750e+02  -1.3461694e+03
   3.7433000e+02  -1.3466404e+03
   3.7435250e+02  -1.3485555e+03
   3.7437500e+02  -1.3484723e+03
   3.7440000e+02  -1.3476509e+03
   3.7442250e+02  -1.3480373e+03
   3.7444500e+02  -1.3485687e+03
   3.7446750e+02  -1.3494295e+03
   3.7449000e+02  -1.3478579e+03
   3.7451250e+02  -1.3467044e+03
   3.7453500e+02  -1.3460307e+03
   3.7455750e+02  -1.3475106e+03
   3.7458000e+02  -1.3478281e+03
   3.7460250e+02  -1.3477007e+03
   3.7462500e+02  -1.3462754e+03
   3.7465000e+02  -1.3466636e+03
   3.7467250e+02  -1.3492591e+03
   3.7469500e+02  -1.3502683e+03
   3.7471750e+02  -1.3498808e+03
   3.7474000e+02  -1.3480566e+03
   3.7476250e+02  -1.3485952e+03
   3.7478500e+02  -1.3496706e+03
   3.7480750e+02  -1.3509175e+03
   3.7483000e+02  -1.3496636e+03
   3.7485250e+02  -1.3489121e+03
   3.7487500e+02  -1.3490471e+03
   3.7490000e+02  -1.3516201e+03
   3.7492250e+02  -1.3532378e+03
   3.7494500e+02  -1.3520775e+03
   3.7496750e+02  -1.3517030e+03
   3.7499000e+02  -1.3517436e+03
   3.7502500e+02  -1.3526189e+03
   3.7504750e+02  -1.3515031e+03
   3.7507000e+02  -1.3515111e+03
   3.7509250e+02  -1.3526235e+03
   3.7511500e+02  -1.3565380e+03
   3.7513750e+02  -1.3599440e+03
   3.7516000e+02  -1.3622823e+03
   3.7518250e+02  -1.3626062e+03
   3.7520500e+02  -1.3643969e+03
   3.7522750e+02  -1.3656838e+03
   3.7525000e+02  -1.3668940e+03
   3.7527500e+02  -1.3661507e+03
   3.7529750e+02  -1.3650975e+03
   3.7532000e+02  -1.3659481e+03
   3.7534250e+02  -1.3670343e+03
   3.7536500e+02  -1.3680484e+03
   3.7538750e+02  -1.3664943e+03
   3.7541000e+02  -1.3654675e+03
   3.7543250e+02  -1.3643273e+03
   3.7545500e+02  -1.3642539e+03
   3.7547750e+02  -1.3621038e+03
   3.7550000e+02  -1.3599631e+03
   3.7552500e+02  -1.3586749e+03
   3.7554750e+02  -1.3592629e+03
   3.7557000e+02  -1.3610590e+03
   3.7559250e+02  -1.3608268e+03
   3.7561500e+02  -1.3607766e+03
   3.7563750e+02  -1.3611050e+03
   3.7566000e+02  -1.3633335e+03
   3.7568250e+02  -1.3639304e+03
   3.7570500e+02  -1.3634602e+03
   3.7572750e+02  -1.3613453e+03
   3.7575000e+02  -1.3611503e+03
   3.7577500e+02  -1.3615397e+03
   3.7579750e+02  -1.3610821e+03
   3.7582000e+02  -1.3605710e+03
   3.7584250e+02  -1.3595070e+03
   3.7586500e+02  -1.3607912e+03
   3.7588750e+02  -1.3617369e+03
   3.7591000e+02  -1.3622639e+03
   3.7593250e+02  -1.3603608e+03
   3.7595500e+02  -1.3598730e+03
   3.7597750e+02  -1.3601477e+03
   3.7601250e+02  -1.3623251e+03
   3.7603500e+02  -1.3626993e+03
   3.7605750e+02  -1.3645054e+03
   3.7608000e+02  -1.3669664e+03
   3.7610250e+02  -1.3718012e+03
   3.7612500e+02  -1.3754440e+03
   3.7615000e+02  -1.3776595e+03
   3.7617250e+02  -1.3787381e+03
   3.7619500e+02  -1.3794364e+03
   3.7621750e+02  -1.3817613e+03
   3.7624000e+02  -1.3829100e+03
   3.7626250e+02  -1.3853804e+03
   3.7628500e+02  -1.3877663e+03
   3.7630750e+02  -1.3918541e+03
   3.7633000e+02  -1.3947400e+03
   3.7635250e+02  -1.3963093e+03
   3.7637500e+02  -1.3942481e+03
   3.7640000e+02  -1.3912593e+03
   3.7642250e+02  -1.3903062e+03
   3.7644500e+02  -1.3892169e+03
   3.7646750e+02  -1.3889965e+03
   3.7649000e+02  -1.3883963e+03
   3.7651250e+02  -1.3906645e+03
   3.7653500e+02  -1.3943016e+03
   3.7655750e+02  -1.3990817e+03
   3.7658000e+02  -1.4003864e+03
   3.7660250e+02  -1.3997738e+03
   3.7662500e+02  -1.3970995e+03
   3.7665000e+02  -1.3947751e+03
   3.7667250e+02  -1.3928605e+03
   3.7669500e+02  -1.3899738e+03
   3.7671750e+02  -1.3892543e+03
   3.7674000e+02  -1.3904467e+03
   3.7676250e+02  -1.3944758e+03
   3.7678500e+02  -1.3973383e+03
   3.7680750e+02  -1.3993263e+03
   3.7683000e+02  -1.3994423e+03
   3.7685250e+02  -1.4004692e+03
   3.7687500e+02  -1.4002877e+03
   3.7690000e+02  -1.3986062e+03
   3.7692250e+02  -1.3959398e+03
   3.7694500e+02  -1.3932256e+03
   3.7696750e+02  -1.3940129e+03
   3.7699000e+02  -1.3960048e+03
   3.7702500e+02  -1.3994766e+03
   3.7704750e+02  -1.4006430e+03
   3.7707000e+02  -1.4031150e+03
   3.7709250e+02  -1.4048511e+03
   3.7711500e+02  -1.4064345e+03
   3.7713750e+02  -1.4055612e+03
   3.7716000e+02  -1.4047608e+03
   3.7718250e+02  -1.4041863e+03
   3.7720500e+02  -1.4059735e+03
   3.7722750e+02  -1.4069708e+03
   3.7725000e+02  -1.4084804e+03
   3.7727500e+02  -1.4103191e+03
   3.7729750e+02  -1.4125290e+03
   3.7732000e+02  -1.4158009e+03
   3.7734250e+02  -1.4164160e+03
   3.7736500e+02  -1.4149930e+03
   3.7738750e+02  -1.4114658e+03
   3.7741000e+02  -1.4101079e+03
   3.7743250e+02  -1.4096570e+03
   3.7745500e+02  -1.4108704e+03
   3.7747750e+02  -1.4115107e+03
   3.7750000e+02  -1.4131559e+03
   3.7752500e+02  -1.4153113e+03
   3.7754750e+02  -1.4174201e+03
   3.7757000e+02  -1.4192876e+03
   3.7759250e+02  -1.4177732e+03
   3.7761500e+02  -1.4152561e+03
   3.7763750e+02  -1.4120838e+03
   3.7766000e+02  -1.4103997e+03
   3.7768250e+02  -1.4084890e+03
   3.7770500e+02  -1.4083048e+03
   3.7772750e+02  -1.4086262e+03
   3.7775000e+02  -1.4115586e+03
   3.7777500e+02  -1.4154167e+03
   3.7779750e+02  -1.4174486e+03
   3.7782000e+02  -1.4180736e+03
   3.7784250e+02  -1.4164218e+03
   3.7786500e+02  -1.4151765e+03
   3.7788750e+02  -1.4127420e+03
   3.7791000e+02  -1.4110779e+03
   3.7793250e+02  -1.4091152e+03
   3.7795500e+02  -1.4090451e+03
   3.7797750e+02  -1.4094834e+03
   3.7801250e+02  -1.4137192e+03
   3.7803500e+02  -1.4171091e+03
   3.7805750e+02  -1.4210756e+03
   3.7808000e+02  -1.4226876e+03
   3.7810250e+02  -1.4235273e+03
   3.7812500e+02  -1.4222264e+03
   3.7815000e+02  -1.4206634e+03
   3.7817250e+02  -1.4198389e+03
   3.7819500e+02  -1.4188782e+03
   3.7821750e+02  -1.4195421e+03
   3.7824000e+02  -1.4202315e+03
   3.7826250e+02  -1.4235315e+03
   3.7828500e+02  -1.4264564e+03
   3.7830750e+02  -1.4296602e+03
   3.7833000e+02  -1.4310563e+03
   3.7835250e+02  -1.4318935e+03
   3.7837500e+02  -1.4303405e+03
   3.7840000e+02  -1.4281648e+03
   3.7842250e+02  -1.4266699e+03
   3.7844500e+02  -1.4252549e+03
   3.7846750e+02  -1.4260629e+03
   3.7849000e+02  -1.4275908e+03
   3.7851250e+02  -1.4308479e+03
   3.7853500e+02  -1.4327773e+03
   3.7855750e+02  -1.4342292e+03
   3.7858000e+02  -1.4333333e+03
   3.7860250e+02  -1.4322679e+03
   3.7862500e+02  -1.4301199e+03
   3.7865000e+02  -1.4280534e+03
   3.7867250e+02  -1.4268005e+03
   3.7869500e+02  -1.4253517e+03
   3.7871750e+02  -1.4261705e+03
   3.7874000e+02  -1.4276701e+03
   3.7876250e+02  -1.4305649e+03
   3.7878500e+02  -1.4317991e+03
   3.7880750e+02  -1.4324511e+03
   3.7883000e+02  -1.4309536e+03
   3.7885250e+02  -1.4294888e+03
   3.7887500e+02  -1.4267973e+03
   3.7890000e+02  -1.4249593e+03
   3.7892250e+02  -1.4247278e+03
   3.7894500e+02  -1.4246656e+03
   3.7896750e+02  -1.4264267e+03
   3.7899000e+02  -1.4276177e+03
   3.7902500e+02  -1.4301616e+03
   3.7904750e+02  -1.4300749e+03
   3.7907000e+02  -1.4298986e+03
   3.7909250e+02  -1.4282663e+03
   3.7911500e+02  -1.4276767e+03
   3.7913750e+02  -1.4258219e+03
   3.7916000e+02  -1.4243030e+03
   3.7918250e+02  -1.4223093e+03
   3.7920500e+02  -1.4223208e+03
   3.7922750e+02  -1.4223350e+03
   3.7925000e+02  -1.4229969e+03
   3.7927500e+02  -1.4219095e+03
   3.7929750e+02  -1.4200960e+03
   3.7932000e+02  -1.4200952e+03
   3.7934250e+02  -1.4201979e+03
   3.7936500e+02  -1.4209334e+03
   3.7938750e+02  -1.4201767e+03
   3.7941000e+02  -1.4200741e+03
   3.7943250e+02  -1.4191387e+03
   3.7945500e+02  -1.4194406e+03
   3.7947750e+02  -1.4188523e+03
   3.7950000e+02  -1.4185970e+03
   3.7952500e+02  -1.4177121e+03
   3.7954750e+02  -1.4175918e+03
   3.7957000e+02  -1.4194816e+03
   3.7959250e+02  -1.4203174e+03
   3.7961500e+02  -1.4212100e+03
   3.7963750e+02  -1.4208510e+03
   3.7966000e+02  -1.4216316e+03
   3.7968250e+02  -1.4217007e+03
   3.7970500e+02  -1.4218953e+03
   3.7972750e+02  -1.4203151e+03
   3.7975000e+02  -1.4196771e+03
   3.7977500e+02  -1.4203823e+03
   3.7979750e+02  -1.4222184e+03
   3.7982000e+02  -1.4251566e+03
   3.7984250e+02  -1.4261043e+03
   3.7986500e+02  -1.4267240e+03
   3.7988750e+02  -1.4260363e+03
   3.7991000e+02  -1.4258626e+03
   3.7993250e+02  -1.4240127e+03
   3.7995500e+02  -1.4225041e+03
   3.7997750e+02  -1.4206062e+03
   3.8001250e+02  -1.4213189e+03
   3.8003500e+02  -1.4223201e+03
   3.8005750e+02  -1.4254888e+03
   3.8008000e+02  -1.4287173e+03
   3.8010250e+02  -1.4329450e+03
   3.8012500e+02  -1.4352016e+03
   3.8015000e+02  -1.4351978e+03
   3.8017250e+02  -1.4331081e+03
   3.8019500e+02  -1.4297081e+03
   3.8021750e+02  -1.4281646e+03
   3.8024000e+02  -1.4266033e+03
   3.8026250e+02  -1.4272195e+03
   3.8028500e+02  -1.4281412e+03
   3.8030750e+02  -1.4313164e+03
   3.8033000e+02  -1.4346956e+03
   3.8035250e+02  -1.4380317e+03
   3.8037500e+02  -1.4377513e+03
   3.8040000e+02  -1.4356961e+03
   3.8042250e+02  -1.4342777e+03
   3.8044500e+02  -1.4325782e+03
   3.8046750e+02  -1.4315407e+03
   3.8049000e+02  -1.4296792e+03
   3.8051250e+02  -1.4301983e+03
   3.8053500e+02  -1.4318265e+03
   3.8055750e+02  -1.4354023e+03
   3.8058000e+02  -1.4369146e+03
   3.8060250e+02  -1.4371237e+03
   3.8062500e+02  -1.4351565e+03
   3.8065000e+02  -1.4337869e+03
   3.8067250e+02  -1.4337565e+03
   3.8069500e+02  -1.4331235e+03
   3.8071750e+02  -1.4337690e+03
   3.8074000e+02  -1.4345903e+03
   3.8076250e+02  -1.4376020e+03
   3.8078500e+02  -1.4401972e+03
   3.8080750e+02  -1.4427241e+03
   3.8083000e+02  -1.4424498e+03
   3.8085250e+02  -1.4420441e+03
   3.8087500e+02  -1.4403973e+03
   3.8090000e+02  -1.4383204e+03
   3.8092250e+02  -1.4360482e+03
   3.8094500e+02  -1.4333917e+03
   3.8096750e+02  -1.4332119e+03
   3.8099000e+02  -1.4339292e+03
   3.8102500e+02  -1.4371089e+03
   3.8104750e+02  -1.4372919e+03
   3.8107000e+02  -1.4377682e+03
   3.8109250e+02  -1.4376130e+03
   3.8111500e+02  -1.4382062e+03
   3.8113750e+02  -1.4364876e+03
   3.8116000e+02  -1.4346922e+03
   3.8118250e+02  -1.4326834e+03
   3.8120500e+02  -1.4329823e+03
   3.8122750e+02  -1.4331212e+03
   3.8125000e+02  -1.4339397e+03
   3.8127500e+02  -1.4345927e+03
   3.8129750e+02  -1.4360168e+03
   3.8132000e+02  -1.4397182e+03
   3.8134250e+02  -1.4419369e+03
   3.8136500e+02  -1.4423006e+03
   3.8138750e+02  -1.4400590e+03
   3.8141000e+02  -1.4392851e+03
   3.8143250e+02  -1.4388745e+03
   3.8145500e+02  -1.4391554e+03
   3.8147750e+02  -1.4373450e+03
   3.8150000e+02  -1.4361262e+03
   3.8152500e+02  -1.4361738e+03
   3.8154750e+02  -1.4376876e+03
   3.8157000e+02  -1.4399460e+03
   3.8159250e+02  -1.4397764e+03
   3.8161500e+02  -1.4396737e+03
   3.8163750e+02  -1.4390172e+03
   3.8166000e+02  -1.4390929e+03
   3.8168250e+02  -1.4370848e+03
   3.8170500e+02  -1.4349814e+03
   3.8172750e+02  -1.4325906e+03
   3.8175000e+02  -1.4330335e+03
   3.8177500e+02  -1.4348565e+03
   3.8179750e+02  -1.4357189e+03
   3.8182000e+02  -1.4360976e+03
   3.8184250e+02  -1.4351303e+03
   3.8186500e+02  -1.4352455e+03
   3.8188750e+02  -1.4343937e+03
   3.8191000e+02  -1.4333832e+03
   3.8193250e+02  -1.4304308e+03
   3.8195500e+02  -1.4289137e+03
   3.8197750e+02  -1.4286954e+03
   3.8201250e+02  -1.4323939e+03
   3.8203500e+02  -1.4336821e+03
   3.8205750e+02  -1.4348341e+03
   3.8208000e+02  -1.4345876e+03
   3.8210250e+02  -1.4342504e+03
   3.8212500e+02  -1.4311478e+03
   3.8215000e+02  -1.4258998e+03
   3.8217250e+02  -1.4214107e+03
   3.8219500e+02  -1.4180396e+03
   3.8221750e+02  -1.4180593e+03
   3.8224000e+02  -1.4185295e+03
   3.8226250e+02  -1.4203279e+03
   3.8228500e+02  -1.4217842e+03
   3.8230750e+02  -1.4249676e+03
   3.8233000e+02  -1.4271154e+03
   3.8235250e+02  -1.4284464e+03
   3.8237500e+02  -1.4268189e+03
   3.8240000e+02  -1.4247963e+03
   3.8242250e+02  -1.4238962e+03
   3.8244500e+02  -1.4231778e+03
   3.8246750e+02  -1.4240484e+03
   3.8249000e+02  -1.4249094e+03
   3.8251250e+02  -1.4272112e+03
   3.8253500e+02  -1.4289662e+03
   3.8255750e+02  -1.4308461e+03
   3.8258000e+02  -1.4299468e+03
   3.8260250e+02  -1.4280952e+03
   3.8262500e+02  -1.4242875e+03
   3.8265000e+02  -1.4210131e+03
   3.8267250e+02  -1.4197774e+03
   3.8269500e+02  -1.4190111e+03
   3.8271750e+02  -1.4204969e+03
   3.8274000e+02  -1.4222021e+03
   3.8276250e+02  -1.4257915e+03
   3.8278500e+02  -1.4284073e+03
   3.8280750e+02  -1.4304238e+03
   3.8283000e+02  -1.4295986e+03
   3.8285250e+02  -1.4278438e+03
   3.8287500e+02  -1.4241245e+03
   3.8290000e+02  -1.4204658e+03
   3.8292250e+02  -1.4185077e+03
   3.8294500e+02  -1.4171077e+03
   3.8296750e+02  -1.4186116e+03
   3.8299000e+02  -1.4212549e+03
   3.8302500e+02  -1.4262802e+03
   3.8304750e+02  -1.4279415e+03
   3.8307000e+02  -1.4292429e+03
   3.8309250e+02  -1.4284892e+03
   3.8311500e+02  -1.4275385e+03
   3.8313750e+02  -1.4252623e+03
   3.8316000e+02  -1.4238594e+03
   3.8318250e+02  -1.4222837e+03
   3.8320500e+02  -1.4227895e+03
   3.8322750e+02  -1.4237734e+03
   3.8325000e+02  -1.4264210e+03
   3.8327500e+02  -1.4289474e+03
   3.8329750e+02  -1.4297505e+03
   3.8332000e+02  -1.4302771e+03
   3.8334250e+02  -1.4285187e+03
   3.8336500e+02  -1.4267844e+03
   3.8338750e+02  -1.4240061e+03
   3.8341000e+02  -1.4226947e+03
   3.8343250e+02  -1.4217429e+03
   3.8345500e+02  -1.4230605e+03
   3.8347750e+02  -1.4243157e+03
   3.8350000e+02  -1.4268097e+03
   3.8352500e+02  -1.4290842e+03
   3.8354750e+02  -1.4304762e+03
   3.8357000e+02  -1.4319239e+03
   3.8359250e+02  -1.4312900e+03
   3.8361500e+02  -1.4306310e+03
   3.8363750e+02  -1.4288979e+03
   3.8366000e+02  -1.4285005e+03
   3.8368250e+02  -1.4281178e+03
   3.8370500e+02  -1.4294508e+03
   3.8372750e+02  -1.4304043e+03
   3.8375000e+02  -1.4322192e+03
   3.8377500e+02  -1.4332733e+03
   3.8379750e+02  -1.4326632e+03
   3.8382000e+02  -1.4316384e+03
   3.8384250e+02  -1.4287701e+03
   3.8386500e+02  -1.4269005e+03
   3.8388750e+02  -1.4249830e+03
   3.8391000e+02  -1.4244355e+03
   3.8393250e+02  -1.4234316e+03
   3.8395500e+02  -1.4240925e+03
   3.8397750e+02  -1.4253026e+03
   3.8401250e+02  -1.4295299e+03
   3.8403500e+02  -1.4311688e+03
   3.8405750e+02  -1.4318600e+03
   3.8408000e+02  -1.4297822e+03
   3.8410250e+02  -1.4278468e+03
   3.8412500e+02  -1.4253534e+03
   3.8415000e+02  -1.4236701e+03
   3.8417250e+02  -1.4230734e+03
   3.8419500e+02  -1.4220854e+03
   3.8421750e+02  -1.4233842e+03
   3.8424000e+02  -1.4250732e+03
   3.8426250e+02  -1.4278081e+03
   3.8428500e+02  -1.4284119e+03
   3.8430750e+02  -1.4277739e+03
   3.8433000e+02  -1.4250774e+03
   3.8435250e+02  -1.4233400e+03
   3.8437500e+02  -1.4207190e+03
   3.8440000e+02  -1.4177867e+03
   3.8442250e+02  -1.4162024e+03
   3.8444500e+02  -1.4161410e+03
   3.8446750e+02  -1.4191350e+03
   3.8449000e+02  -1.4220125e+03
   3.8451250e+02  -1.4248298e+03
   3.8453500e+02  -1.4252581e+03
   3.8455750e+02  -1.4258201e+03
   3.8458000e+02  -1.4258097e+03
   3.8460250e+02  -1.4264289e+03
   3.8462500e+02  -1.4250671e+03
   3.8465000e+02  -1.4239717e+03
   3.8467250e+02  -1.4248856e+03
   3.8469500e+02  -1.4264985e+03
   3.8471750e+02  -1.4293297e+03
   3.8474000e+02  -1.4308937e+03
   3.8476250e+02  -1.4325887e+03
   3.8478500e+02  -1.4326770e+03
   3.8480750e+02  -1.4330297e+03
   3.8483000e+02  -1.4315364e+03
   3.8485250e+02  -1.4299482e+03
   3.8487500e+02  -1.4277306e+03
   3.8490000e+02  -1.4274241e+03
   3.8492250e+02  -1.4291137e+03
   3.8494500e+02  -1.4302058e+03
   3.8496750e+02  -1.4317889e+03
   3.8499000e+02  -1.4322880e+03
   3.8502500e+02  -1.4347474e+03
   3.8504750e+02  -1.4351760e+03
   3.8507000e+02  -1.4350823e+03
   3.8509250e+02  -1.4335721e+03
   3.8511500e+02  -1.4337126e+03
   3.8513750e+02  -1.4342234e+03
   3.8516000e+02  -1.4366265e+03
   3.8518250e+02  -1.4379299e+03
   3.8520500e+02  -1.4395900e+03
   3.8522750e+02  -1.4399980e+03
   3.8525000e+02  -1.4410192e+03
   3.8527500e+02  -1.4403879e+03
   3.8529750e+02  -1.4374274e+03
   3.8532000e+02  -1.4344656e+03
   3.8534250e+02  -1.4315574e+03
   3.8536500e+02  -1.4307463e+03
   3.8538750e+02  -1.4300169e+03
   3.8541000e+02  -1.4302645e+03
   3.8543250e+02  -1.4299058e+03
   3.8545500e+02  -1.4314863e+03
   3.8547750e+02  -1.4327113e+03
   3.8550000e+02  -1.4339466e+03
   3.8552500e+02  -1.4335927e+03
   3.8554750e+02  -1.4320199e+03
   3.8557000e+02  -1.4314234e+03
   3.8559250e+02  -1.4307030e+03
   3.8561500e+02  -1.4319446e+03
   3.8563750e+02  -1.4328992e+03
   3.8566000e+02  -1.4345384e+03
   3.8568250e+02  -1.4349620e+03
   3.8570500e+02  -1.4363494e+03
   3.8572750e+02  -1.4365680e+03
   3.8575000e+02  -1.4370705e+03
   3.8577500e+02  -1.4367583e+03
   3.8579750e+02  -1.4356313e+03
   3.8582000e+02  -1.4350137e+03
   3.8584250e+02  -1.4338503e+03
   3.8586500e+02  -1.4348383e+03
   3.8588750e+02  -1.4358642e+03
   3.8591000e+02  -1.4377491e+03
   3.8593250e+02  -1.4379788e+03
   3.8595500e+02  -1.4386333e+03
   3.8597750e+02  -1.4383270e+03
   3.8601250e+02  -1.4383523e+03
   3.8603500e+02  -1.4366522e+03
   3.8605750e+02  -1.4358233e+03
   3.8608000e+02  -1.4354051e+03
   3.8610250e+02  -1.4369290e+03
   3.8612500e+02  -1.4376099e+03
   3.8615000e+02  -1.4382769e+03
   3.8617250e+02  -1.4387547e+03
   3.8619500e+02  -1.4388697e+03
   3.8621750e+02  -1.4408761e+03
   3.8624000e+02  -1.4414777e+03
   3.8626250e+02  -1.4410421e+03
   3.8628500e+02  -1.4382731e+03
   3.8630750e+02  -1.4372719e+03
   3.8633000e+02  -1.4369030e+03
   3.8635250e+02  -1.4381048e+03
   3.8637500e+02  -1.4378096e+03
   3.8640000e+02  -1.4365753e+03
   3.8642250e+02  -1.4360789e+03
   3.8644500e+02  -1.4362042e+03
   3.8646750e+02  -1.4376446e+03
   3.8649000e+02  -1.4372597e+03
   3.8651250e+02  -1.4368144e+03
   3.8653500e+02  -1.4360006e+03
   3.8655750e+02  -1.4369599e+03
   3.8658000e+02  -1.4366988e+03
   3.8660250e+02  -1.4361358e+03
   3.8662500e+02  -1.4342736e+03
   3.8665000e+02  -1.4341785e+03
   3.8667250e+02  -1.4361183e+03
   3.8669500e+02  -1.4371978e+03
   3.8671750e+02  -1.4374078e+03
   3.8674000e+02  -1.4356517e+03
   3.8676250e+02  -1.4358916e+03
   3.8678500e+02  -1.4365277e+03
   3.8680750e+02  -1.4375356e+03
   3.8683000e+02  -1.4361476e+03
   3.8685250e+02  -1.4349055e+03
   3.8687500e+02  -1.4335631e+03
   3.8690000e+02  -1.4342201e+03
   3.8692250e+02  -1.4360918e+03
   3.8694500e+02  -1.4370768e+03
   3.8696750e+02  -1.4388944e+03
   3.8699000e+02  -1.4400888e+03
   3.8702500e+02  -1.4421242e+03
   3.8704750e+02  -1.4420720e+03
   3.8707000e+02  -1.4419692e+03
   3.8709250e+02  -1.4411558e+03
   3.8711500e+02  -1.4425326e+03
   3.8713750e+02  -1.4439901e+03
   3.8716000e+02  -1.4462678e+03
   3.8718250e+02  -1.4479859e+03
   3.8720500e+02  -1.4513817e+03
   3.8722750e+02  -1.4549295e+03
   3.8725000e+02  -1.4595460e+03
   3.8727500e+02  -1.4632325e+03
   3.8729750e+02  -1.4633576e+03
   3.8732000e+02  -1.4619887e+03
   3.8734250e+02  -1.4591047e+03
   3.8736500e+02  -1.4576413e+03
   3.8738750e+02  -1.4562488e+03
   3.8741000e+02  -1.4564895e+03
   3.8743250e+02  -1.4567434e+03
   3.8745500e+02  -1.4591729e+03
   3.8747750e+02  -1.4614826e+03
   3.8750000e+02  -1.4649793e+03
   3.8752500e+02  -1.4681045e+03
   3.8754750e+02  -1.4696463e+03
   3.8757000e+02  -1.4700290e+03
   3.8759250e+02  -1.4673707e+03
   3.8761500e+02  -1.4646299e+03
   3.8763750e+02  -1.4615933e+03
   3.8766000e+02  -1.4604699e+03
   3.8768250e+02  -1.4593201e+03
   3.8770500e+02  -1.4598061e+03
   3.8772750e+02  -1.4603920e+03
   3.8775000e+02  -1.4622516e+03
   3.8777500e+02  -1.4631656e+03
   3.8779750e+02  -1.4621623e+03
   3.8782000e+02  -1.4608969e+03
   3.8784250e+02  -1.4590176e+03
   3.8786500e+02  -1.4587561e+03
   3.8788750e+02  -1.4578239e+03
   3.8791000e+02  -1.4577450e+03
   3.8793250e+02  -1.4571503e+03
   3.8795500e+02  -1.4583522e+03
   3.8797750e+02  -1.4602344e+03
   3.8801250e+02  -1.4648587e+03
   3.8803500e+02  -1.4646783e+03
   3.8805750e+02  -1.4632140e+03
   3.8808000e+02  -1.4600315e+03
   3.8810250e+02  -1.4581483e+03
   3.8812500e+02  -1.4560838e+03
   3.8815000e+02  -1.4548826e+03
   3.8817250e+02  -1.4543333e+03
   3.8819500e+02  -1.4534958e+03
   3.8821750e+02  -1.4553390e+03
   3.8824000e+02  -1.4574858e+03
   3.8826250e+02  -1.4597165e+03
   3.8828500e+02  -1.4596150e+03
   3.8830750e+02  -1.4603101e+03
   3.8833000e+02  -1.4602414e+03
   3.8835250e+02  -1.4599640e+03
   3.8837500e+02  -1.4574526e+03
   3.8840000e+02  -1.4553333e+03
   3.8842250e+02  -1.4551598e+03
   3.8844500e+02  -1.4558130e+03
   3.8846750e+02  -1.4582208e+03
   3.8849000e+02  -1.4593950e+03
   3.8851250e+02  -1.4607315e+03
   3.8853500e+02  -1.4612342e+03
   3.8855750e+02  -1.4623641e+03
   3.8858000e+02  -1.4619868e+03
   3.8860250e+02  -1.4614914e+03
   3.8862500e+02  -1.4593164e+03
   3.8865000e+02  -1.4572195e+03
   3.8867250e+02  -1.4564010e+03
   3.8869500e+02  -1.4556306e+03
   3.8871750e+02  -1.4565770e+03
   3.8874000e+02  -1.4577214e+03
   3.8876250e+02  -1.4601035e+03
   3.8878500e+02  -1.4608714e+03
   3.8880750e+02  -1.4611973e+03
   3.8883000e+02  -1.4596787e+03
   3.8885250e+02  -1.4588623e+03
   3.8887500e+02  -1.4570676e+03
   3.8890000e+02  -1.4558675e+03
   3.8892250e+02  -1.4557790e+03
   3.8894500e+02  -1.4552845e+03
   3.8896750e+02  -1.4563689e+03
   3.8899000e+02  -1.4572577e+03
   3.8902500e+02  -1.4592977e+03
   3.8904750e+02  -1.4589457e+03
   3.8907000e+02  -1.4582382e+03
   3.8909250e+02  -1.4556896e+03
   3.8911500e+02  -1.4538730e+03
   3.8913750e+02  -1.4515876e+03
   3.8916000e+02  -1.4511020e+03
   3.8918250e+02  -1.4510093e+03
   3.8920500e+02  -1.4531474e+03
   3.8922750e+02  -1.4554818e+03
   3.8925000e+02  -1.4584523e+03
   3.8927500e+02  -1.4601374e+03
   3.8929750e+02  -1.4601192e+03
   3.8932000e+02  -1.4595355e+03
   3.8934250e+02  -1.4570691e+03
   3.8936500e+02  -1.4549306e+03
   3.8938750e+02  -1.4519899e+03
   3.8941000e+02  -1.4504211e+03
   3.8943250e+02  -1.4494225e+03
   3.8945500e+02  -1.4508666e+03
   3.8947750e+02  -1.4524616e+03
   3.8950000e+02  -1.4548337e+03
   3.8952500e+02  -1.4562202e+03
   3.8954750e+02  -1.4556670e+03
   3.8957000e+02  -1.4546394e+03
   3.8959250e+02  -1.4522112e+03
   3.8961500e+02  -1.4509727e+03
   3.8963750e+02  -1.4494792e+03
   3.8966000e+02  -1.4494735e+03
   3.8968250e+02  -1.4493190e+03
   3.8970500e+02  -1.4511554e+03
   3.8972750e+02  -1.4528806e+03
   3.8975000e+02  -1.4551891e+03
   3.8977500e+02  -1.4557297e+03
   3.8979750e+02  -1.4543025e+03
   3.8982000e+02  -1.4530584e+03
   3.8984250e+02  -1.4513016e+03
   3.8986500e+02  -1.4510456e+03
   3.8988750e+02  -1.4507609e+03
   3.8991000e+02  -1.4520596e+03
   3.8993250e+02  -1.4538135e+03
   3.8995500e+02  -1.4575762e+03
   3.8997750e+02  -1.4602142e+03
   3.9001250e+02  -1.4619853e+03
   3.9003500e+02  -1.4597104e+03
   3.9005750e+02  -1.4568306e+03
   3.9008000e+02  -1.4522372e+03
   3.9010250e+02  -1.4479822e+03
   3.9012500e+02  -1.4431600e+03
   3.9015000e+02  -1.4400953e+03
   3.9017250e+02  -1.4405671e+03
   3.9019500e+02  -1.4420258e+03
   3.9021750e+02  -1.4447035e+03
   3.9024000e+02  -1.4461992e+03
   3.9026250e+02  -1.4471031e+03
   3.9028500e+02  -1.4456183e+03
   3.9030750e+02  -1.4438168e+03
   3.9033000e+02  -1.4404452e+03
   3.9035250e+02  -1.4374244e+03
   3.9037500e+02  -1.4343948e+03
   3.9040000e+02  -1.4339149e+03
   3.9042250e+02  -1.4357609e+03
   3.9044500e+02  -1.4376613e+03
   3.9046750e+02  -1.4412222e+03
   3.9049000e+02  -1.4438818e+03
   3.9051250e+02  -1.4462970e+03
   3.9053500e+02  -1.4462609e+03
   3.9055750e+02  -1.4453311e+03
   3.9058000e+02  -1.4421670e+03
   3.9060250e+02  -1.4399936e+03
   3.9062500e+02  -1.4377126e+03
   3.9065000e+02  -1.4363604e+03
   3.9067250e+02  -1.4365906e+03
   3.9069500e+02  -1.4370374e+03
   3.9071750e+02  -1.4396694e+03
   3.9074000e+02  -1.4419560e+03
   3.9076250e+02  -1.4444889e+03
   3.9078500e+02  -1.4446514e+03
   3.9080750e+02  -1.4443464e+03
   3.9083000e+02  -1.4427981e+03
   3.9085250e+02  -1.4417426e+03
   3.9087500e+02  -1.4393410e+03
   3.9090000e+02  -1.4378355e+03
   3.9092250e+02  -1.4386426e+03
   3.9094500e+02  -1.4402202e+03
   3.9096750e+02  -1.4433567e+03
   3.9099000e+02  -1.4452809e+03
   3.9102500e+02  -1.4473325e+03
   3.9104750e+02  -1.4469995e+03
   3.9107000e+02  -1.4465295e+03
   3.9109250e+02  -1.4438256e+03
   3.9111500e+02  -1.4410091e+03
   3.9113750e+02  -1.4373520e+03
   3.9116000e+02  -1.4356187e+03
   3.9118250e+02  -1.4348125e+03
   3.9120500e+02  -1.4364897e+03
   3.9122750e+02  -1.4382822e+03
   3.9125000e+02  -1.4409130e+03
   3.9127500e+02  -1.4423165e+03
   3.9129750e+02  -1.4418482e+03
   3.9132000e+02  -1.4411040e+03
   3.9134250e+02  -1.4391579e+03
   3.9136500e+02  -1.4377203e+03
   3.9138750e+02  -1.4357632e+03
   3.9141000e+02  -1.4358221e+03
   3.9143250e+02  -1.4361126e+03
   3.9145500e+02  -1.4382898e+03
   3.9147750e+02  -1.4400903e+03
   3.9150000e+02  -1.4428455e+03
   3.9152500e+02  -1.4452508e+03
   3.9154750e+02  -1.4460794e+03
   3.9157000e+02  -1.4463483e+03
   3.9159250e+02  -1.4438691e+03
   3.9161500e+02  -1.4417170e+03
   3.9163750e+02  -1.4395569e+03
   3.9166000e+02  -1.4394192e+03
   3.9168250e+02  -1.4392736e+03
   3.9170500e+02  -1.4399889e+03
   3.9172750e+02  -1.4396752e+03
   3.9175000e+02  -1.4404644e+03
   3.9177500e+02  -1.4412594e+03
   3.9179750e+02  -1.4410865e+03
   3.9182000e+02  -1.4410780e+03
   3.9184250e+02  -1.4397760e+03
   3.9186500e+02  -1.4397231e+03
   3.9188750e+02  -1.4389571e+03
   3.9191000e+02  -1.4392975e+03
   3.9193250e+02  -1.4391944e+03
   3.9195500e+02  -1.4404300e+03
   3.9197750e+02  -1.4412254e+03
   3.9201250e+02  -1.4433840e+03
   3.9203500e+02  -1.4437664e+03
   3.9205750e+02  -1.4443649e+03
   3.9208000e+02  -1.4442970e+03
   3.9210250e+02  -1.4459784e+03
   3.9212500e+02  -1.4470132e+03
   3.9215000e+02  -1.4479691e+03
   3.9217250e+02  -1.4487375e+03
   3.9219500e+02  -1.4481782e+03
   3.9221750e+02  -1.4489213e+03
   3.9224000e+02  -1.4496069e+03
   3.9226250e+02  -1.4516780e+03
   3.9228500e+02  -1.4521971e+03
   3.9230750e+02  -1.4530974e+03
   3.9233000e+02  -1.4533265e+03
   3.9235250e+02  -1.4542931e+03
   3.9237500e+02  -1.4535596e+03
   3.9240000e+02  -1.4524159e+03
   3.9242250e+02  -1.4518696e+03
   3.9244500e+02  -1.4514059e+03
   3.9246750e+02  -1.4522996e+03
   3.9249000e+02  -1.4515917e+03
   3.9251250e+02  -1.4514382e+03
   3.9253500e+02  -1.4517138e+03
   3.9255750e+02  -1.4543849e+03
   3.9258000e+02  -1.4560878e+03
   3.9260250e+02  -1.4572006e+03
   3.9262500e+02  -1.4565526e+03
   3.9265000e+02  -1.4560249e+03
   3.9267250e+02  -1.4563819e+03
   3.9269500e+02  -1.4558124e+03
   3.9271750e+02  -1.4557029e+03
   3.9274000e+02  -1.4545288e+03
   3.9276250e+02  -1.4547218e+03
   3.9278500e+02  -1.4543911e+03
   3.9280750e+02  -1.4547417e+03
   3.9283000e+02  -1.4537276e+03
   3.9285250e+02  -1.4538799e+03
   3.9287500e+02  -1.4539614e+03
   3.9290000e+02  -1.4548038e+03
   3.9292250e+02  -1.4551948e+03
   3.9294500e+02  -1.4540942e+03
   3.9296750e+02  -1.4541203e+03
   3.9299000e+02  -1.4540818e+03
   3.9302500e+02  -1.4554506e+03
   3.9304750e+02  -1.4539991e+03
   3.9307000e+02  -1.4518654e+03
   3.9309250e+02  -1.4487483e+03
   3.9311500e+02  -1.4469935e+03
   3.9313750e+02  -1.4447991e+03
   3.9316000e+02  -1.4432446e+03
   3.9318250e+02  -1.4414383e+03
   3.9320500e+02  -1.4418785e+03
   3.9322750e+02  -1.4425963e+03
   3.9325000e+02  -1.4443065e+03
   3.9327500e+02  -1.4443350e+03
   3.9329750e+02  -1.4437730e+03
   3.9332000e+02  -1.4449759e+03
   3.9334250e+02  -1.4450409e+03
   3.9336500e+02  -1.4444075e+03
   3.9338750e+02  -1.4417406e+03
   3.9341000e+02  -1.4404256e+03
   3.9343250e+02  -1.4397105e+03
   3.9345500e+02  -1.4410279e+03
   3.9347750e+02  -1.4412531e+03
   3.9350000e+02  -1.4415217e+03
   3.9352500e+02  -1.4413615e+03
   3.9354750e+02  -1.4418410e+03
   3.9357000e+02  -1.4426300e+03
   3.9359250e+02  -1.4412948e+03
   3.9361500e+02  -1.4401043e+03
   3.9363750e+02  -1.4384824e+03
   3.9366000e+02  -1.4390015e+03
   3.9368250e+02  -1.4387231e+03
   3.9370500e+02  -1.4385385e+03
   3.9372750e+02  -1.4374170e+03
   3.9375000e+02  -1.4388700e+03
   3.9377500e+02  -1.4413113e+03
   3.9379750e+02  -1.4422479e+03
   3.9382000e+02  -1.4422161e+03
   3.9384250e+02  -1.4407113e+03
   3.9386500e+02  -1.4404827e+03
   3.9388750e+02  -1.4402399e+03
   3.9391000e+02  -1.4405891e+03
   3.9393250e+02  -1.4392452e+03
   3.9395500e+02  -1.4388889e+03
   3.9397750e+02  -1.4390626e+03
   3.9401250e+02  -1.4419313e+03
   3.9403500e+02  -1.4417495e+03
   3.9405750e+02  -1.4410013e+03
   3.9408000e+02  -1.4392339e+03
   3.9410250e+02  -1.4392608e+03
   3.9412500e+02  -1.4383458e+03
   3.9415000e+02  -1.4361023e+03
   3.9417250e+02  -1.4342846e+03
   3.9419500e+02  -1.4333498e+03
   3.9421750e+02  -1.4356144e+03
   3.9424000e+02  -1.4378306e+03
   3.9426250e+02  -1.4405124e+03
   3.9428500e+02  -1.4414235e+03
   3.9430750e+02  -1.4429812e+03
   3.9433000e+02  -1.4438161e+03
   3.9435250e+02  -1.4446480e+03
   3.9437500e+02  -1.4431665e+03
   3.9440000e+02  -1.4412912e+03
   3.9442250e+02  -1.4406665e+03
   3.9444500e+02  -1.4400563e+03
   3.9446750e+02  -1.4405213e+03
   3.9449000e+02  -1.4403628e+03
   3.9451250e+02  -1.4420842e+03
   3.9453500e+02  -1.4440192e+03
   3.9455750e+02  -1.4467219e+03
   3.9458000e+02  -1.4470040e+03
   3.9460250e+02  -1.4471309e+03
   3.9462500e+02  -1.4460566e+03
   3.9465000e+02  -1.4455392e+03
   3.9467250e+02  -1.4452506e+03
   3.9469500e+02  -1.4438417e+03
   3.9471750e+02  -1.4437673e+03
   3.9474000e+02  -1.4444028e+03
   3.9476250e+02  -1.4464853e+03
   3.9478500e+02  -1.4466399e+03
   3.9480750e+02  -1.4463889e+03
   3.9483000e+02  -1.4453954e+03
   3.9485250e+02  -1.4462685e+03
   3.9487500e+02  -1.4460908e+03
   3.9490000e+02  -1.4445165e+03
   3.9492250e+02  -1.4423330e+03
   3.9494500e+02  -1.4408336e+03
   3.9496750e+02  -1.4429040e+03
   3.9499000e+02  -1.4450908e+03
   3.9502500e+02  -1.4459073e+03
   3.9504750e+02  -1.4437931e+03
   3.9507000e+02  -1.4432058e+03
   3.9509250e+02  -1.4416633e+03
   3.9511500e+02  -1.4393784e+03
   3.9513750e+02  -1.4343922e+03
   3.9516000e+02  -1.4301986e+03
   3.9518250e+02  -1.4273336e+03
   3.9520500e+02  -1.4276787e+03
   3.9522750e+02  -1.4279617e+03
   3.9525000e+02  -1.4285751e+03
   3.9527500e+02  -1.4290182e+03
   3.9529750e+02  -1.4306515e+03
   3.9532000e+02  -1.4338233e+03
   3.9534250e+02  -1.4340529e+03
   3.9536500e+02  -1.4321759e+03
   3.9538750e+02  -1.4283136e+03
   3.9541000e+02  -1.4270390e+03
   3.9543250e+02  -1.4264087e+03
   3.9545500e+02  -1.4261781e+03
   3.9547750e+02  -1.4237723e+03
   3.9550000e+02  -1.4228668e+03
   3.9552500e+02  -1.4244148e+03
   3.9554750e+02  -1.4266426e+03
   3.9557000e+02  -1.4284432e+03
   3.9559250e+02  -1.4275948e+03
   3.9561500e+02  -1.4273150e+03
   3.9563750e+02  -1.4266200e+03
   3.9566000e+02  -1.4267580e+03
   3.9568250e+02  -1.4245216e+03
   3.9570500e+02  -1.4220550e+03
   3.9572750e+02  -1.4200770e+03
   3.9575000e+02  -1.4214380e+03
   3.9577500e+02  -1.4231128e+03
   3.9579750e+02  -1.4223652e+03
   3.9582000e+02  -1.4212767e+03
   3.9584250e+02  -1.4200350e+03
   3.9586500e+02  -1.4210834e+03
   3.9588750e+02  -1.4213725e+03
   3.9591000e+02  -1.4212896e+03
   3.9593250e+02  -1.4198359e+03
   3.9595500e+02  -1.4206147e+03
   3.9597750e+02  -1.4222142e+03
   3.9601250e+02  -1.4257539e+03
   3.9603500e+02  -1.4260134e+03
   3.9605750e+02  -1.4260718e+03
   3.9608000e+02  -1.4246255e+03
   3.9610250e+02  -1.4235649e+03
   3.9612500e+02  -1.4212785e+03
   3.9615000e+02  -1.4189271e+03
   3.9617250e+02  -1.4183147e+03
   3.9619500e+02  -1.4189926e+03
   3.9621750e+02  -1.4221203e+03
   3.9624000e+02  -1.4243226e+03
   3.9626250e+02  -1.4265885e+03
   3.9628500e+02  -1.4274062e+03
   3.9630750e+02  -1.4284038e+03
   3.9633000e+02  -1.4273772e+03
   3.9635250e+02  -1.4258602e+03
   3.9637500e+02  -1.4229229e+03
   3.9640000e+02  -1.4205630e+03
   3.9642250e+02  -1.4201578e+03
   3.9644500e+02  -1.4206751e+03
   3.9646750e+02  -1.4231046e+03
   3.9649000e+02  -1.4250595e+03
   3.9651250e+02  -1.4278106e+03
   3.9653500e+02  -1.4289478e+03
   3.9655750e+02  -1.4293262e+03
   3.9658000e+02  -1.4275283e+03
   3.9660250e+02  -1.4266024e+03
   3.9662500e+02  -1.4252986e+03
   3.9665000e+02  -1.4244138e+03
   3.9667250e+02  -1.4242737e+03
   3.9669500e+02  -1.4240023e+03
   3.9671750e+02  -1.4257369e+03
   3.9674000e+02  -1.4271223e+03
   3.9676250e+02  -1.4285812e+03
   3.9678500e+02  -1.4279225e+03
   3.9680750e+02  -1.4272093e+03
   3.9683000e+02  -1.4254583e+03
   3.9685250e+02  -1.4243590e+03
   3.9687500e+02  -1.4224159e+03
   3.9690000e+02  -1.4218770e+03
   3.9692250e+02  -1.4229453e+03
   3.9694500e+02  -1.4240296e+03
   3.9696750e+02  -1.4264220e+03
   3.9699000e+02  -1.4275600e+03
   3.9702500e+02  -1.4285116e+03
   3.9704750e+02  -1.4271167e+03
   3.9707000e+02  -1.4257457e+03
   3.9709250e+02  -1.4222991e+03
   3.9711500e+02  -1.4187313e+03
   3.9713750e+02  -1.4147541e+03
   3.9716000e+02  -1.4131251e+03
   3.9718250e+02  -1.4119538e+03
   3.9720500e+02  -1.4125944e+03
   3.9722750e+02  -1.4131693e+03
   3.9725000e+02  -1.4146956e+03
   3.9727500e+02  -1.4150016e+03
   3.9729750e+02  -1.4138241e+03
   3.9732000e+02  -1.4124895e+03
   3.9734250e+02  -1.4100434e+03
   3.9736500e+02  -1.4083231e+03
   3.9738750e+02  -1.4060277e+03
   3.9741000e+02  -1.4052662e+03
   3.9743250e+02  -1.4044804e+03
   3.9745500e+02  -1.4053763e+03
   3.9747750e+02  -1.4057429e+03
   3.9750000e+02  -1.4071653e+03
   3.9752500e+02  -1.4080503e+03
   3.9754750e+02  -1.4079024e+03
   3.9757000e+02  -1.4081117e+03
   3.9759250e+02  -1.4070243e+03
   3.9761500e+02  -1.4067218e+03
   3.9763750e+02  -1.4059573e+03
   3.9766000e+02  -1.4071160e+03
   3.9768250e+02  -1.4075784e+03
   3.9770500e+02  -1.4084030e+03
   3.9772750e+02  -1.4077308e+03
   3.9775000e+02  -1.4081652e+03
   3.9777500e+02  -1.4082340e+03
   3.9779750e+02  -1.4073386e+03
   3.9782000e+02  -1.4066991e+03
   3.9784250e+02  -1.4044065e+03
   3.9786500e+02  -1.4029240e+03
   3.9788750e+02  -1.4018112e+03
   3.9791000e+02  -1.4026699e+03
   3.9793250e+02  -1.4028769e+03
   3.9795500e+02  -1.4036604e+03
   3.9797750e+02  -1.4036483e+03
   3.9801250e+02  -1.4054781e+03
   3.9803500e+02  -1.4056478e+03
   3.9805750e+02  -1.4050020e+03
   3.9808000e+02  -1.4025112e+03
   3.9810250e+02  -1.4013219e+03
   3.9812500e+02  -1.3999226e+03
   3.9815000e+02  -1.3985965e+03
   3.9817250e+02  -1.3973832e+03
   3.9819500e+02  -1.3954596e+03
   3.9821750e+02  -1.3956054e+03
   3.9824000e+02  -1.3963090e+03
   3.9826250e+02  -1.3974899e+03
   3.9828500e+02  -1.3966748e+03
   3.9830750e+02  -1.3956920e+03
   3.9833000e+02  -1.3940909e+03
   3.9835250e+02  -1.3945775e+03
   3.9837500e+02  -1.3947374e+03
   3.9840000e+02  -1.3943892e+03
   3.9842250e+02  -1.3941741e+03
   3.9844500e+02  -1.3933640e+03
   3.9846750e+02  -1.3940320e+03
   3.9849000e+02  -1.3936375e+03
   3.9851250e+02  -1.3943660e+03
   3.9853500e+02  -1.3950380e+03
   3.9855750e+02  -1.3973412e+03
   3.9858000e+02  -1.3987514e+03
   3.9860250e+02  -1.4000108e+03
   3.9862500e+02  -1.4001752e+03
   3.9865000e+02  -1.4012005e+03
   3.9867250e+02  -1.4024566e+03
   3.9869500e+02  -1.4018724e+03
   3.9871750e+02  -1.4011486e+03
   3.9874000e+02  -1.3993854e+03
   3.9876250e+02  -1.3989008e+03
   3.9878500e+02  -1.3981238e+03
   3.9880750e+02  -1.3983876e+03
   3.9883000e+02  -1.3977349e+03
   3.9885250e+02  -1.3986301e+03
   3.9887500e+02  -1.3993854e+03
   3.9890000e+02  -1.4003001e+03
   3.9892250e+02  -1.3998897e+03
   3.9894500e+02  -1.3982250e+03
   3.9896750e+02  -1.3982280e+03
   3.9899000e+02  -1.3982240e+03
   3.9902500e+02  -1.3985293e+03
   3.9904750e+02  -1.3974313e+03
   3.9907000e+02  -1.3980541e+03
   3.9909250e+02  -1.3995812e+03
   3.9911500e+02  -1.4031944e+03
   3.9913750e+02  -1.4053668e+03
   3.9916000e+02  -1.4065625e+03
   3.9918250e+02  -1.4059841e+03
   3.9920500e+02  -1.4066427e+03
   3.9922750e+02  -1.4070038e+03
   3.9925000e+02  -1.4082948e+03
   3.9927500e+02  -1.4083343e+03
   3.9929750e+02  -1.4082739e+03
   3.9932000e+02  -1.4100610e+03
   3.9934250e+02  -1.4110653e+03
   3.9936500e+02  -1.4111734e+03
   3.9938750e+02  -1.4090460e+03
   3.9941000e+02  -1.4083350e+03
   3.9943250e+02  -1.4081919e+03
   3.9945500e+02  -1.4092187e+03
   3.9947750e+02  -1.4085376e+03
   3.9950000e+02  -1.4079350e+03
   3.9952500e+02  -1.4077207e+03
   3.9954750e+02  -1.4087065e+03
   3.9957000e+02  -1.4108243e+03
   3.9959250e+02  -1.4103399e+03
   3.9961500e+02  -1.4097935e+03
   3.9963750e+02  -1.4088672e+03
   3.9966000e+02  -1.4097690e+03
   3.9968250e+02  -1.4097502e+03
   3.9970500e+02  -1.4098149e+03
   3.9972750e+02  -1.4092810e+03
   3.9975000e+02  -1.4108181e+03
   3.9977500e+02  -1.4124099e+03
   3.9979750e+02  -1.4120485e+03
   3.9982000e+02  -1.4110401e+03
   3.9984250e+02  -1.4093974e+03
   3.9986500e+02  -1.4101895e+03
   3.9988750e+02  -1.4106712e+03
   3.9991000e+02  -1.4108634e+03
   3.9993250e+02  -1.4090651e+03
   3.9995500e+02  -1.4086701e+03
   3.9997750e+02  -1.4091563e+03
   4.0001250e+02  -1.4121385e+03
   4.0003500e+02  -1.4121959e+03
   4.0005750e+02  -1.4120127e+03
   4.0008000e+02  -1.4115364e+03
   4.0010250e+02  -1.4128687e+03
   4.0012500e+02  -1.4129338e+03
   4.0015000e+02  -1.4121591e+03
   4.0017250e+02  -1.4119988e+03
   4.0019500e+02  -1.4123502e+03
   4.0021750e+02  -1.4141618e+03
   4.0024000e+02  -1.4140237e+03
   4.0026250e+02  -1.4141537e+03
   4.0028500e+02  -1.4137234e+03
   4.0030750e+02  -1.4157553e+03
   4.0033000e+02  -1.4176864e+03
   4.0035250e+02  -1.4188011e+03
   4.0037500e+02  -1.4171187e+03
   4.0040000e+02  -1.4154208e+03
   4.0042250e+02  -1.4159331e+03
   4.0044500e+02  -1.4164977e+03
   4.0046750e+02  -1.4172476e+03
   4.0049000e+02  -1.4164364e+03
   4.0051250e+02  -1.4168852e+03
   4.0053500e+02  -1.4172351e+03
   4.0055750e+02  -1.4181933e+03
   4.0058000e+02  -1.4170484e+03
   4.0060250e+02  -1.4157599e+03
   4.0062500e+02  -1.4141732e+03
   4.0065000e+02  -1.4138268e+03
   4.0067250e+02  -1.4134467e+03
   4.0069500e+02  -1.4119851e+03
   4.0071750e+02  -1.4120842e+03
   4.0074000e+02  -1.4127016e+03
   4.0076250e+02  -1.4153274e+03
   4.0078500e+02  -1.4163513e+03
   4.0080750e+02  -1.4162304e+03
   4.0083000e+02  -1.4144210e+03
   4.0085250e+02  -1.4139851e+03
   4.0087500e+02  -1.4134660e+03
   4.0090000e+02  -1.4129803e+03
   4.0092250e+02  -1.4122263e+03
   4.0094500e+02  -1.4113825e+03
   4.0096750e+02  -1.4130484e+03
   4.0099000e+02  -1.4146350e+03
   4.0102500e+02  -1.4161751e+03
   4.0104750e+02  -1.4146664e+03
   4.0107000e+02  -1.4137006e+03
   4.0109250e+02  -1.4117399e+03
   4.0111500e+02  -1.4091990e+03
   4.0113750e+02  -1.4041962e+03
   4.0116000e+02  -1.4002260e+03
   4.0118250e+02  -1.3975894e+03
   4.0120500e+02  -1.3980119e+03
   4.0122750e+02  -1.3984807e+03
   4.0125000e+02  -1.3993194e+03
   4.0127500e+02  -1.3990628e+03
   4.0129750e+02  -1.3990146e+03
   4.0132000e+02  -1.4003412e+03
   4.0134250e+02  -1.3998476e+03
   4.0136500e+02  -1.3987660e+03
   4.0138750e+02  -1.3962142e+03
   4.0141000e+02  -1.3955287e+03
   4.0143250e+02  -1.3954035e+03
   4.0145500e+02  -1.3963187e+03
   4.0147750e+02  -1.3960992e+03
   4.0150000e+02  -1.3966548e+03
   4.0152500e+02  -1.3972511e+03
   4.0154750e+02  -1.3978144e+03
   4.0157000e+02  -1.3981522e+03
   4.0159250e+02  -1.3963345e+03
   4.0161500e+02  -1.3954603e+03
   4.0163750e+02  -1.3946462e+03
   4.0166000e+02  -1.3952893e+03
   4.0168250e+02  -1.3947986e+03
   4.0170500e+02  -1.3949844e+03
   4.0172750e+02  -1.3947392e+03
   4.0175000e+02  -1.3957866e+03
   4.0177500e+02  -1.3963900e+03
   4.0179750e+02  -1.3956521e+03
   4.0182000e+02  -1.3950645e+03
   4.0184250e+02  -1.3935840e+03
   4.0186500e+02  -1.3932261e+03
   4.0188750e+02  -1.3919030e+03
   4.0191000e+02  -1.3915539e+03
   4.0193250e+02  -1.3912777e+03
   4.0195500e+02  -1.3929885e+03
   4.0197750e+02  -1.3939932e+03
   4.0201250e+02  -1.3961369e+03
   4.0203500e+02  -1.3967630e+03
   4.0205750e+02  -1.3986475e+03
   4.0208000e+02  -1.3998525e+03
   4.0210250e+02  -1.4009966e+03
   4.0212500e+02  -1.4000246e+03
   4.0215000e+02  -1.3993778e+03
   4.0217250e+02  -1.3996837e+03
   4.0219500e+02  -1.3990599e+03
   4.0221750e+02  -1.3993554e+03
   4.0224000e+02  -1.3990823e+03
   4.0226250e+02  -1.4002043e+03
   4.0228500e+02  -1.4008654e+03
   4.0230750e+02  -1.4026548e+03
   4.0233000e+02  -1.4033557e+03
   4.0235250e+02  -1.4040403e+03
   4.0237500e+02  -1.4033798e+03
   4.0240000e+02  -1.4033247e+03
   4.0242250e+02  -1.4036032e+03
   4.0244500e+02  -1.4025862e+03
   4.0246750e+02  -1.4017996e+03
   4.0249000e+02  -1.4002748e+03
   4.0251250e+02  -1.4005078e+03
   4.0253500e+02  -1.4000035e+03
   4.0255750e+02  -1.3996234e+03
   4.0258000e+02  -1.3976899e+03
   4.0260250e+02  -1.3973961e+03
   4.0262500e+02  -1.3970517e+03
   4.0265000e+02  -1.3973224e+03
   4.0267250e+02  -1.3979992e+03
   4.0269500e+02  -1.3976604e+03
   4.0271750e+02  -1.3982960e+03
   4.0274000e+02  -1.3983626e+03
   4.0276250e+02  -1.3987572e+03
   4.0278500e+02  -1.3970250e+03
   4.0280750e+02  -1.3953107e+03
   4.0283000e+02  -1.3930280e+03
   4.0285250e+02  -1.3922803e+03
   4.0287500e+02  -1.3909736e+03
   4.0290000e+02  -1.3904716e+03
   4.0292250e+02  -1.3913380e+03
   4.0294500e+02  -1.3918762e+03
   4.0296750e+02  -1.3936761e+03
   4.0299000e+02  -1.3942509e+03
   4.0302500e+02  -1.3947782e+03
   4.0304750e+02  -1.3940516e+03
   4.0307000e+02  -1.3947335e+03
   4.0309250e+02  -1.3950523e+03
   4.0311500e+02  -1.3963831e+03
   4.0313750e+02  -1.3972895e+03
   4.0316000e+02  -1.3993258e+03
   4.0318250e+02  -1.4008529e+03
   4.0320500e+02  -1.4033781e+03
   4.0322750e+02  -1.4044729e+03
   4.0325000e+02  -1.4053758e+03
   4.0327500e+02  -1.4054461e+03
   4.0329750e+02  -1.4049766e+03
   4.0332000e+02  -1.4055015e+03
   4.0334250e+02  -1.4051656e+03
   4.0336500e+02  -1.4057046e+03
   4.0338750e+02  -1.4052280e+03
   4.0341000e+02  -1.4058775e+03
   4.0343250e+02  -1.4060341e+03
   4.0345500e+02  -1.4068411e+03
   4.0347750e+02  -1.4058822e+03
   4.0350000e+02  -1.4055143e+03
   4.0352500e+02  -1.4044915e+03
   4.0354750e+02  -1.4031957e+03
   4.0357000e+02  -1.4028097e+03
   4.0359250e+02  -1.4016384e+03
   4.0361500e+02  -1.4019714e+03
   4.0363750e+02  -1.4024247e+03
   4.0366000e+02  -1.4042865e+03
   4.0368250e+02  -1.4049492e+03
   4.0370500e+02  -1.4052515e+03
   4.0372750e+02  -1.4039000e+03
   4.0375000e+02  -1.4032726e+03
   4.0377500e+02  -1.4022796e+03
   4.0379750e+02  -1.4011986e+03
   4.0382000e+02  -1.4004478e+03
   4.0384250e+02  -1.3990690e+03
   4.0386500e+02  -1.3997507e+03
   4.0388750e+02  -1.4008998e+03
   4.0391000e+02  -1.4032172e+03
   4.0393250e+02  -1.4039675e+03
   4.0395500e+02  -1.4048291e+03
   4.0397750e+02  -1.4044940e+03
   4.0401250e+02  -1.4051164e+03
   4.0403500e+02  -1.4041712e+03
   4.0405750e+02  -1.4030230e+03
   4.0408000e+02  -1.4009699e+03
   4.0410250e+02  -1.4007257e+03
   4.0412500e+02  -1.4003912e+03
   4.0415000e+02  -1.4003325e+03
   4.0417250e+02  -1.4003347e+03
   4.0419500e+02  -1.3995660e+03
   4.0421750e+02  -1.4003919e+03
   4.0424000e+02  -1.4002229e+03
   4.0426250e+02  -1.3999710e+03
   4.0428500e+02  -1.3979862e+03
   4.0430750e+02  -1.3973401e+03
   4.0433000e+02  -1.3969313e+03
   4.0435250e+02  -1.3985160e+03
   4.0437500e+02  -1.3995987e+03
   4.0440000e+02  -1.4010712e+03
   4.0442250e+02  -1.4027272e+03
   4.0444500e+02  -1.4035022e+03
   4.0446750e+02  -1.4041172e+03
   4.0449000e+02  -1.4023678e+03
   4.0451250e+02  -1.4010043e+03
   4.0453500e+02  -1.3995642e+03
   4.0455750e+02  -1.3997880e+03
   4.0458000e+02  -1.3993540e+03
   4.0460250e+02  -1.3996461e+03
   4.0462500e+02  -1.3997719e+03
   4.0465000e+02  -1.4017800e+03
   4.0467250e+02  -1.4044444e+03
   4.0469500e+02  -1.4045324e+03
   4.0471750e+02  -1.4036403e+03
   4.0474000e+02  -1.4015848e+03
   4.0476250e+02  -1.4013051e+03
   4.0478500e+02  -1.4006206e+03
   4.0480750e+02  -1.4007239e+03
   4.0483000e+02  -1.3998423e+03
   4.0485250e+02  -1.4007064e+03
   4.0487500e+02  -1.4019502e+03
   4.0490000e+02  -1.4039030e+03
   4.0492250e+02  -1.4043207e+03
   4.0494500e+02  -1.4025594e+03
   4.0496750e+02  -1.4018098e+03
   4.0499000e+02  -1.4008320e+03
   4.0502500e+02  -1.4003524e+03
   4.0504750e+02  -1.3988259e+03
   4.0507000e+02  -1.3988328e+03
   4.0509250e+02  -1.3996687e+03
   4.0511500e+02  -1.4026108e+03
   4.0513750e+02  -1.4036864e+03
   4.0516000e+02  -1.4036799e+03
   4.0518250e+02  -1.4018680e+03
   4.0520500e+02  -1.4011670e+03
   4.0522750e+02  -1.3997187e+03
   4.0525000e+02  -1.3982973e+03
   4.0527500e+02  -1.3959267e+03
   4.0529750e+02  -1.3950631e+03
   4.0532000e+02  -1.3969929e+03
   4.0534250e+02  -1.3987964e+03
   4.0536500e+02  -1.4008435e+03
   4.0538750e+02  -1.4010636e+03
   4.0541000e+02  -1.4021324e+03
   4.0543250e+02  -1.4023048e+03
   4.0545500e+02  -1.4019326e+03
   4.0547750e+02  -1.3987851e+03
   4.0550000e+02  -1.3962625e+03
   4.0552500e+02  -1.3948521e+03
   4.0554750e+02  -1.3951758e+03
   4.0557000e+02  -1.3972129e+03
   4.0559250e+02  -1.3984452e+03
   4.0561500e+02  -1.4008065e+03
   4.0563750e+02  -1.4026154e+03
   4.0566000e+02  -1.4049239e+03
   4.0568250e+02  -1.4045313e+03
   4.0570500e+02  -1.4028598e+03
   4.0572750e+02  -1.3996097e+03
