   0.0000000e+00   9.3410581e-05
   1.5000000e-02   4.2871663e-04
   3.0000000e-02   8.0264584e-04
   4.5000000e-02   1.1789948e-03
   6.0000000e-02   1.5560313e-03
   7.5000000e-02   1.9333450e-03
   9.0000000e-02   2.3108000e-03
   1.0500000e-01   2.6883369e-03
   1.2000000e-01   3.0658254e-03
   1.3500000e-01   3.4434485e-03
   1.5000000e-01   3.8210959e-03
   1.6500000e-01   4.1987612e-03
   1.8000000e-01   4.5764398e-03
   1.9500000e-01   4.9541287e-03
   2.1000000e-01   5.3318258e-03
   2.2500000e-01   5.7094294e-03
   2.4000000e-01   6.0871383e-03
   2.5500000e-01   6.4619984e-03
   2.7000000e-01   6.8296049e-03
   2.8500000e-01   7.1973559e-03
   3.0000000e-01   7.5650447e-03
   3.1500000e-01   7.9327665e-03
   3.3000000e-01   8.3006166e-03
   3.4500000e-01   8.6683915e-03
   3.6000000e-01   9.0361881e-03
   3.7500000e-01   9.4041040e-03
   3.9000000e-01   9.7719368e-03
   4.0500000e-01   1.0140085e-02
   4.2000000e-01   1.0587002e-02
   4.3500000e-01   1.1038149e-02
   4.5000000e-01   1.1489504e-02
   4.6500000e-01   1.1941045e-02
   4.8000000e-01   1.2392750e-02
   4.9500000e-01   1.2844603e-02
   5.1000000e-01   1.3296588e-02
   5.2500000e-01   1.3748692e-02
   5.4000000e-01   1.4200905e-02
   5.5500000e-01   1.4653215e-02
   5.7000000e-01   1.5105585e-02
   5.8500000e-01   1.5546375e-02
   6.0000000e-01   1.5987543e-02
   6.1500000e-01   1.6429060e-02
   6.3000000e-01   1.6870897e-02
   6.4500000e-01   1.7314031e-02
   6.6000000e-01   1.7756439e-02
   6.7500000e-01   1.8199102e-02
   6.9000000e-01   1.8642000e-02
   7.0500000e-01   1.9085118e-02
   7.2000000e-01   1.9528441e-02
   7.3500000e-01   1.9971955e-02
   7.5000000e-01   2.0415648e-02
   7.6500000e-01   2.0859507e-02
   7.8000000e-01   2.1303524e-02
   7.9500000e-01   2.1747687e-02
   8.1000000e-01   2.2191989e-02
   8.2500000e-01   2.2738811e-02
   8.4000000e-01   2.3360619e-02
   8.5500000e-01   2.3982592e-02
   8.7000000e-01   2.4604716e-02
   8.8500000e-01   2.5225980e-02
   9.0000000e-01   2.5848375e-02
   9.1500000e-01   2.6470890e-02
   9.3000000e-01   2.7093518e-02
   9.4500000e-01   2.7715252e-02
   9.6000000e-01   2.8338083e-02
   9.7500000e-01   2.8961006e-02
   9.9000000e-01   2.9584016e-02
   1.0050000e+00   3.0206106e-02
   1.0200000e+00   3.0829271e-02
   1.0350000e+00   3.1452508e-02
   1.0500000e+00   3.2075812e-02
   1.0650000e+00   3.2702113e-02
   1.0800000e+00   3.3432045e-02
   1.0950000e+00   3.4164373e-02
   1.1100000e+00   3.4897010e-02
   1.1250000e+00   3.5631875e-02
   1.1400000e+00   3.6366892e-02
   1.1550000e+00   3.7103995e-02
   1.1700000e+00   3.7867543e-02
   1.1850000e+00   3.8649602e-02
   1.2000000e+00   3.9433044e-02
   1.2150000e+00   4.0215847e-02
   1.2300000e+00   4.0998990e-02
   1.2450000e+00   4.1783454e-02
   1.2600000e+00   4.2567221e-02
   1.2750000e+00   4.3351274e-02
   1.2900000e+00   4.4136599e-02
   1.3050000e+00   4.4921181e-02
   1.3200000e+00   4.5706007e-02
   1.3350000e+00   4.6492064e-02
   1.3500000e+00   4.7277342e-02
   1.3650000e+00   4.8062829e-02
   1.3800000e+00   4.8849514e-02
   1.3950000e+00   4.9635390e-02
   1.4100000e+00   5.0421446e-02
   1.4250000e+00   5.1208675e-02
   1.4400000e+00   5.1995068e-02
   1.4550000e+00   5.3092615e-02
   1.4700000e+00   5.4812286e-02
   1.4850000e+00   5.6532066e-02
   1.5000000e+00   5.8251949e-02
   1.5150000e+00   5.9971925e-02
   1.5300000e+00   6.1691986e-02
   1.5450000e+00   6.3412123e-02
   1.5600000e+00   6.5132334e-02
   1.5750000e+00   6.6852611e-02
   1.5900000e+00   6.8572946e-02
   1.6050000e+00   7.0293341e-02
   1.6200000e+00   7.2013789e-02
   1.6350000e+00   7.3734286e-02
   1.6500000e+00   7.5454826e-02
   1.6650000e+00   7.7175411e-02
   1.6800000e+00   7.8896036e-02
   1.6950000e+00   8.0616695e-02
   1.7100000e+00   8.2337392e-02
   1.7250000e+00   8.4058122e-02
   1.7400000e+00   8.5777880e-02
   1.7550000e+00   8.7498670e-02
   1.7700000e+00   8.9219488e-02
   1.7850000e+00   9.0940331e-02
   1.8000000e+00   9.2661194e-02
   1.8150000e+00   9.4382085e-02
   1.8300000e+00   9.6102997e-02
   1.8450000e+00   9.7823926e-02
   1.8600000e+00   9.9544878e-02
   1.8750000e+00   1.0168816e-01
   1.8900000e+00   1.0571908e-01
   1.9050000e+00   1.0976696e-01
   1.9200000e+00   1.1384000e-01
   1.9350000e+00   1.1791664e-01
   1.9500000e+00   1.2196172e-01
   1.9650000e+00   1.2563051e-01
   1.9800000e+00   1.2930347e-01
   1.9950000e+00   1.3298028e-01
   2.0100000e+00   1.3666060e-01
   2.0250000e+00   1.4296229e-01
   2.0400000e+00   1.5005427e-01
   2.0550000e+00   1.5714672e-01
   2.0700000e+00   1.6423959e-01
   2.0850000e+00   1.7133283e-01
   2.1000000e+00   1.7841639e-01
   2.1150000e+00   1.8551024e-01
   2.1300000e+00   1.9260434e-01
   2.1450000e+00   1.9969867e-01
   2.1600000e+00   1.9628219e-01
   2.1750000e+00   1.8763223e-01
   2.1900000e+00   1.7897496e-01
   2.2050000e+00   1.7032081e-01
   2.2200000e+00   1.6167025e-01
   2.2350000e+00   1.5264031e-01
   2.2500000e+00   1.4357021e-01
   2.2650000e+00   1.3414015e-01
   2.2800000e+00   1.2451011e-01
   2.2950000e+00   1.1487008e-01
   2.3100000e+00   1.0523004e-01
   2.3250000e+00   9.5835019e-02
   2.3400000e+00   8.6449004e-02
   2.3550000e+00   7.7062001e-02
   2.3700000e+00   6.7685003e-02
   2.3850000e+00   5.8317002e-02
   2.4000000e+00   4.8948001e-02
   2.4150000e+00   3.9579000e-02
   2.4300000e+00   3.0211000e-02
   2.4450000e+00   2.0842001e-02
   2.4600000e+00   1.1473006e-02
   2.4750000e+00   2.1047716e-03
   2.4900000e+00   7.2641362e-03
   2.5050000e+00   1.6640022e-02
   2.5200000e+00   2.6031016e-02
   2.5350000e+00   3.5422013e-02
   2.5500000e+00   4.4813011e-02
   2.5650000e+00   5.4205010e-02
   2.5800000e+00   6.3596009e-02
   2.5950000e+00   7.2987009e-02
   2.6100000e+00   8.2378008e-02
   2.6250000e+00   9.1769008e-02
   2.6400000e+00   1.0116001e-01
   2.6550000e+00   1.1055001e-01
   2.6700000e+00   1.1994001e-01
   2.6850000e+00   1.2936000e-01
   2.7000000e+00   1.3883003e-01
   2.7150000e+00   1.4830013e-01
   2.7300000e+00   1.5776027e-01
   2.7450000e+00   1.6706029e-01
   2.7600000e+00   1.7628025e-01
   2.7750000e+00   1.8549021e-01
   2.7900000e+00   1.9474056e-01
   2.8050000e+00   2.0398402e-01
   2.8200000e+00   2.1324027e-01
   2.8350000e+00   2.2248897e-01
   2.8500000e+00   2.3174981e-01
   2.8650000e+00   2.2366272e-01
   2.8800000e+00   2.1558639e-01
   2.8950000e+00   2.0750092e-01
   2.9100000e+00   1.9942641e-01
   2.9250000e+00   1.9134299e-01
   2.9400000e+00   1.8327079e-01
   2.9550000e+00   1.7519000e-01
   2.9700000e+00   1.7011258e-01
   2.9850000e+00   1.6751487e-01
   3.0000000e+00   1.6492770e-01
   3.0150000e+00   1.6109013e-01
   3.0300000e+00   1.5712556e-01
   3.0450000e+00   1.5317003e-01
   3.0600000e+00   1.4922426e-01
   3.0750000e+00   1.4515074e-01
   3.0900000e+00   1.4083707e-01
   3.1050000e+00   1.3652409e-01
   3.1200000e+00   1.3221187e-01
   3.1350000e+00   1.2791048e-01
   3.1500000e+00   1.2360000e-01
   3.1650000e+00   1.1929054e-01
   3.1800000e+00   1.1633124e-01
   3.1950000e+00   1.1495113e-01
   3.2100000e+00   1.1358102e-01
   3.2250000e+00   1.1220092e-01
   3.2400000e+00   1.1083082e-01
   3.2550000e+00   1.0945072e-01
   3.2700000e+00   1.0807063e-01
   3.2850000e+00   1.0670055e-01
   3.3000000e+00   1.0532047e-01
   3.3150000e+00   1.0394039e-01
   3.3300000e+00   1.0257032e-01
   3.3450000e+00   1.0119026e-01
   3.3600000e+00   9.9815204e-02
   3.3750000e+00   9.8439154e-02
   3.3900000e+00   9.7062110e-02
   3.4050000e+00   9.5686073e-02
   3.4200000e+00   9.4310043e-02
   3.4350000e+00   9.2933021e-02
   3.4500000e+00   9.1557006e-02
   3.4650000e+00   9.0181000e-02
   3.4800000e+00   8.8805003e-02
   3.4950000e+00   8.7428014e-02
   3.5100000e+00   8.6052035e-02
   3.5250000e+00   8.4676066e-02
   3.5400000e+00   8.3299108e-02
   3.5550000e+00   8.2134137e-02
   3.5700000e+00   8.1391125e-02
   3.5850000e+00   8.0648113e-02
   3.6000000e+00   7.9905101e-02
   3.6150000e+00   7.9162090e-02
   3.6300000e+00   7.8419080e-02
   3.6450000e+00   7.7676070e-02
   3.6600000e+00   7.6933061e-02
   3.6750000e+00   7.6190052e-02
   3.6900000e+00   7.5447044e-02
   3.7050000e+00   7.4704037e-02
   3.7200000e+00   7.3961030e-02
   3.7350000e+00   7.3218024e-02
   3.7500000e+00   7.2475018e-02
   3.7650000e+00   7.1732013e-02
   3.7800000e+00   7.0989009e-02
   3.7950000e+00   7.0246006e-02
   3.8100000e+00   6.9503003e-02
   3.8250000e+00   6.8760001e-02
   3.8400000e+00   6.8017000e-02
   3.8550000e+00   6.7274000e-02
   3.8700000e+00   6.6531001e-02
   3.8850000e+00   6.5788002e-02
   3.9000000e+00   6.5045005e-02
   3.9150000e+00   6.4302008e-02
   3.9300000e+00   6.3559013e-02
   3.9450000e+00   6.2816018e-02
   3.9600000e+00   6.2073024e-02
   3.9750000e+00   6.1330032e-02
   3.9900000e+00   6.0587041e-02
   4.0050000e+00   5.9930048e-02
   4.0200000e+00   5.9442052e-02
   4.0350000e+00   5.8955055e-02
   4.0500000e+00   5.8467059e-02
   4.0650000e+00   5.7980062e-02
   4.0800000e+00   5.7492066e-02
   4.0950000e+00   5.7005070e-02
   4.1100000e+00   5.6517075e-02
   4.1250000e+00   5.6030079e-02
   4.1400000e+00   5.5542084e-02
   4.1550000e+00   5.5055088e-02
   4.1700000e+00   5.4567093e-02
   4.1850000e+00   5.4080098e-02
   4.2000000e+00   5.3593103e-02
   4.2150000e+00   5.3105109e-02
   4.2300000e+00   5.2618115e-02
   4.2450000e+00   5.2130120e-02
   4.2600000e+00   5.1643127e-02
   4.2750000e+00   5.1155133e-02
   4.2900000e+00   5.0668139e-02
   4.3050000e+00   5.0180146e-02
   4.3200000e+00   4.9715145e-02
   4.3350000e+00   4.9406095e-02
   4.3500000e+00   4.9098055e-02
   4.3650000e+00   4.8790026e-02
   4.3800000e+00   4.8481007e-02
   4.3950000e+00   4.8173000e-02
   4.4100000e+00   4.7864004e-02
   4.4250000e+00   4.7556020e-02
   4.4400000e+00   4.7247048e-02
   4.4550000e+00   4.6939087e-02
   4.4700000e+00   4.6630139e-02
   4.4850000e+00   4.6322204e-02
   4.5000000e+00   4.6013281e-02
   4.5150000e+00   4.5705371e-02
   4.5300000e+00   4.5396475e-02
   4.5450000e+00   4.5088592e-02
   4.5600000e+00   4.4779723e-02
   4.5750000e+00   4.4481366e-02
   4.5900000e+00   4.4187061e-02
   4.6050000e+00   4.3933005e-02
   4.6200000e+00   4.3705000e-02
   4.6350000e+00   4.3477001e-02
   4.6500000e+00   4.3236006e-02
   4.6650000e+00   4.2967006e-02
   4.6800000e+00   4.2699006e-02
   4.6950000e+00   4.2431007e-02
   4.7100000e+00   4.2163007e-02
   4.7250000e+00   4.1895007e-02
   4.7400000e+00   4.1626007e-02
   4.7550000e+00   4.1358007e-02
   4.7700000e+00   4.1090008e-02
   4.7850000e+00   4.0822008e-02
   4.8000000e+00   4.0554008e-02
   4.8150000e+00   4.0285008e-02
   4.8300000e+00   4.0017009e-02
   4.8450000e+00   3.9749009e-02
   4.8600000e+00   3.9481009e-02
   4.8750000e+00   3.9213009e-02
   4.8900000e+00   3.8945010e-02
   4.9050000e+00   3.8676010e-02
   4.9200000e+00   3.8408010e-02
   4.9350000e+00   3.8140010e-02
   4.9500000e+00   3.7872011e-02
   4.9650000e+00   3.7626009e-02
   4.9800000e+00   3.7432003e-02
   4.9950000e+00   3.7237000e-02
   5.0100000e+00   3.7043001e-02
   5.0250000e+00   3.6849005e-02
   5.0400000e+00   3.6655012e-02
   5.0550000e+00   3.6461022e-02
   5.0700000e+00   3.6267036e-02
   5.0850000e+00   3.6073054e-02
   5.1000000e+00   3.5879075e-02
   5.1150000e+00   3.5685099e-02
   5.1300000e+00   3.5490128e-02
   5.1450000e+00   3.5296159e-02
   5.1600000e+00   3.5102195e-02
   5.1750000e+00   3.4908235e-02
   5.1900000e+00   3.4714277e-02
   5.2050000e+00   3.4510175e-02
   5.2200000e+00   3.4305096e-02
   5.2350000e+00   3.4101040e-02
   5.2500000e+00   3.3897008e-02
   5.2650000e+00   3.3693000e-02
   5.2800000e+00   3.3519010e-02
   5.2950000e+00   3.3372024e-02
   5.3100000e+00   3.3226044e-02
   5.3250000e+00   3.3079070e-02
   5.3400000e+00   3.2933101e-02
   5.3550000e+00   3.2786139e-02
   5.3700000e+00   3.2640183e-02
   5.3850000e+00   3.2493233e-02
   5.4000000e+00   3.2347290e-02
   5.4150000e+00   3.2191304e-02
   5.4300000e+00   3.2027269e-02
   5.4450000e+00   3.1863236e-02
   5.4600000e+00   3.1699205e-02
   5.4750000e+00   3.1535176e-02
   5.4900000e+00   3.1371150e-02
   5.5050000e+00   3.1207125e-02
   5.5200000e+00   3.1043102e-02
   5.5350000e+00   3.0878082e-02
   5.5500000e+00   3.0714063e-02
   5.5650000e+00   3.0550047e-02
   5.5800000e+00   3.0386034e-02
   5.5950000e+00   3.0222022e-02
   5.6100000e+00   3.0058013e-02
   5.6250000e+00   2.9894006e-02
   5.6400000e+00   2.9729002e-02
   5.6550000e+00   2.9565000e-02
   5.6700000e+00   2.9415001e-02
   5.6850000e+00   2.9283003e-02
   5.7000000e+00   2.9150008e-02
   5.7150000e+00   2.9017015e-02
   5.7300000e+00   2.8885024e-02
   5.7450000e+00   2.8752035e-02
   5.7600000e+00   2.8620049e-02
   5.7750000e+00   2.8487064e-02
   5.7900000e+00   2.8354082e-02
   5.8050000e+00   2.8222103e-02
   5.8200000e+00   2.8089125e-02
   5.8350000e+00   2.7957151e-02
   5.8500000e+00   2.7828144e-02
   5.8650000e+00   2.7704105e-02
   5.8800000e+00   2.7580072e-02
   5.8950000e+00   2.7456046e-02
   5.9100000e+00   2.7333025e-02
   5.9250000e+00   2.7209010e-02
   5.9400000e+00   2.7085002e-02
   5.9550000e+00   2.6961000e-02
   5.9700000e+00   2.6837005e-02
   5.9850000e+00   2.6713016e-02
   6.0000000e+00   2.6589033e-02
   6.0150000e+00   2.6465058e-02
   6.0300000e+00   2.6341089e-02
   6.0450000e+00   2.6217127e-02
   6.0600000e+00   2.6110112e-02
   6.0750000e+00   2.6004095e-02
   6.0900000e+00   2.5897079e-02
   6.1050000e+00   2.5791064e-02
   6.1200000e+00   2.5685051e-02
   6.1350000e+00   2.5579039e-02
   6.1500000e+00   2.5472029e-02
   6.1650000e+00   2.5366021e-02
   6.1800000e+00   2.5260013e-02
   6.1950000e+00   2.5154008e-02
   6.2100000e+00   2.5047004e-02
   6.2250000e+00   2.4941001e-02
   6.2400000e+00   2.4835000e-02
   6.2550000e+00   2.4729001e-02
   6.2700000e+00   2.4623003e-02
   6.2850000e+00   2.4516007e-02
   6.3000000e+00   2.4410012e-02
   6.3150000e+00   2.4304019e-02
   6.3300000e+00   2.4198028e-02
   6.3450000e+00   2.4091039e-02
   6.3600000e+00   2.3985051e-02
   6.3750000e+00   2.3879066e-02
   6.3900000e+00   2.3773082e-02
   6.4050000e+00   2.3666075e-02
   6.4200000e+00   2.3558050e-02
   6.4350000e+00   2.3451030e-02
   6.4500000e+00   2.3343015e-02
   6.4650000e+00   2.3238006e-02
   6.4800000e+00   2.3151004e-02
   6.4950000e+00   2.3063002e-02
   6.5100000e+00   2.2975001e-02
   6.5250000e+00   2.2888000e-02
   6.5400000e+00   2.2800000e-02
   6.5550000e+00   2.2712000e-02
   6.5700000e+00   2.2625000e-02
   6.5850000e+00   2.2537001e-02
   6.6000000e+00   2.2449002e-02
   6.6150000e+00   2.2362004e-02
   6.6300000e+00   2.2274006e-02
   6.6450000e+00   2.2185007e-02
   6.6600000e+00   2.2093006e-02
   6.6750000e+00   2.2002006e-02
   6.6900000e+00   2.1911006e-02
   6.7050000e+00   2.1819005e-02
   6.7200000e+00   2.1728005e-02
   6.7350000e+00   2.1637004e-02
   6.7500000e+00   2.1545004e-02
   6.7650000e+00   2.1454004e-02
   6.7800000e+00   2.1363003e-02
   6.7950000e+00   2.1271003e-02
   6.8100000e+00   2.1180003e-02
   6.8250000e+00   2.1088002e-02
   6.8400000e+00   2.0997002e-02
   6.8550000e+00   2.0906002e-02
   6.8700000e+00   2.0814002e-02
   6.8850000e+00   2.0723001e-02
   6.9000000e+00   2.0644001e-02
   6.9150000e+00   2.0569001e-02
   6.9300000e+00   2.0494000e-02
   6.9450000e+00   2.0420000e-02
   6.9600000e+00   2.0345000e-02
   6.9750000e+00   2.0270000e-02
   6.9900000e+00   2.0195000e-02
   7.0050000e+00   2.0121000e-02
   7.0200000e+00   2.0046001e-02
   7.0350000e+00   1.9971001e-02
   7.0500000e+00   1.9896001e-02
   7.0650000e+00   1.9822002e-02
   7.0800000e+00   1.9747003e-02
   7.0950000e+00   1.9668003e-02
   7.1100000e+00   1.9588002e-02
   7.1250000e+00   1.9508002e-02
   7.1400000e+00   1.9427002e-02
   7.1550000e+00   1.9347002e-02
   7.1700000e+00   1.9267002e-02
   7.1850000e+00   1.9187002e-02
   7.2000000e+00   1.9107001e-02
   7.2150000e+00   1.9027001e-02
   7.2300000e+00   1.8946001e-02
   7.2450000e+00   1.8866001e-02
   7.2600000e+00   1.8788001e-02
   7.2750000e+00   1.8719000e-02
   7.2900000e+00   1.8650002e-02
   7.3050000e+00   1.8582007e-02
   7.3200000e+00   1.8513014e-02
   7.3350000e+00   1.8444023e-02
   7.3500000e+00   1.8375036e-02
   7.3650000e+00   1.8306050e-02
   7.3800000e+00   1.8235043e-02
   7.3950000e+00   1.8164037e-02
   7.4100000e+00   1.8093031e-02
   7.4250000e+00   1.8022026e-02
   7.4400000e+00   1.7951021e-02
   7.4550000e+00   1.7880016e-02
   7.4700000e+00   1.7809013e-02
   7.4850000e+00   1.7738009e-02
   7.5000000e+00   1.7667006e-02
   7.5150000e+00   1.7596004e-02
   7.5300000e+00   1.7525002e-02
   7.5450000e+00   1.7453001e-02
   7.5600000e+00   1.7382000e-02
   7.5750000e+00   1.7311000e-02
   7.5900000e+00   1.7240000e-02
   7.6050000e+00   1.7169001e-02
   7.6200000e+00   1.7102002e-02
   7.6350000e+00   1.7040001e-02
   7.6500000e+00   1.6978000e-02
   7.6650000e+00   1.6916000e-02
   7.6800000e+00   1.6854000e-02
   7.6950000e+00   1.6792000e-02
   7.7100000e+00   1.6730001e-02
   7.7250000e+00   1.6669002e-02
   7.7400000e+00   1.6607003e-02
   7.7550000e+00   1.6545005e-02
   7.7700000e+00   1.6483007e-02
   7.7850000e+00   1.6421009e-02
   7.8000000e+00   1.6359012e-02
   7.8150000e+00   1.6297015e-02
   7.8300000e+00   1.6235018e-02
   7.8450000e+00   1.6173021e-02
   7.8600000e+00   1.6114017e-02
   7.8750000e+00   1.6055012e-02
   7.8900000e+00   1.5996007e-02
   7.9050000e+00   1.5936004e-02
   7.9200000e+00   1.5877002e-02
   7.9350000e+00   1.5818000e-02
   7.9500000e+00   1.5759000e-02
   7.9650000e+00   1.5700001e-02
   7.9800000e+00   1.5641002e-02
   7.9950000e+00   1.5581004e-02
   8.0100000e+00   1.5522008e-02
   8.0250000e+00   1.5463012e-02
   8.0400000e+00   1.5404018e-02
   8.0550000e+00   1.5347016e-02
   8.0700000e+00   1.5291014e-02
   8.0850000e+00   1.5235012e-02
   8.1000000e+00   1.5179011e-02
   8.1150000e+00   1.5123009e-02
   8.1300000e+00   1.5067007e-02
   8.1450000e+00   1.5011006e-02
   8.1600000e+00   1.4954005e-02
   8.1750000e+00   1.4898004e-02
   8.1900000e+00   1.4842003e-02
   8.2050000e+00   1.4786002e-02
   8.2200000e+00   1.4730001e-02
   8.2350000e+00   1.4674001e-02
   8.2500000e+00   1.4618000e-02
   8.2650000e+00   1.4561000e-02
   8.2800000e+00   1.4505000e-02
   8.2950000e+00   1.4449000e-02
   8.3100000e+00   1.4393000e-02
   8.3250000e+00   1.4337001e-02
   8.3400000e+00   1.4281001e-02
   8.3550000e+00   1.4225002e-02
   8.3700000e+00   1.4168003e-02
   8.3850000e+00   1.4112004e-02
   8.4000000e+00   1.4056005e-02
   8.4150000e+00   1.4000006e-02
   8.4300000e+00   1.3944008e-02
   8.4450000e+00   1.3888010e-02
   8.4600000e+00   1.3836009e-02
   8.4750000e+00   1.3787008e-02
   8.4900000e+00   1.3738007e-02
   8.5050000e+00   1.3688006e-02
   8.5200000e+00   1.3639005e-02
   8.5350000e+00   1.3590004e-02
   8.5500000e+00   1.3541003e-02
   8.5650000e+00   1.3492002e-02
   8.5800000e+00   1.3443002e-02
   8.5950000e+00   1.3393001e-02
   8.6100000e+00   1.3344001e-02
   8.6250000e+00   1.3295000e-02
   8.6400000e+00   1.3246000e-02
   8.6550000e+00   1.3197000e-02
   8.6700000e+00   1.3148000e-02
   8.6850000e+00   1.3099000e-02
   8.7000000e+00   1.3049000e-02
   8.7150000e+00   1.3000001e-02
   8.7300000e+00   1.2951001e-02
   8.7450000e+00   1.2902001e-02
   8.7600000e+00   1.2853002e-02
   8.7750000e+00   1.2804003e-02
   8.7900000e+00   1.2754004e-02
   8.8050000e+00   1.2705004e-02
   8.8200000e+00   1.2656006e-02
   8.8350000e+00   1.2607007e-02
   8.8500000e+00   1.2558007e-02
   8.8650000e+00   1.2507005e-02
   8.8800000e+00   1.2457003e-02
   8.8950000e+00   1.2407002e-02
   8.9100000e+00   1.2358001e-02
   8.9250000e+00   1.2313000e-02
   8.9400000e+00   1.2269000e-02
   8.9550000e+00   1.2224000e-02
   8.9700000e+00   1.2179000e-02
   8.9850000e+00   1.2133000e-02
   9.0000000e+00   1.2087000e-02
   9.0150000e+00   1.2041000e-02
   9.0300000e+00   1.1995000e-02
   9.0450000e+00   1.1950000e-02
   9.0600000e+00   1.1904000e-02
   9.0750000e+00   1.1858000e-02
   9.0900000e+00   1.1812000e-02
   9.1050000e+00   1.1767000e-02
   9.1200000e+00   1.1721000e-02
   9.1350000e+00   1.1675000e-02
   9.1500000e+00   1.1629000e-02
   9.1650000e+00   1.1583000e-02
   9.1800000e+00   1.1538000e-02
   9.1950000e+00   1.1492000e-02
   9.2100000e+00   1.1446000e-02
   9.2250000e+00   1.1400000e-02
   9.2400000e+00   1.1354001e-02
   9.2550000e+00   1.1309001e-02
   9.2700000e+00   1.1264001e-02
   9.2850000e+00   1.1222000e-02
   9.3000000e+00   1.1179000e-02
   9.3150000e+00   1.1137000e-02
   9.3300000e+00   1.1094001e-02
   9.3450000e+00   1.1052002e-02
   9.3600000e+00   1.1009003e-02
   9.3750000e+00   1.0967004e-02
   9.3900000e+00   1.0924006e-02
   9.4050000e+00   1.0882007e-02
   9.4200000e+00   1.0839006e-02
   9.4350000e+00   1.0797006e-02
   9.4500000e+00   1.0755005e-02
   9.4650000e+00   1.0713004e-02
   9.4800000e+00   1.0671003e-02
   9.4950000e+00   1.0629002e-02
   9.5100000e+00   1.0586002e-02
   9.5250000e+00   1.0544001e-02
   9.5400000e+00   1.0502001e-02
   9.5550000e+00   1.0460001e-02
   9.5700000e+00   1.0418000e-02
   9.5850000e+00   1.0375000e-02
   9.6000000e+00   1.0333000e-02
   9.6150000e+00   1.0291000e-02
   9.6300000e+00   1.0249000e-02
   9.6450000e+00   1.0207000e-02
   9.6600000e+00   1.0165000e-02
   9.6750000e+00   1.0122001e-02
   9.6900000e+00   1.0083001e-02
   9.7050000e+00   1.0044001e-02
   9.7200000e+00   1.0005001e-02
   9.7350000e+00   9.9662006e-03
   9.7500000e+00   9.9274005e-03
   9.7650000e+00   9.8886005e-03
   9.7800000e+00   9.8497004e-03
   9.7950000e+00   9.8109004e-03
   9.8100000e+00   9.7720003e-03
   9.8250000e+00   9.7332003e-03
   9.8400000e+00   9.6944003e-03
   9.8550000e+00   9.6555002e-03
   9.8700000e+00   9.6167002e-03
   9.8850000e+00   9.5778002e-03
   9.9000000e+00   9.5390001e-03
   9.9150000e+00   9.5001001e-03
   9.9300000e+00   9.4613001e-03
   9.9450000e+00   9.4225001e-03
   9.9600000e+00   9.3836001e-03
   9.9750000e+00   9.3448000e-03
   9.9900000e+00   9.3059000e-03
   1.0005000e+01   9.2677000e-03
   1.0020000e+01   9.2306000e-03
   1.0035000e+01   9.1936001e-03
   1.0050000e+01   9.1565001e-03
   1.0065000e+01   9.1194001e-03
   1.0080000e+01   9.0824002e-03
   1.0095000e+01   9.0453002e-03
   1.0110000e+01   9.0082003e-03
   1.0125000e+01   8.9712004e-03
   1.0140000e+01   8.9341004e-03
   1.0155000e+01   8.8971005e-03
   1.0170000e+01   8.8600006e-03
   1.0185000e+01   8.8229007e-03
   1.0200000e+01   8.7859008e-03
   1.0215000e+01   8.7488009e-03
   1.0230000e+01   8.7117010e-03
   1.0245000e+01   8.6747011e-03
   1.0260000e+01   8.6376013e-03
   1.0275000e+01   8.6006014e-03
   1.0290000e+01   8.5635016e-03
   1.0305000e+01   8.5264017e-03
   1.0320000e+01   8.4894019e-03
   1.0335000e+01   8.4523020e-03
   1.0350000e+01   8.4152022e-03
   1.0365000e+01   8.3782024e-03
   1.0380000e+01   8.3411026e-03
   1.0395000e+01   8.3041028e-03
   1.0410000e+01   8.2672022e-03
   1.0425000e+01   8.2305010e-03
   1.0440000e+01   8.1939002e-03
   1.0455000e+01   8.1580000e-03
   1.0470000e+01   8.1238000e-03
   1.0485000e+01   8.0896000e-03
   1.0500000e+01   8.0554000e-03
   1.0515000e+01   8.0212000e-03
   1.0530000e+01   7.9869000e-03
   1.0545000e+01   7.9527001e-03
   1.0560000e+01   7.9185001e-03
   1.0575000e+01   7.8843001e-03
   1.0590000e+01   7.8501002e-03
   1.0605000e+01   7.8159003e-03
   1.0620000e+01   7.7816003e-03
   1.0635000e+01   7.7474004e-03
   1.0650000e+01   7.7130004e-03
   1.0665000e+01   7.6783004e-03
   1.0680000e+01   7.6436003e-03
   1.0695000e+01   7.6089003e-03
   1.0710000e+01   7.5742002e-03
   1.0725000e+01   7.5395002e-03
   1.0740000e+01   7.5048001e-03
   1.0755000e+01   7.4701001e-03
   1.0770000e+01   7.4354001e-03
   1.0785000e+01   7.4007001e-03
   1.0800000e+01   7.3661000e-03
   1.0815000e+01   7.3314000e-03
   1.0830000e+01   7.2967000e-03
   1.0845000e+01   7.2620000e-03
   1.0860000e+01   7.2273000e-03
   1.0875000e+01   7.1935000e-03
   1.0890000e+01   7.1613000e-03
   1.0905000e+01   7.1290000e-03
   1.0920000e+01   7.0968000e-03
   1.0935000e+01   7.0646000e-03
   1.0950000e+01   7.0324000e-03
   1.0965000e+01   7.0001000e-03
   1.0980000e+01   6.9679001e-03
   1.0995000e+01   6.9357001e-03
   1.1010000e+01   6.9034001e-03
   1.1025000e+01   6.8712001e-03
   1.1040000e+01   6.8390002e-03
   1.1055000e+01   6.8067002e-03
   1.1070000e+01   6.7745002e-03
   1.1085000e+01   6.7423003e-03
   1.1100000e+01   6.7101003e-03
   1.1115000e+01   6.6778004e-03
   1.1130000e+01   6.6456004e-03
   1.1145000e+01   6.6134005e-03
   1.1160000e+01   6.5811005e-03
   1.1175000e+01   6.5489006e-03
   1.1190000e+01   6.5167006e-03
   1.1205000e+01   6.4844007e-03
   1.1220000e+01   6.4522008e-03
   1.1235000e+01   6.4200009e-03
   1.1250000e+01   6.3878009e-03
   1.1265000e+01   6.3555010e-03
   1.1280000e+01   6.3233011e-03
   1.1295000e+01   6.2911012e-03
   1.1310000e+01   6.2588013e-03
   1.1325000e+01   6.2266014e-03
   1.1340000e+01   6.1944015e-03
   1.1355000e+01   6.1623008e-03
   1.1370000e+01   6.1303003e-03
   1.1385000e+01   6.0983000e-03
   1.1400000e+01   6.0662001e-03
   1.1415000e+01   6.0350003e-03
   1.1430000e+01   6.0055004e-03
   1.1445000e+01   5.9760006e-03
   1.1460000e+01   5.9464008e-03
   1.1475000e+01   5.9169011e-03
   1.1490000e+01   5.8874013e-03
   1.1505000e+01   5.8578016e-03
   1.1520000e+01   5.8283020e-03
   1.1535000e+01   5.7988024e-03
   1.1550000e+01   5.7692028e-03
   1.1565000e+01   5.7397033e-03
   1.1580000e+01   5.7101038e-03
   1.1595000e+01   5.6805040e-03
   1.1610000e+01   5.6506039e-03
   1.1625000e+01   5.6208039e-03
   1.1640000e+01   5.5910039e-03
   1.1655000e+01   5.5611038e-03
   1.1670000e+01   5.5313038e-03
   1.1685000e+01   5.5015038e-03
   1.1700000e+01   5.4717037e-03
   1.1715000e+01   5.4418037e-03
   1.1730000e+01   5.4120036e-03
   1.1745000e+01   5.3822036e-03
   1.1760000e+01   5.3523036e-03
   1.1775000e+01   5.3225035e-03
   1.1790000e+01   5.2927035e-03
   1.1805000e+01   5.2628035e-03
   1.1820000e+01   5.2330034e-03
   1.1835000e+01   5.2032034e-03
   1.1850000e+01   5.1734034e-03
   1.1865000e+01   5.1435033e-03
   1.1880000e+01   5.1137033e-03
   1.1895000e+01   5.0839032e-03
   1.1910000e+01   5.0541029e-03
   1.1925000e+01   5.0246020e-03
   1.1940000e+01   4.9950013e-03
   1.1955000e+01   4.9654008e-03
   1.1970000e+01   4.9358004e-03
   1.1985000e+01   4.9063001e-03
   1.2000000e+01   4.8767000e-03
   1.2015000e+01   4.8484000e-03
   1.2030000e+01   4.8207000e-03
   1.2045000e+01   4.7930001e-03
   1.2060000e+01   4.7652002e-03
   1.2075000e+01   4.7375003e-03
   1.2090000e+01   4.7097004e-03
   1.2105000e+01   4.6820005e-03
   1.2120000e+01   4.6543007e-03
   1.2135000e+01   4.6265009e-03
   1.2150000e+01   4.5988011e-03
   1.2165000e+01   4.5709013e-03
   1.2180000e+01   4.5423013e-03
   1.2195000e+01   4.5138012e-03
   1.2210000e+01   4.4852012e-03
   1.2225000e+01   4.4566011e-03
   1.2240000e+01   4.4280011e-03
   1.2255000e+01   4.3994010e-03
   1.2270000e+01   4.3708010e-03
   1.2285000e+01   4.3422009e-03
   1.2300000e+01   4.3136009e-03
   1.2315000e+01   4.2851008e-03
   1.2330000e+01   4.2565008e-03
   1.2345000e+01   4.2279007e-03
   1.2360000e+01   4.1996005e-03
   1.2375000e+01   4.1725001e-03
   1.2390000e+01   4.1455000e-03
   1.2405000e+01   4.1184001e-03
   1.2420000e+01   4.0913005e-03
   1.2435000e+01   4.0642012e-03
   1.2450000e+01   4.0372022e-03
   1.2465000e+01   4.0107022e-03
   1.2480000e+01   3.9842021e-03
   1.2495000e+01   3.9578021e-03
   1.2510000e+01   3.9314020e-03
   1.2525000e+01   3.9049019e-03
   1.2540000e+01   3.8785018e-03
   1.2555000e+01   3.8521017e-03
   1.2570000e+01   3.8256017e-03
   1.2585000e+01   3.7992016e-03
   1.2600000e+01   3.7728015e-03
   1.2615000e+01   3.7463014e-03
   1.2630000e+01   3.7199014e-03
   1.2645000e+01   3.6935013e-03
   1.2660000e+01   3.6670012e-03
   1.2675000e+01   3.6406012e-03
   1.2690000e+01   3.6142011e-03
   1.2705000e+01   3.5877010e-03
   1.2720000e+01   3.5613010e-03
   1.2735000e+01   3.5348009e-03
   1.2750000e+01   3.5084009e-03
   1.2765000e+01   3.4820008e-03
   1.2780000e+01   3.4555008e-03
   1.2795000e+01   3.4291007e-03
   1.2810000e+01   3.4027006e-03
   1.2825000e+01   3.3762006e-03
   1.2840000e+01   3.3498005e-03
   1.2855000e+01   3.3234005e-03
   1.2870000e+01   3.2969005e-03
   1.2885000e+01   3.2705004e-03
   1.2900000e+01   3.2437002e-03
   1.2915000e+01   3.2169001e-03
   1.2930000e+01   3.1901000e-03
   1.2945000e+01   3.1634000e-03
   1.2960000e+01   3.1366000e-03
   1.2975000e+01   3.1098001e-03
   1.2990000e+01   3.0830002e-03
   1.3005000e+01   3.0579005e-03
   1.3020000e+01   3.0329009e-03
   1.3035000e+01   3.0079013e-03
   1.3050000e+01   2.9828013e-03
   1.3065000e+01   2.9577011e-03
   1.3080000e+01   2.9327009e-03
   1.3095000e+01   2.9076008e-03
   1.3110000e+01   2.8825006e-03
   1.3125000e+01   2.8574005e-03
   1.3140000e+01   2.8323004e-03
   1.3155000e+01   2.8072003e-03
   1.3170000e+01   2.7822002e-03
   1.3185000e+01   2.7571001e-03
   1.3200000e+01   2.7320001e-03
   1.3215000e+01   2.7069000e-03
   1.3230000e+01   2.6818000e-03
   1.3245000e+01   2.6568000e-03
   1.3260000e+01   2.6317000e-03
   1.3275000e+01   2.6066001e-03
   1.3290000e+01   2.5815001e-03
   1.3305000e+01   2.5564002e-03
   1.3320000e+01   2.5314003e-03
   1.3335000e+01   2.5063004e-03
   1.3350000e+01   2.4812006e-03
   1.3365000e+01   2.4561008e-03
   1.3380000e+01   2.4310010e-03
   1.3395000e+01   2.4060012e-03
   1.3410000e+01   2.3809014e-03
   1.3425000e+01   2.3556014e-03
   1.3440000e+01   2.3301010e-03
   1.3455000e+01   2.3046007e-03
   1.3470000e+01   2.2791004e-03
   1.3485000e+01   2.2536002e-03
   1.3500000e+01   2.2296001e-03
   1.3515000e+01   2.2059000e-03
   1.3530000e+01   2.1821000e-03
   1.3545000e+01   2.1584001e-03
   1.3560000e+01   2.1347002e-03
   1.3575000e+01   2.1109003e-03
   1.3590000e+01   2.0872006e-03
   1.3605000e+01   2.0634009e-03
   1.3620000e+01   2.0397013e-03
   1.3635000e+01   2.0159017e-03
   1.3650000e+01   1.9922022e-03
   1.3665000e+01   1.9684029e-03
   1.3680000e+01   1.9447035e-03
   1.3695000e+01   1.9208040e-03
   1.3710000e+01   1.8967038e-03
   1.3725000e+01   1.8726036e-03
   1.3740000e+01   1.8485035e-03
   1.3755000e+01   1.8243033e-03
   1.3770000e+01   1.8002031e-03
   1.3785000e+01   1.7761029e-03
   1.3800000e+01   1.7519028e-03
   1.3815000e+01   1.7278026e-03
   1.3830000e+01   1.7037024e-03
   1.3845000e+01   1.6796023e-03
   1.3860000e+01   1.6554021e-03
   1.3875000e+01   1.6313020e-03
   1.3890000e+01   1.6072018e-03
   1.3905000e+01   1.5830017e-03
   1.3920000e+01   1.5589015e-03
   1.3935000e+01   1.5351012e-03
   1.3950000e+01   1.5121005e-03
   1.3965000e+01   1.4890001e-03
   1.3980000e+01   1.4660000e-03
   1.3995000e+01   1.4429003e-03
   1.4010000e+01   1.4199009e-03
   1.4025000e+01   1.3968019e-03
   1.4040000e+01   1.3738033e-03
   1.4055000e+01   1.3507044e-03
   1.4070000e+01   1.3277036e-03
   1.4085000e+01   1.3047029e-03
   1.4100000e+01   1.2817022e-03
   1.4115000e+01   1.2587016e-03
   1.4130000e+01   1.2357011e-03
   1.4145000e+01   1.2127007e-03
   1.4160000e+01   1.1897004e-03
   1.4175000e+01   1.1667001e-03
   1.4190000e+01   1.1437000e-03
   1.4205000e+01   1.1207000e-03
   1.4220000e+01   1.0977001e-03
   1.4235000e+01   1.0747003e-03
   1.4250000e+01   1.0517007e-03
   1.4265000e+01   1.0287012e-03
   1.4280000e+01   1.0057018e-03
   1.4295000e+01   9.8268264e-04
   1.4310000e+01   9.5967362e-04
   1.4325000e+01   9.3667478e-04
   1.4340000e+01   9.1366614e-04
   1.4355000e+01   8.9112659e-04
   1.4370000e+01   8.6959475e-04
   1.4385000e+01   8.4807317e-04
   1.4400000e+01   8.2655188e-04
   1.4415000e+01   8.0503091e-04
   1.4430000e+01   7.8350028e-04
   1.4445000e+01   7.6198001e-04
   1.4460000e+01   7.4046014e-04
   1.4475000e+01   7.1893070e-04
   1.4490000e+01   6.9741174e-04
   1.4505000e+01   6.7589330e-04
   1.4520000e+01   6.5437543e-04
   1.4535000e+01   6.3284820e-04
   1.4550000e+01   6.1133165e-04
   1.4565000e+01   5.8981589e-04
   1.4580000e+01   5.6817236e-04
   1.4595000e+01   5.4645517e-04
   1.4610000e+01   5.2474097e-04
   1.4625000e+01   5.0303013e-04
   1.4640000e+01   4.8132312e-04
   1.4655000e+01   4.5990836e-04
   1.4670000e+01   4.3945811e-04
   1.4685000e+01   4.1900787e-04
   1.4700000e+01   3.9856763e-04
   1.4715000e+01   3.7811739e-04
   1.4730000e+01   3.5767715e-04
   1.4745000e+01   3.3723692e-04
   1.4760000e+01   3.1678668e-04
   1.4775000e+01   2.9634645e-04
   1.4790000e+01   2.7589623e-04
   1.4805000e+01   2.5545601e-04
   1.4820000e+01   2.3500579e-04
   1.4835000e+01   2.1456558e-04
   1.4850000e+01   1.9411538e-04
   1.4865000e+01   1.7367520e-04
   1.4880000e+01   1.5322503e-04
   1.4895000e+01   1.3278489e-04
   1.4910000e+01   1.1233479e-04
   1.4925000e+01   9.1890759e-05
   1.4940000e+01   7.1446858e-05
   1.4955000e+01   5.1001240e-05
   1.4970000e+01   3.0557474e-05
   1.4985000e+01   1.0120725e-05
   1.5000000e+01   0.0000000e+00
