  -3.0000000e-03   8.5946136e-05
   1.2000000e-02   3.4618391e-04
   2.7000000e-02   7.0823174e-04
   4.2000000e-02   1.0737431e-03
   5.7000000e-02   1.4401900e-03
   7.2000000e-02   1.8068645e-03
   8.7000000e-02   2.1737006e-03
   1.0200000e-01   2.5407284e-03
   1.1700000e-01   2.9077132e-03
   1.3200000e-01   3.2748357e-03
   1.4700000e-01   3.6418847e-03
   1.6200000e-01   4.0089528e-03
   1.7700000e-01   4.3761352e-03
   1.9200000e-01   4.7432286e-03
   2.0700000e-01   5.1103306e-03
   2.2200000e-01   5.4775395e-03
   2.3700000e-01   5.8446540e-03
   2.5200000e-01   6.2109261e-03
   2.6700000e-01   6.5680123e-03
   2.8200000e-01   6.9251460e-03
   2.9700000e-01   7.2823200e-03
   3.1200000e-01   7.6395289e-03
   3.2700000e-01   7.9967680e-03
   3.4200000e-01   8.3540333e-03
   3.5700000e-01   8.7112217e-03
   3.7200000e-01   9.0685304e-03
   3.8700000e-01   9.4258571e-03
   4.0200000e-01   9.7831998e-03
   4.1700000e-01   1.0203001e-02
   4.3200000e-01   1.0644102e-02
   4.4700000e-01   1.1084424e-02
   4.6200000e-01   1.1525940e-02
   4.7700000e-01   1.1966630e-02
   4.9200000e-01   1.2408475e-02
   5.0700000e-01   1.2849459e-02
   5.2200000e-01   1.3290569e-02
   5.3700000e-01   1.3732791e-02
   5.5200000e-01   1.4174116e-02
   5.6700000e-01   1.4616533e-02
   5.8200000e-01   1.5048950e-02
   5.9700000e-01   1.5478996e-02
   6.1200000e-01   1.5910406e-02
   6.2700000e-01   1.6341152e-02
   6.4200000e-01   1.6773206e-02
   6.5700000e-01   1.7205546e-02
   6.7200000e-01   1.7637151e-02
   6.8700000e-01   1.8070002e-02
   7.0200000e-01   1.8502082e-02
   7.1700000e-01   1.8935375e-02
   7.3200000e-01   1.9367866e-02
   7.4700000e-01   1.9801543e-02
   7.6200000e-01   2.0234394e-02
   7.7700000e-01   2.0668408e-02
   7.9200000e-01   2.1101574e-02
   8.0700000e-01   2.1535884e-02
   8.2200000e-01   2.2036245e-02
   8.3700000e-01   2.2646984e-02
   8.5200000e-01   2.3258894e-02
   8.6700000e-01   2.3869963e-02
   8.8200000e-01   2.4481179e-02
   8.9700000e-01   2.5092531e-02
   9.1200000e-01   2.5705008e-02
   9.2700000e-01   2.6316603e-02
   9.4200000e-01   2.6928307e-02
   9.5700000e-01   2.7540114e-02
   9.7200000e-01   2.8152016e-02
   9.8700000e-01   2.8765007e-02
   1.0020000e+00   2.9377082e-02
   1.0170000e+00   2.9989235e-02
   1.0320000e+00   3.0601463e-02
   1.0470000e+00   3.1213759e-02
   1.0620000e+00   3.1827122e-02
   1.0770000e+00   3.2528146e-02
   1.0920000e+00   3.3249207e-02
   1.1070000e+00   3.3971625e-02
   1.1220000e+00   3.4695313e-02
   1.1370000e+00   3.5420195e-02
   1.1520000e+00   3.6146197e-02
   1.1670000e+00   3.6890535e-02
   1.1820000e+00   3.7661444e-02
   1.1970000e+00   3.8433750e-02
   1.2120000e+00   3.9206430e-02
   1.2270000e+00   3.9979461e-02
   1.2420000e+00   4.0752825e-02
   1.2570000e+00   4.1525503e-02
   1.2720000e+00   4.2299477e-02
   1.2870000e+00   4.3073732e-02
   1.3020000e+00   4.3848252e-02
   1.3170000e+00   4.4622024e-02
   1.3320000e+00   4.5397035e-02
   1.3470000e+00   4.6172272e-02
   1.3620000e+00   4.6947726e-02
   1.3770000e+00   4.7723384e-02
   1.3920000e+00   4.8498238e-02
   1.4070000e+00   4.9274278e-02
   1.4220000e+00   5.0050495e-02
   1.4370000e+00   5.0826882e-02
   1.4520000e+00   5.1727428e-02
   1.4670000e+00   5.3436103e-02
   1.4820000e+00   5.5145890e-02
   1.4970000e+00   5.6854784e-02
   1.5120000e+00   5.8564772e-02
   1.5270000e+00   6.0273847e-02
   1.5420000e+00   6.1983000e-02
   1.5570000e+00   6.3693228e-02
   1.5720000e+00   6.5402524e-02
   1.5870000e+00   6.7112879e-02
   1.6020000e+00   6.8822295e-02
   1.6170000e+00   7.0531765e-02
   1.6320000e+00   7.2242281e-02
   1.6470000e+00   7.3951847e-02
   1.6620000e+00   7.5662455e-02
   1.6770000e+00   7.7372104e-02
   1.6920000e+00   7.9082787e-02
   1.7070000e+00   8.0792510e-02
   1.7220000e+00   8.2502265e-02
   1.7370000e+00   8.4213047e-02
   1.7520000e+00   8.5922863e-02
   1.7670000e+00   8.7633705e-02
   1.7820000e+00   8.9343574e-02
   1.7970000e+00   9.1053464e-02
   1.8120000e+00   9.2764380e-02
   1.8270000e+00   9.4474318e-02
   1.8420000e+00   9.6185273e-02
   1.8570000e+00   9.7895252e-02
   1.8720000e+00   9.9606249e-02
   1.8870000e+00   1.0358591e-01
   1.9020000e+00   1.0762023e-01
   1.9170000e+00   1.1167026e-01
   1.9320000e+00   1.1573435e-01
   1.9470000e+00   1.1982106e-01
   1.9620000e+00   1.2352255e-01
   1.9770000e+00   1.2717462e-01
   1.9920000e+00   1.3084063e-01
   2.0070000e+00   1.3451027e-01
   2.0220000e+00   1.4012198e-01
   2.0370000e+00   1.4720386e-01
   2.0520000e+00   1.5428625e-01
   2.0670000e+00   1.6136906e-01
   2.0820000e+00   1.6844225e-01
   2.0970000e+00   1.7552578e-01
   2.1120000e+00   1.8260960e-01
   2.1270000e+00   1.8969367e-01
   2.1420000e+00   1.9676799e-01
   2.1570000e+00   1.9650465e-01
   2.1720000e+00   1.8783412e-01
   2.1870000e+00   1.7916623e-01
   2.2020000e+00   1.7050138e-01
   2.2170000e+00   1.6184005e-01
   2.2320000e+00   1.5288034e-01
   2.2470000e+00   1.4380024e-01
   2.2620000e+00   1.3448016e-01
   2.2770000e+00   1.2483012e-01
   2.2920000e+00   1.1518008e-01
   2.3070000e+00   1.0553005e-01
   2.3220000e+00   9.6079025e-02
   2.3370000e+00   8.6682006e-02
   2.3520000e+00   7.7284000e-02
   2.3670000e+00   6.7894004e-02
   2.3820000e+00   5.8515002e-02
   2.3970000e+00   4.9135001e-02
   2.4120000e+00   3.9756000e-02
   2.4270000e+00   3.0377000e-02
   2.4420000e+00   2.0998001e-02
   2.4570000e+00   1.1618006e-02
   2.4720000e+00   2.2393640e-03
   2.4870000e+00   7.1400354e-03
   2.5020000e+00   1.6522023e-02
   2.5170000e+00   2.5924016e-02
   2.5320000e+00   3.5326013e-02
   2.5470000e+00   4.4727011e-02
   2.5620000e+00   5.4129010e-02
   2.5770000e+00   6.3530009e-02
   2.5920000e+00   7.2932009e-02
   2.6070000e+00   8.2334009e-02
   2.6220000e+00   9.1735008e-02
   2.6370000e+00   1.0114001e-01
   2.6520000e+00   1.1054001e-01
   2.6670000e+00   1.1994001e-01
   2.6820000e+00   1.2936000e-01
   2.6970000e+00   1.3883002e-01
   2.7120000e+00   1.4831010e-01
   2.7270000e+00   1.5779023e-01
   2.7420000e+00   1.6715030e-01
   2.7570000e+00   1.7638025e-01
   2.7720000e+00   1.8560021e-01
   2.7870000e+00   1.9485024e-01
   2.8020000e+00   2.0411307e-01
   2.8170000e+00   2.1336874e-01
   2.8320000e+00   2.2263690e-01
   2.8470000e+00   2.3189726e-01
   2.8620000e+00   2.2729387e-01
   2.8770000e+00   2.1922743e-01
   2.8920000e+00   2.1115183e-01
   2.9070000e+00   2.0308716e-01
   2.9220000e+00   1.9501354e-01
   2.9370000e+00   1.8695112e-01
   2.9520000e+00   1.7889004e-01
   2.9670000e+00   1.7271133e-01
   2.9820000e+00   1.7013143e-01
   2.9970000e+00   1.6755185e-01
   3.0120000e+00   1.6400375e-01
   3.0270000e+00   1.6004766e-01
   3.0420000e+00   1.5610037e-01
   3.0570000e+00   1.5216256e-01
   3.0720000e+00   1.4817139e-01
   3.0870000e+00   1.4386764e-01
   3.1020000e+00   1.3957456e-01
   3.1170000e+00   1.3527222e-01
   3.1320000e+00   1.3097067e-01
   3.1470000e+00   1.2667002e-01
   3.1620000e+00   1.2238034e-01
   3.1770000e+00   1.1884124e-01
   3.1920000e+00   1.1748113e-01
   3.2070000e+00   1.1611102e-01
   3.2220000e+00   1.1474092e-01
   3.2370000e+00   1.1338082e-01
   3.2520000e+00   1.1201072e-01
   3.2670000e+00   1.1065063e-01
   3.2820000e+00   1.0928055e-01
   3.2970000e+00   1.0791047e-01
   3.3120000e+00   1.0655040e-01
   3.3270000e+00   1.0518033e-01
   3.3420000e+00   1.0382027e-01
   3.3570000e+00   1.0245021e-01
   3.3720000e+00   1.0109016e-01
   3.3870000e+00   9.9720114e-02
   3.4020000e+00   9.8355077e-02
   3.4170000e+00   9.6989046e-02
   3.4320000e+00   9.5623023e-02
   3.4470000e+00   9.4257008e-02
   3.4620000e+00   9.2892001e-02
   3.4770000e+00   9.1526002e-02
   3.4920000e+00   9.0160011e-02
   3.5070000e+00   8.8794030e-02
   3.5220000e+00   8.7429058e-02
   3.5370000e+00   8.6063097e-02
   3.5520000e+00   8.4781137e-02
   3.5670000e+00   8.4049124e-02
   3.5820000e+00   8.3317113e-02
   3.5970000e+00   8.2584101e-02
   3.6120000e+00   8.1852091e-02
   3.6270000e+00   8.1119080e-02
   3.6420000e+00   8.0387071e-02
   3.6570000e+00   7.9654062e-02
   3.6720000e+00   7.8922053e-02
   3.6870000e+00   7.8189045e-02
   3.7020000e+00   7.7457038e-02
   3.7170000e+00   7.6725031e-02
   3.7320000e+00   7.5992025e-02
   3.7470000e+00   7.5260019e-02
   3.7620000e+00   7.4527014e-02
   3.7770000e+00   7.3795010e-02
   3.7920000e+00   7.3062006e-02
   3.8070000e+00   7.2330004e-02
   3.8220000e+00   7.1598002e-02
   3.8370000e+00   7.0865000e-02
   3.8520000e+00   7.0133000e-02
   3.8670000e+00   6.9400000e-02
   3.8820000e+00   6.8668002e-02
   3.8970000e+00   6.7935004e-02
   3.9120000e+00   6.7203007e-02
   3.9270000e+00   6.6470011e-02
   3.9420000e+00   6.5738016e-02
   3.9570000e+00   6.5006021e-02
   3.9720000e+00   6.4273028e-02
   3.9870000e+00   6.3541036e-02
   4.0020000e+00   6.2842045e-02
   4.0170000e+00   6.2365048e-02
   4.0320000e+00   6.1889051e-02
   4.0470000e+00   6.1412054e-02
   4.0620000e+00   6.0935058e-02
   4.0770000e+00   6.0458061e-02
   4.0920000e+00   5.9981065e-02
   4.1070000e+00   5.9504069e-02
   4.1220000e+00   5.9027073e-02
   4.1370000e+00   5.8550077e-02
   4.1520000e+00   5.8073082e-02
   4.1670000e+00   5.7596086e-02
   4.1820000e+00   5.7119091e-02
   4.1970000e+00   5.6643096e-02
   4.2120000e+00   5.6166101e-02
   4.2270000e+00   5.5689106e-02
   4.2420000e+00   5.5212111e-02
   4.2570000e+00   5.4735117e-02
   4.2720000e+00   5.4258123e-02
   4.2870000e+00   5.3781129e-02
   4.3020000e+00   5.3304135e-02
   4.3170000e+00   5.2827141e-02
   4.3320000e+00   5.2516096e-02
   4.3470000e+00   5.2218057e-02
   4.3620000e+00   5.1920028e-02
   4.3770000e+00   5.1622009e-02
   4.3920000e+00   5.1324000e-02
   4.4070000e+00   5.1026003e-02
   4.4220000e+00   5.0728016e-02
   4.4370000e+00   5.0430040e-02
   4.4520000e+00   5.0132075e-02
   4.4670000e+00   4.9834122e-02
   4.4820000e+00   4.9536180e-02
   4.4970000e+00   4.9238250e-02
   4.5120000e+00   4.8940332e-02
   4.5270000e+00   4.8642427e-02
   4.5420000e+00   4.8344534e-02
   4.5570000e+00   4.8047653e-02
   4.5720000e+00   4.7756431e-02
   4.5870000e+00   4.7473096e-02
   4.6020000e+00   4.7216007e-02
   4.6170000e+00   4.6998001e-02
   4.6320000e+00   4.6781001e-02
   4.6470000e+00   4.6558005e-02
   4.6620000e+00   4.6301005e-02
   4.6770000e+00   4.6043006e-02
   4.6920000e+00   4.5785006e-02
   4.7070000e+00   4.5528006e-02
   4.7220000e+00   4.5270006e-02
   4.7370000e+00   4.5012006e-02
   4.7520000e+00   4.4755006e-02
   4.7670000e+00   4.4497007e-02
   4.7820000e+00   4.4240007e-02
   4.7970000e+00   4.3982007e-02
   4.8120000e+00   4.3724007e-02
   4.8270000e+00   4.3467007e-02
   4.8420000e+00   4.3209008e-02
   4.8570000e+00   4.2951008e-02
   4.8720000e+00   4.2694008e-02
   4.8870000e+00   4.2436008e-02
   4.9020000e+00   4.2178009e-02
   4.9170000e+00   4.1921009e-02
   4.9320000e+00   4.1663009e-02
   4.9470000e+00   4.1406009e-02
   4.9620000e+00   4.1155009e-02
   4.9770000e+00   4.0972003e-02
   4.9920000e+00   4.0788000e-02
   5.0070000e+00   4.0605000e-02
   5.0220000e+00   4.0421004e-02
   5.0370000e+00   4.0237010e-02
   5.0520000e+00   4.0054019e-02
   5.0670000e+00   3.9870031e-02
   5.0820000e+00   3.9687047e-02
   5.0970000e+00   3.9503065e-02
   5.1120000e+00   3.9320087e-02
   5.1270000e+00   3.9136112e-02
   5.1420000e+00   3.8952141e-02
   5.1570000e+00   3.8769173e-02
   5.1720000e+00   3.8585208e-02
   5.1870000e+00   3.8402247e-02
   5.2020000e+00   3.8210177e-02
   5.2170000e+00   3.8016101e-02
   5.2320000e+00   3.7823046e-02
   5.2470000e+00   3.7629012e-02
   5.2620000e+00   3.7435000e-02
   5.2770000e+00   3.7260007e-02
   5.2920000e+00   3.7124018e-02
   5.3070000e+00   3.6988034e-02
   5.3220000e+00   3.6852056e-02
   5.3370000e+00   3.6716083e-02
   5.3520000e+00   3.6581115e-02
   5.3670000e+00   3.6445153e-02
   5.3820000e+00   3.6309197e-02
   5.3970000e+00   3.6173246e-02
   5.4120000e+00   3.6032275e-02
   5.4270000e+00   3.5878243e-02
   5.4420000e+00   3.5724214e-02
   5.4570000e+00   3.5571186e-02
   5.4720000e+00   3.5417160e-02
   5.4870000e+00   3.5264135e-02
   5.5020000e+00   3.5110113e-02
   5.5170000e+00   3.4957093e-02
   5.5320000e+00   3.4803074e-02
   5.5470000e+00   3.4649058e-02
   5.5620000e+00   3.4496043e-02
   5.5770000e+00   3.4342031e-02
   5.5920000e+00   3.4189020e-02
   5.6070000e+00   3.4035012e-02
   5.6220000e+00   3.3881006e-02
   5.6370000e+00   3.3728002e-02
   5.6520000e+00   3.3574000e-02
   5.6670000e+00   3.3428000e-02
   5.6820000e+00   3.3306003e-02
   5.6970000e+00   3.3184007e-02
   5.7120000e+00   3.3062013e-02
   5.7270000e+00   3.2940020e-02
   5.7420000e+00   3.2818030e-02
   5.7570000e+00   3.2696042e-02
   5.7720000e+00   3.2574055e-02
   5.7870000e+00   3.2452071e-02
   5.8020000e+00   3.2330088e-02
   5.8170000e+00   3.2208108e-02
   5.8320000e+00   3.2086129e-02
   5.8470000e+00   3.1966135e-02
   5.8620000e+00   3.1853100e-02
   5.8770000e+00   3.1740070e-02
   5.8920000e+00   3.1626045e-02
   5.9070000e+00   3.1513026e-02
   5.9220000e+00   3.1399012e-02
   5.9370000e+00   3.1286003e-02
   5.9520000e+00   3.1173000e-02
   5.9670000e+00   3.1059002e-02
   5.9820000e+00   3.0946010e-02
   5.9970000e+00   3.0833024e-02
   6.0120000e+00   3.0719043e-02
   6.0270000e+00   3.0606068e-02
   6.0420000e+00   3.0492099e-02
   6.0570000e+00   3.0392097e-02
   6.0720000e+00   3.0296082e-02
   6.0870000e+00   3.0201068e-02
   6.1020000e+00   3.0105055e-02
   6.1170000e+00   3.0009044e-02
   6.1320000e+00   2.9914034e-02
   6.1470000e+00   2.9818025e-02
   6.1620000e+00   2.9722018e-02
   6.1770000e+00   2.9627012e-02
   6.1920000e+00   2.9531007e-02
   6.2070000e+00   2.9435003e-02
   6.2220000e+00   2.9340001e-02
   6.2370000e+00   2.9244000e-02
   6.2520000e+00   2.9148000e-02
   6.2670000e+00   2.9053002e-02
   6.2820000e+00   2.8957006e-02
   6.2970000e+00   2.8861010e-02
   6.3120000e+00   2.8766016e-02
   6.3270000e+00   2.8670024e-02
   6.3420000e+00   2.8574033e-02
   6.3570000e+00   2.8479043e-02
   6.3720000e+00   2.8383055e-02
   6.3870000e+00   2.8287068e-02
   6.4020000e+00   2.8191071e-02
   6.4170000e+00   2.8094048e-02
   6.4320000e+00   2.7997030e-02
   6.4470000e+00   2.7900016e-02
   6.4620000e+00   2.7803006e-02
   6.4770000e+00   2.7725004e-02
   6.4920000e+00   2.7648003e-02
   6.5070000e+00   2.7571002e-02
   6.5220000e+00   2.7493001e-02
   6.5370000e+00   2.7416000e-02
   6.5520000e+00   2.7339000e-02
   6.5670000e+00   2.7262000e-02
   6.5820000e+00   2.7185001e-02
   6.5970000e+00   2.7108001e-02
   6.6120000e+00   2.7031002e-02
   6.6270000e+00   2.6954004e-02
   6.6420000e+00   2.6876005e-02
   6.6570000e+00   2.6795005e-02
   6.6720000e+00   2.6714004e-02
   6.6870000e+00   2.6633004e-02
   6.7020000e+00   2.6553004e-02
   6.7170000e+00   2.6472003e-02
   6.7320000e+00   2.6391003e-02
   6.7470000e+00   2.6310003e-02
   6.7620000e+00   2.6229002e-02
   6.7770000e+00   2.6149002e-02
   6.7920000e+00   2.6068002e-02
   6.8070000e+00   2.5987002e-02
   6.8220000e+00   2.5906002e-02
   6.8370000e+00   2.5825001e-02
   6.8520000e+00   2.5745001e-02
   6.8670000e+00   2.5664001e-02
   6.8820000e+00   2.5583001e-02
   6.8970000e+00   2.5511001e-02
   6.9120000e+00   2.5447000e-02
   6.9270000e+00   2.5383000e-02
   6.9420000e+00   2.5318000e-02
   6.9570000e+00   2.5254000e-02
   6.9720000e+00   2.5190000e-02
   6.9870000e+00   2.5126000e-02
   7.0020000e+00   2.5062000e-02
   7.0170000e+00   2.4997001e-02
   7.0320000e+00   2.4933001e-02
   7.0470000e+00   2.4869001e-02
   7.0620000e+00   2.4805002e-02
   7.0770000e+00   2.4741003e-02
   7.0920000e+00   2.4673003e-02
   7.1070000e+00   2.4604003e-02
   7.1220000e+00   2.4534003e-02
   7.1370000e+00   2.4464002e-02
   7.1520000e+00   2.4395002e-02
   7.1670000e+00   2.4325002e-02
   7.1820000e+00   2.4256002e-02
   7.1970000e+00   2.4186002e-02
   7.2120000e+00   2.4116002e-02
   7.2270000e+00   2.4047002e-02
   7.2420000e+00   2.3977001e-02
   7.2570000e+00   2.3908001e-02
   7.2720000e+00   2.3849000e-02
   7.2870000e+00   2.3791001e-02
   7.3020000e+00   2.3733003e-02
   7.3170000e+00   2.3674008e-02
   7.3320000e+00   2.3616014e-02
   7.3470000e+00   2.3558023e-02
   7.3620000e+00   2.3500034e-02
   7.3770000e+00   2.3440032e-02
   7.3920000e+00   2.3379027e-02
   7.4070000e+00   2.3319022e-02
   7.4220000e+00   2.3258018e-02
   7.4370000e+00   2.3198015e-02
   7.4520000e+00   2.3137011e-02
   7.4670000e+00   2.3077009e-02
   7.4820000e+00   2.3016006e-02
   7.4970000e+00   2.2956004e-02
   7.5120000e+00   2.2895002e-02
   7.5270000e+00   2.2835001e-02
   7.5420000e+00   2.2774000e-02
   7.5570000e+00   2.2714000e-02
   7.5720000e+00   2.2653000e-02
   7.5870000e+00   2.2593001e-02
   7.6020000e+00   2.2533001e-02
   7.6170000e+00   2.2474002e-02
   7.6320000e+00   2.2423001e-02
   7.6470000e+00   2.2371001e-02
   7.6620000e+00   2.2320000e-02
   7.6770000e+00   2.2269000e-02
   7.6920000e+00   2.2217000e-02
   7.7070000e+00   2.2166000e-02
   7.7220000e+00   2.2115001e-02
   7.7370000e+00   2.2064001e-02
   7.7520000e+00   2.2012002e-02
   7.7670000e+00   2.1961003e-02
   7.7820000e+00   2.1910005e-02
   7.7970000e+00   2.1858006e-02
   7.8120000e+00   2.1807008e-02
   7.8270000e+00   2.1756010e-02
   7.8420000e+00   2.1705012e-02
   7.8570000e+00   2.1655010e-02
   7.8720000e+00   2.1607007e-02
   7.8870000e+00   2.1558004e-02
   7.9020000e+00   2.1509002e-02
   7.9170000e+00   2.1461000e-02
   7.9320000e+00   2.1412000e-02
   7.9470000e+00   2.1363000e-02
   7.9620000e+00   2.1315001e-02
   7.9770000e+00   2.1266003e-02
   7.9920000e+00   2.1217006e-02
   8.0070000e+00   2.1169010e-02
   8.0220000e+00   2.1120014e-02
   8.0370000e+00   2.1071020e-02
   8.0520000e+00   2.1025020e-02
   8.0670000e+00   2.0980017e-02
   8.0820000e+00   2.0935015e-02
   8.0970000e+00   2.0890013e-02
   8.1120000e+00   2.0845012e-02
   8.1270000e+00   2.0799010e-02
   8.1420000e+00   2.0754008e-02
   8.1570000e+00   2.0709007e-02
   8.1720000e+00   2.0664006e-02
   8.1870000e+00   2.0619004e-02
   8.2020000e+00   2.0573003e-02
   8.2170000e+00   2.0528003e-02
   8.2320000e+00   2.0483002e-02
   8.2470000e+00   2.0438001e-02
   8.2620000e+00   2.0393001e-02
   8.2770000e+00   2.0348000e-02
   8.2920000e+00   2.0302000e-02
   8.3070000e+00   2.0257000e-02
   8.3220000e+00   2.0212000e-02
   8.3370000e+00   2.0167000e-02
   8.3520000e+00   2.0122001e-02
   8.3670000e+00   2.0077001e-02
   8.3820000e+00   2.0031002e-02
   8.3970000e+00   1.9986002e-02
   8.4120000e+00   1.9941003e-02
   8.4270000e+00   1.9896004e-02
   8.4420000e+00   1.9851006e-02
   8.4570000e+00   1.9810006e-02
   8.4720000e+00   1.9774005e-02
   8.4870000e+00   1.9739004e-02
   8.5020000e+00   1.9704004e-02
   8.5170000e+00   1.9668003e-02
   8.5320000e+00   1.9633002e-02
   8.5470000e+00   1.9598002e-02
   8.5620000e+00   1.9562001e-02
   8.5770000e+00   1.9527001e-02
   8.5920000e+00   1.9491001e-02
   8.6070000e+00   1.9456000e-02
   8.6220000e+00   1.9421000e-02
   8.6370000e+00   1.9385000e-02
   8.6520000e+00   1.9350000e-02
   8.6670000e+00   1.9315000e-02
   8.6820000e+00   1.9279000e-02
   8.6970000e+00   1.9244000e-02
   8.7120000e+00   1.9209001e-02
   8.7270000e+00   1.9173001e-02
   8.7420000e+00   1.9138001e-02
   8.7570000e+00   1.9103002e-02
   8.7720000e+00   1.9067002e-02
   8.7870000e+00   1.9032003e-02
   8.8020000e+00   1.8997004e-02
   8.8170000e+00   1.8961004e-02
   8.8320000e+00   1.8926005e-02
   8.8470000e+00   1.8890006e-02
   8.8620000e+00   1.8852003e-02
   8.8770000e+00   1.8814001e-02
   8.8920000e+00   1.8776000e-02
   8.9070000e+00   1.8738000e-02
   8.9220000e+00   1.8708000e-02
   8.9370000e+00   1.8680000e-02
   8.9520000e+00   1.8651000e-02
   8.9670000e+00   1.8621000e-02
   8.9820000e+00   1.8592000e-02
   8.9970000e+00   1.8562001e-02
   9.0120000e+00   1.8532002e-02
   9.0270000e+00   1.8502003e-02
   9.0420000e+00   1.8473006e-02
   9.0570000e+00   1.8443009e-02
   9.0720000e+00   1.8413012e-02
   9.0870000e+00   1.8383016e-02
   9.1020000e+00   1.8354020e-02
   9.1170000e+00   1.8324026e-02
   9.1320000e+00   1.8294031e-02
   9.1470000e+00   1.8264038e-02
   9.1620000e+00   1.8235045e-02
   9.1770000e+00   1.8205052e-02
   9.1920000e+00   1.8175060e-02
   9.2070000e+00   1.8145069e-02
   9.2220000e+00   1.8115079e-02
   9.2370000e+00   1.8086088e-02
   9.2520000e+00   1.8056099e-02
   9.2670000e+00   1.8035061e-02
   9.2820000e+00   1.8040004e-02
   9.2970000e+00   1.8046139e-02
   9.3120000e+00   1.8051466e-02
   9.3270000e+00   1.8056984e-02
   9.3420000e+00   1.8062694e-02
   9.3570000e+00   1.8068595e-02
   9.3720000e+00   1.8074687e-02
   9.3870000e+00   1.8080970e-02
   9.4020000e+00   1.8088040e-02
   9.4170000e+00   1.8095957e-02
   9.4320000e+00   1.8104982e-02
   9.4470000e+00   1.8113114e-02
   9.4620000e+00   1.8121353e-02
   9.4770000e+00   1.8129698e-02
   9.4920000e+00   1.8139151e-02
   9.5070000e+00   1.8147709e-02
   9.5220000e+00   1.8156374e-02
   9.5370000e+00   1.8166146e-02
   9.5520000e+00   1.8175023e-02
   9.5670000e+00   1.8184006e-02
   9.5820000e+00   1.8193095e-02
   9.5970000e+00   1.8203289e-02
   9.6120000e+00   1.8212589e-02
   9.6270000e+00   1.8221994e-02
   9.6420000e+00   1.8231504e-02
   9.6570000e+00   1.8242119e-02
   9.6720000e+00   1.8251839e-02
   9.6870000e+00   1.8280900e-02
   9.7020000e+00   1.8325414e-02
   9.7170000e+00   1.8369973e-02
   9.7320000e+00   1.8414578e-02
   9.7470000e+00   1.8459228e-02
   9.7620000e+00   1.8503922e-02
   9.7770000e+00   1.8548660e-02
   9.7920000e+00   1.8594443e-02
   9.8070000e+00   1.8639269e-02
   9.8220000e+00   1.8684139e-02
   9.8370000e+00   1.8729051e-02
   9.8520000e+00   1.8774006e-02
   9.8670000e+00   1.8819004e-02
   9.8820000e+00   1.8864044e-02
   9.8970000e+00   1.8909126e-02
   9.9120000e+00   1.8954249e-02
   9.9270000e+00   1.8999414e-02
   9.9420000e+00   1.9044619e-02
   9.9570000e+00   1.9089865e-02
   9.9720000e+00   1.9135151e-02
   9.9870000e+00   1.9181478e-02
   1.0002000e+01   1.9184780e-02
   1.0017000e+01   1.8917685e-02
   1.0032000e+01   1.8651591e-02
   1.0047000e+01   1.8384498e-02
   1.0062000e+01   1.8117408e-02
   1.0077000e+01   1.7851318e-02
   1.0092000e+01   1.7584231e-02
   1.0107000e+01   1.7317146e-02
   1.0122000e+01   1.7051062e-02
   1.0137000e+01   1.6783981e-02
   1.0152000e+01   1.6516902e-02
   1.0167000e+01   1.6250825e-02
   1.0182000e+01   1.5983750e-02
   1.0197000e+01   1.5716678e-02
   1.0212000e+01   1.5450608e-02
   1.0227000e+01   1.5183541e-02
   1.0242000e+01   1.4916477e-02
   1.0257000e+01   1.4650416e-02
   1.0272000e+01   1.4383359e-02
   1.0287000e+01   1.4116304e-02
   1.0302000e+01   1.3850254e-02
   1.0317000e+01   1.3583207e-02
   1.0332000e+01   1.3316164e-02
   1.0347000e+01   1.3050125e-02
   1.0362000e+01   1.2783091e-02
   1.0377000e+01   1.2516062e-02
   1.0392000e+01   1.2250038e-02
   1.0407000e+01   1.2020044e-02
   1.0422000e+01   1.1901184e-02
   1.0437000e+01   1.1782424e-02
   1.0452000e+01   1.1664713e-02
   1.0467000e+01   1.1560657e-02
   1.0482000e+01   1.1456602e-02
   1.0497000e+01   1.1351549e-02
   1.0512000e+01   1.1247499e-02
   1.0527000e+01   1.1143450e-02
   1.0542000e+01   1.1038404e-02
   1.0557000e+01   1.0934359e-02
   1.0572000e+01   1.0829317e-02
   1.0587000e+01   1.0725277e-02
   1.0602000e+01   1.0621240e-02
   1.0617000e+01   1.0516204e-02
   1.0632000e+01   1.0412172e-02
   1.0647000e+01   1.0308142e-02
   1.0662000e+01   1.0204113e-02
   1.0677000e+01   1.0099088e-02
   1.0692000e+01   9.9952656e-03
   1.0707000e+01   9.8911463e-03
   1.0722000e+01   9.7869303e-03
   1.0737000e+01   9.6827175e-03
   1.0752000e+01   9.5786081e-03
   1.0767000e+01   9.4744023e-03
   1.0782000e+01   9.3703000e-03
   1.0797000e+01   9.2661015e-03
   1.0812000e+01   9.1619069e-03
   1.0827000e+01   9.0578163e-03
   1.0842000e+01   8.9536299e-03
   1.0857000e+01   8.8495477e-03
   1.0872000e+01   8.7482650e-03
   1.0887000e+01   8.6608601e-03
   1.0902000e+01   8.5734555e-03
   1.0917000e+01   8.4861509e-03
   1.0932000e+01   8.3987465e-03
   1.0947000e+01   8.3113423e-03
   1.0962000e+01   8.2240382e-03
   1.0977000e+01   8.1366343e-03
   1.0992000e+01   8.0492306e-03
   1.1007000e+01   7.9619270e-03
   1.1022000e+01   7.8745236e-03
   1.1037000e+01   7.7871205e-03
   1.1052000e+01   7.6998175e-03
   1.1067000e+01   7.6124147e-03
   1.1082000e+01   7.5250121e-03
   1.1097000e+01   7.4377098e-03
   1.1112000e+01   7.3503077e-03
   1.1127000e+01   7.2629058e-03
   1.1142000e+01   7.1756042e-03
   1.1157000e+01   7.0882028e-03
   1.1172000e+01   7.0008017e-03
   1.1187000e+01   6.9134008e-03
   1.1202000e+01   6.8261003e-03
   1.1217000e+01   6.7387000e-03
   1.1232000e+01   6.6513001e-03
   1.1247000e+01   6.5640004e-03
   1.1262000e+01   6.4766011e-03
   1.1277000e+01   6.3892021e-03
   1.1292000e+01   6.3019035e-03
   1.1307000e+01   6.2145053e-03
   1.1322000e+01   6.1271075e-03
   1.1337000e+01   6.0398100e-03
   1.1352000e+01   5.9539075e-03
   1.1367000e+01   5.8687040e-03
   1.1382000e+01   5.7834015e-03
   1.1397000e+01   5.6981002e-03
   1.1412000e+01   5.6162000e-03
   1.1427000e+01   5.5562002e-03
   1.1442000e+01   5.4963004e-03
   1.1457000e+01   5.4363007e-03
   1.1472000e+01   5.3764011e-03
   1.1487000e+01   5.3164016e-03
   1.1502000e+01   5.2565021e-03
   1.1517000e+01   5.1965028e-03
   1.1532000e+01   5.1365036e-03
   1.1547000e+01   5.0766045e-03
   1.1562000e+01   5.0166055e-03
   1.1577000e+01   4.9567066e-03
   1.1592000e+01   4.8965074e-03
   1.1607000e+01   4.8358072e-03
   1.1622000e+01   4.7752070e-03
   1.1637000e+01   4.7146069e-03
   1.1652000e+01   4.6539067e-03
   1.1667000e+01   4.5933065e-03
   1.1682000e+01   4.5326064e-03
   1.1697000e+01   4.4720062e-03
   1.1712000e+01   4.4113060e-03
   1.1727000e+01   4.3507059e-03
   1.1742000e+01   4.2901057e-03
   1.1757000e+01   4.2294055e-03
   1.1772000e+01   4.1688054e-03
   1.1787000e+01   4.1081052e-03
   1.1802000e+01   4.0475050e-03
   1.1817000e+01   3.9869049e-03
   1.1832000e+01   3.9262047e-03
   1.1847000e+01   3.8656046e-03
   1.1862000e+01   3.8049044e-03
   1.1877000e+01   3.7443042e-03
   1.1892000e+01   3.6836041e-03
   1.1907000e+01   3.6238038e-03
   1.1922000e+01   3.5684025e-03
   1.1937000e+01   3.5130015e-03
   1.1952000e+01   3.4576007e-03
   1.1967000e+01   3.4022002e-03
   1.1982000e+01   3.3468000e-03
   1.1997000e+01   3.2914001e-03
   1.2012000e+01   3.2418002e-03
   1.2027000e+01   3.1979001e-03
   1.2042000e+01   3.1540000e-03
   1.2057000e+01   3.1101000e-03
   1.2072000e+01   3.0662001e-03
   1.2087000e+01   3.0223002e-03
   1.2102000e+01   2.9784003e-03
   1.2117000e+01   2.9345005e-03
   1.2132000e+01   2.8906008e-03
   1.2147000e+01   2.8467012e-03
   1.2162000e+01   2.8028016e-03
   1.2177000e+01   2.7580026e-03
   1.2192000e+01   2.7131038e-03
   1.2207000e+01   2.6682054e-03
   1.2222000e+01   2.6232072e-03
   1.2237000e+01   2.5783094e-03
   1.2252000e+01   2.5334119e-03
   1.2267000e+01   2.4885148e-03
   1.2282000e+01   2.4436180e-03
   1.2297000e+01   2.3987216e-03
   1.2312000e+01   2.3538256e-03
   1.2327000e+01   2.3088301e-03
   1.2342000e+01   2.2639350e-03
   1.2357000e+01   2.2192403e-03
   1.2372000e+01   2.1815441e-03
   1.2387000e+01   2.1438482e-03
   1.2402000e+01   2.1060525e-03
   1.2417000e+01   2.0683570e-03
   1.2432000e+01   2.0306619e-03
   1.2447000e+01   1.9929671e-03
   1.2462000e+01   1.9618617e-03
   1.2477000e+01   1.9335523e-03
   1.2492000e+01   1.9052436e-03
   1.2507000e+01   1.8769356e-03
   1.2522000e+01   1.8485283e-03
   1.2537000e+01   1.8202217e-03
   1.2552000e+01   1.7919159e-03
   1.2567000e+01   1.7636110e-03
   1.2582000e+01   1.7352069e-03
   1.2597000e+01   1.7069037e-03
   1.2612000e+01   1.6786015e-03
   1.2627000e+01   1.6502002e-03
   1.2642000e+01   1.6219001e-03
   1.2657000e+01   1.5936010e-03
   1.2672000e+01   1.5653031e-03
   1.2687000e+01   1.5369064e-03
   1.2702000e+01   1.5086111e-03
   1.2717000e+01   1.4803171e-03
   1.2732000e+01   1.4520246e-03
   1.2747000e+01   1.4236336e-03
   1.2762000e+01   1.3953443e-03
   1.2777000e+01   1.3670567e-03
   1.2792000e+01   1.3387709e-03
   1.2807000e+01   1.3103872e-03
   1.2822000e+01   1.2821055e-03
   1.2837000e+01   1.2538261e-03
   1.2852000e+01   1.2254491e-03
   1.2867000e+01   1.1971747e-03
   1.2882000e+01   1.1689030e-03
   1.2897000e+01   1.1396394e-03
   1.2912000e+01   1.1098822e-03
   1.2927000e+01   1.0802299e-03
   1.2942000e+01   1.0505829e-03
   1.2957000e+01   1.0209418e-03
   1.2972000e+01   9.9125697e-04
   1.2987000e+01   9.6160908e-04
   1.3002000e+01   9.4147750e-04
   1.3017000e+01   9.2488119e-04
   1.3032000e+01   9.0828705e-04
   1.3047000e+01   8.9242319e-04
   1.3062000e+01   8.7730902e-04
   1.3077000e+01   8.6220585e-04
   1.3092000e+01   8.4710375e-04
   1.3107000e+01   8.3199277e-04
   1.3122000e+01   8.1689298e-04
   1.3137000e+01   8.0179445e-04
   1.3152000e+01   7.8668724e-04
   1.3167000e+01   7.7159142e-04
   1.3182000e+01   7.5649710e-04
   1.3197000e+01   7.4139437e-04
   1.3212000e+01   7.2630331e-04
   1.3227000e+01   7.1121404e-04
   1.3242000e+01   6.9611667e-04
   1.3257000e+01   6.8103132e-04
   1.3272000e+01   6.6594814e-04
   1.3287000e+01   6.5085727e-04
   1.3302000e+01   6.3577889e-04
   1.3317000e+01   6.2070316e-04
   1.3332000e+01   6.0562030e-04
   1.3347000e+01   5.9055051e-04
   1.3362000e+01   5.7548405e-04
   1.3377000e+01   5.6041117e-04
   1.3392000e+01   5.4535218e-04
   1.3407000e+01   5.3029741e-04
   1.3422000e+01   5.1536954e-04
   1.3437000e+01   5.0105061e-04
   1.3452000e+01   4.8674588e-04
   1.3467000e+01   4.7243572e-04
   1.3482000e+01   4.5813056e-04
   1.3497000e+01   4.4675025e-04
   1.3512000e+01   4.3696110e-04
   1.3527000e+01   4.2717258e-04
   1.3542000e+01   4.1738474e-04
   1.3557000e+01   4.0759763e-04
   1.3572000e+01   3.9781130e-04
   1.3587000e+01   3.8802581e-04
   1.3602000e+01   3.7824123e-04
   1.3617000e+01   3.6845763e-04
   1.3632000e+01   3.5867510e-04
   1.3647000e+01   3.4889370e-04
   1.3662000e+01   3.3911356e-04
   1.3677000e+01   3.2933478e-04
   1.3692000e+01   3.1952762e-04
   1.3707000e+01   3.0943334e-04
   1.3722000e+01   2.9935115e-04
   1.3737000e+01   2.8926128e-04
   1.3752000e+01   2.7918397e-04
   1.3767000e+01   2.6910951e-04
   1.3782000e+01   2.5902826e-04
   1.3797000e+01   2.4896057e-04
   1.3812000e+01   2.3888692e-04
   1.3827000e+01   2.2882781e-04
   1.3842000e+01   2.1877389e-04
   1.3857000e+01   2.0871593e-04
   1.3872000e+01   1.9867479e-04
   1.3887000e+01   1.8864157e-04
   1.3902000e+01   1.7860766e-04
   1.3917000e+01   1.6859463e-04
   1.3932000e+01   1.5895252e-04
   1.3947000e+01   1.5275301e-04
   1.3962000e+01   1.4655349e-04
   1.3977000e+01   1.4035417e-04
   1.3992000e+01   1.3416482e-04
   1.4007000e+01   1.2796576e-04
   1.4022000e+01   1.2176675e-04
   1.4037000e+01   1.1556802e-04
   1.4052000e+01   1.0942765e-04
   1.4067000e+01   1.0487962e-04
   1.4082000e+01   1.0032623e-04
   1.4097000e+01   9.5777568e-05
   1.4112000e+01   9.1232031e-05
   1.4127000e+01   8.6687935e-05
   1.4142000e+01   8.2146662e-05
   1.4157000e+01   7.7609724e-05
   1.4172000e+01   7.3075730e-05
   1.4187000e+01   6.8546475e-05
   1.4202000e+01   6.4022956e-05
   1.4217000e+01   5.9507476e-05
   1.4232000e+01   5.4999780e-05
   1.4247000e+01   5.0503218e-05
   1.4262000e+01   4.6021049e-05
   1.4277000e+01   4.1557933e-05
   1.4292000e+01   3.7121738e-05
   1.4307000e+01   3.2721023e-05
   1.4322000e+01   2.8373747e-05
   1.4337000e+01   2.4109845e-05
   1.4352000e+01   2.0278970e-05
   1.4367000e+01   1.9010954e-05
   1.4382000e+01   1.7742376e-05
   1.4397000e+01   1.6474351e-05
   1.4412000e+01   1.5207948e-05
   1.4427000e+01   1.3941391e-05
   1.4442000e+01   1.2675944e-05
   1.4457000e+01   1.1412917e-05
   1.4472000e+01   1.0150886e-05
   1.4487000e+01   8.8920052e-06
   1.4502000e+01   7.6374443e-06
   1.4517000e+01   6.3895420e-06
   1.4532000e+01   5.1533710e-06
   1.4547000e+01   3.9397046e-06
   1.4562000e+01   2.7784320e-06
   1.4577000e+01   2.0951930e-06
   1.4592000e+01   2.0167764e-06
   1.4607000e+01   1.9675325e-06
   1.4622000e+01   1.9495646e-06
   1.4637000e+01   1.9639055e-06
   1.4652000e+01   2.0051381e-06
   1.4667000e+01   1.8736111e-06
   1.4682000e+01   1.7422792e-06
   1.4697000e+01   1.6112174e-06
   1.4712000e+01   1.4805033e-06
   1.4727000e+01   1.3502246e-06
   1.4742000e+01   1.2205423e-06
   1.4757000e+01   1.0916424e-06
   1.4772000e+01   9.6384330e-07
   1.4787000e+01   8.3767224e-07
   1.4802000e+01   7.1395799e-07
   1.4817000e+01   5.9425894e-07
   1.4832000e+01   4.8159198e-07
   1.4847000e+01   3.8219765e-07
   1.4862000e+01   3.0915559e-07
   1.4877000e+01   2.8363391e-07
   1.4892000e+01   3.1730662e-07
   1.4907000e+01   3.9532634e-07
   1.4922000e+01   4.9723732e-07
   1.4937000e+01   6.1120647e-07
   1.4952000e+01   7.3160930e-07
   1.4967000e+01   8.5574999e-07
   1.4982000e+01   9.8220573e-07
   1.4997000e+01   1.1102268e-06
